0 0.6216223609375 0.136074334375 0.6060064875 0.133046403125 0.598550965625 0.13837280624999998 0.5978660046875001 0.14410418281249998 0.5949732578125 0.15264626718750002 0.6032779859375 0.1670645421875 0.602737396875 0.1788598578125 0.6017778765624999 0.18632915156250002 0.6028902859375 0.1932432765625 0.61173560625 0.19586623593750002 0.6218149921875 0.189281984375 0.6276118390625001 0.183290453125 0.6317500093749999 0.176633790625 0.6325708296875 0.168646878125 0.6304875515624999 0.158109409375 0.62937514375 0.1511952875 0.6216223609375 0.136074334375
0 0.651190159375 0.2712859453125 0.652285534375 0.2615611109375 0.6528289609375 0.2525389546875 0.6500493671875 0.236640225 0.64783023125 0.2283582953125 0.644226971875 0.2176733203125 0.6424267609375 0.213717415625 0.63619111875 0.195970809375 0.6247276078125 0.20015201562499998 0.6117554734375 0.215278353125 0.59932676875 0.22138253593749999 0.592977978125 0.22807674375000003 0.5855281375 0.23894946718750001 0.5894116265625 0.25344284375 0.60018733125 0.252219853125 0.6167655609375 0.25055165 0.6228483171875 0.25391483593749997 0.628520659375 0.26127147968750003 0.630465240625 0.271291328125 0.641113609375 0.28064335625000003 0.651190159375 0.2712859453125
0 0.6466728046875 0.3124408140625 0.6562002484375 0.306559240625 0.660893203125 0.3019730625 0.661439471875 0.29572406562500003 0.65728426875 0.2857417703125 0.6532734375 0.2818234109375 0.6382208640625 0.28918544218750003 0.6342270671875 0.301906040625 0.6403126578125 0.30804238906250003 0.6466728046875 0.3124408140625
0 0.58524830625 0 0.5846104000000001 0.017281765625 0.59056865 0.0339931296875 0.6054910453125 0.034432959375 0.6194397296874999 0.028476282812499996 0.6179112328125 0.0200092984375 0.6156920953125 0.01172736875 0.614166440625 0.0060335453125 0.6115368953125 0.0017450734375 0.6090135125 0 0.58524830625 0
0 0.91937554375 0.6457748828125001 0.903810215625 0.65018689375 0.8914978703124999 0.661931309375 0.8947508531249999 0.6692637125 0.9112165359375 0.663403975 0.9172219 0.6569689390625 0.9260318671875 0.6497824109375 0.91937554375 0.6457748828125001
0 0.8921857328125 0.62603530625 0.8999575921874999 0.6229876625 0.9069065296875 0.6184714515625 0.913015434375 0.6156281 0.9015683250000001 0.6097674203125 0.8913754109375001 0.616600621875 0.8921857328125 0.62603530625
0 0.8768472859375 0.5944335390625 0.88981509375 0.5979563859375 0.902455171875 0.5938456015625 0.9127471234375 0.5857793859375 0.910355778125 0.5784574046875 0.8950659578125 0.5774871 0.8855924281249999 0.58219718125 0.8773595859375 0.58512705 0.8768472859375 0.5944335390625
0 0.2837884796875 0.0797767703125 0.27539349375 0.08651433593749999 0.27394558125 0.101264340625 0.2771970953125 0.108920559375 0.2852614328125 0.11214549062500001 0.29713114687500003 0.11165789374999999 0.30731780937500003 0.10488906093749999 0.3114574125 0.09794528125 0.310105009375 0.0817015515625 0.30551063125 0.07575159218750001 0.2837884796875 0.0797767703125
0 0.25771424375 0.11234571874999999 0.25524815312500004 0.1076207421875 0.24572755625 0.10343957343750002 0.22949383281250002 0.11003345625000001 0.2225563 0.1199710078125 0.22536138593750002 0.1304397296875 0.2309644015625 0.137914678125 0.2364516390625 0.1382396328125 0.24596865625 0.13568955625 0.258731228125 0.1295769515625 0.2611901640625 0.1208394375 0.25771424375 0.11234571874999999
0 0.19167162499999998 0.1614587421875 0.184730515625 0.16466504843750002 0.1763367234375 0.1736463640625 0.17813316875000001 0.18259009375 0.1915725390625 0.18572123125 0.201648190625 0.1807774 0.2059011890625 0.1764961171875 0.205225584375 0.1694961265625 0.20320711406249997 0.16420239375 0.2004056078125 0.16046492031249998 0.19167162499999998 0.1614587421875
0 0.108058384375 0.2300906515625 0.12160995625 0.2336405375 0.1368374265625 0.23000916249999998 0.14366394843750002 0.22189660937500003 0.1418675015625 0.21295287968749999 0.1329055375 0.2063779578125 0.1228275015625 0.20683428906249998 0.1140970984375 0.214559359375 0.108058384375 0.2300906515625
0 0.07415137187500001 0.27373465937499997 0.0894922375 0.27276578281249997 0.10158278125 0.2663844359375 0.1049393453125 0.2609969109375 0.096758034375 0.248378234375 0.084102896875 0.24593459062499998 0.0697730546875 0.25291595624999996 0.06406856718750001 0.2652159984375 0.07415137187500001 0.27373465937499997
0 0.25802120156249997 0.5938017765625 0.246759778125 0.5916786265625 0.23491455 0.5904462875 0.2355828671875 0.5990797296875 0.23616862031250002 0.61507906875 0.246414925 0.6395055203125 0.257377153125 0.65125573125 0.266569496875 0.650261403125 0.27185682187500004 0.639297771875 0.2702375 0.6301847703125001 0.2674835859375 0.6199070265625 0.25802120156249997 0.5938017765625
0 0.3558798796875 0.5492212015625 0.3513377421875 0.5390625 0.320106784375 0.5390625 0.32147877812500003 0.546688921875 0.32456684999999996 0.5612833875 0.326986603125 0.567244403125 0.3320097046875 0.5798516296875 0.335347428125 0.5892385625000001 0.34247263125 0.6020169078125 0.3510316234375 0.6063329203125 0.35870566875 0.604276665625 0.367763959375 0.5981776203125 0.3695649359375 0.5910856609375 0.3676279703125 0.576182759375 0.3641231640625 0.5646374609375 0.35963433437500003 0.5555589671875001 0.3558798796875 0.5492212015625
0 0.373983828125 0.5722765828124999 0.385729975 0.5823479875 0.3958072625 0.5877259359375 0.4054163375 0.5836824359375 0.41504192343749996 0.578165759375 0.4203125 0.5732200640625 0.4203125 0.5390625 0.3566102453125 0.5390625 0.35843174375000003 0.5433967921875 0.3662748109375 0.5603890453125 0.373983828125 0.5722765828124999
0 0.3325354125 0.5922614375 0.327548590625 0.5812997625 0.3242765109375 0.575207709375 0.3199796078125 0.5652909578124999 0.3159901515625 0.55652161875 0.3111607328125 0.5492071328125 0.3011066828125 0.5453422328124999 0.2915449421875 0.5479042921875 0.283820528125 0.5512038328125 0.2813830234375 0.5604654828125 0.281117753125 0.5732443828125 0.2867743875 0.5897655984375 0.29352351250000003 0.6027146453125 0.30013533593749997 0.6075018859375 0.305619853125 0.6080819640625 0.31436909218750003 0.6086071203125 0.32472323125 0.60747245625 0.333595053125 0.60386546875 0.3343800953125 0.599145890625 0.3325354125 0.5922614375