0 0.3676012328125 0.65104101875 0.3460312546875 0.65040876875 0.32910429375 0.6607150500000001 0.32064783750000003 0.67388119375 0.314913628125 0.6940121984375 0.3157207359375 0.7034137968749999 0.32579420937500003 0.7122560484375 0.3481684828125 0.71908469375 0.3641448921875 0.718009784375 0.3769125375 0.7017648890625 0.38392632031249996 0.683214590625 0.3893455484375 0.6682975124999999 0.38118160156249997 0.6506081234375001 0.3676012328125 0.65104101875
0 0.34661346875 0.5854925046874999 0.3724946328125 0.5830460015625001 0.3839911296875 0.574836 0.3929341 0.5698749734375 0.3946608671875 0.5347879921875001 0.38666845156249996 0.5305176484375 0.3738867640625 0.5307365359375 0.3524911234375 0.5467285328125 0.34355658125 0.5613051578125 0.3418017328125 0.5643401328125 0.3440430875 0.5695102796875 0.33893884218750003 0.579213434375 0.34661346875 0.5854925046874999
0 0.372156965625 0.7447165328125 0.3718279453125 0.7339044515625 0.36447110625 0.7256166625 0.34226555625 0.7290018593750001 0.3328501203125 0.7417837656249999 0.34116593906250003 0.750455790625 0.357943834375 0.752372078125 0.372156965625 0.7447165328125
0 0.3356160515625 0.8403926234375 0.353038734375 0.8372444578125 0.36110888124999996 0.8244404812499999 0.35718385 0.8123168906249999 0.3656362703125 0.8034644203125 0.3680233234375 0.7896495125 0.366876490625 0.7777949875 0.3671209875 0.7686081125 0.3614356734375 0.7650640656250001 0.34035685937500004 0.7747660546875 0.33594284218750003 0.7810162125 0.3372185734375 0.795876646875 0.33608284374999997 0.7966877078125 0.3229630296875 0.8108447390625001 0.3153996296875 0.8255399046875 0.316542021875 0.8323281937499999 0.316922078125 0.8337465875 0.3219761796875 0.837459765625 0.3236208765625 0.8410730109375001 0.3356160515625 0.8403926234375
0 0.3330484546875 1 0.3333555140625 0.9985951953125 0.3430636984375 0.9818051078125001 0.33534919375 0.96816319375 0.321580415625 0.9622244234374999 0.3153927984375 0.9618554187499999 0.31564395156249997 0.9602678984375 0.298730225 0.9678403718749999 0.2842146546875 0.9742635140625 0.2713415515625 0.98176679375 0.26087103906250003 0.9931869765625001 0.2583786203125 1 0.3330484546875 1
0 0.30728048124999996 0.926530178125 0.3091807640625 0.9336221312499999 0.3244697703125 0.9452344671875 0.3421391640625 0.9354325421875 0.3528563921875 0.9173586031250001 0.351207259375 0.9086791249999999 0.3463998625 0.898312190625 0.34398618124999997 0.88172969375 0.346502134375 0.8709206999999999 0.3499004484375 0.8583550531249999 0.34976710781250003 0.8502829015625 0.345086396875 0.8403887640625 0.338267571875 0.8401888921875 0.328799446875 0.84272586875 0.318577865625 0.850025415625 0.3047046 0.8689450140625 0.303197690625 0.8784701531250001 0.3086340734375 0.886134840625 0.31053657343749996 0.8957599125 0.3073960703125 0.9143373875 0.30728048124999996 0.926530178125
0 0.1926558578125 0.45803827343750003 0.2043713640625 0.481110584375 0.21559715625 0.4862937265625 0.2257176546875 0.4827628375 0.22952951562499999 0.46945482656250004 0.2288757296875 0.4532478390625 0.2272375125 0.4471339296875 0.22060073125000002 0.440721165625 0.20757265 0.4311062953125 0.19757551874999998 0.43050858437499995 0.19314932812500002 0.4415238796875 0.1926558578125 0.45803827343750003
0 0.237608503125 0.400942284375 0.2303980953125 0.3946832234375 0.2203183015625 0.40066052812499997 0.2171627296875 0.407239821875 0.21454007968750002 0.411218990625 0.21552200937500002 0.42406162031249994 0.22191330781250002 0.42726372812499996 0.23092725781249998 0.4264866625 0.2410884609375 0.42540219375 0.243056075 0.4166838890625 0.237608503125 0.400942284375
0 0.20688316874999998 0.3665814734375 0.201679828125 0.365518378125 0.19119048125 0.3699672078125 0.1936058484375 0.38815950625 0.197866715625 0.39029424375 0.202455725 0.38906462343750003 0.2071273984375 0.381259984375 0.20688316874999998 0.3665814734375
0 0.13954889374999999 0.31905147968750003 0.1331329265625 0.32455520937500004 0.125350309375 0.324958521875 0.122194565625 0.3308502015625 0.12957564531250002 0.347795321875 0.135338025 0.35634350000000004 0.143771659375 0.36543743906250004 0.15655987031250002 0.3695799984375 0.1617561078125 0.3618800453125 0.1661537625 0.3476659375 0.161170353125 0.33260141249999997 0.15347260625 0.32625384999999996 0.1454170421875 0.32210470625 0.13954889374999999 0.31905147968750003
0 0.1667237640625 0.32859033125 0.1742327953125 0.32952185156249997 0.17761968749999998 0.3256707765625 0.1753493296875 0.31366386562500004 0.1714380859375 0.30377866249999996 0.1612362578125 0.30693274375 0.1535163296875 0.3111038328125 0.15776384999999998 0.32342198125 0.1667237640625 0.32859033125
0 0.1507843125 0.289128425 0.156064134375 0.28645217500000003 0.15785258124999998 0.28134736875 0.1569488734375 0.274440875 0.14769383281249998 0.2752387234375 0.1460529484375 0.27736042968749997 0.1434652796875 0.2818383703125 0.143990271875 0.28968735625 0.1507843125 0.289128425
0 0.1265999375 0.24598862187499998 0.122098440625 0.2480358109375 0.122264971875 0.26397050625 0.13517920781249998 0.26976133125 0.1423310640625 0.2670039796875 0.147632428125 0.25969636875 0.14805422031249998 0.24949114687499999 0.1420391515625 0.24353372968749998 0.13013375 0.245041740625 0.1265999375 0.24598862187499998
0 0.1151144015625 0.254953278125 0.11713464062500001 0.246001790625 0.10380054062499999 0.2327543171875 0.100414290625 0.23071809999999998 0.095618309375 0.232844196875 0.088885675 0.248945484375 0.08764376093750001 0.2572679140625 0.09414202968749999 0.2685624671875 0.10587896875 0.26878163125 0.111411484375 0.263514621875 0.1151144015625 0.254953278125
0 0.0422237140625 0.13487550312500002 0.0399305296875 0.13927453750000002 0.039992578125 0.14892960156249999 0.0407911578125 0.1554437578125 0.0469107109375 0.1676808046875 0.063086459375 0.16208499999999998 0.0623303140625 0.15219540781250002 0.062289165625 0.1437962671875 0.0591562484375 0.1332820046875 0.056296278125 0.1273201984375 0.0540455296875 0.1283437921875 0.0473775140625 0.1305509875 0.0422237140625 0.13487550312500002
0 0.071666371875 0.1799704203125 0.0691844734375 0.1789534109375 0.061822362500000005 0.1809260828125 0.062158640625 0.183359028125 0.063461959375 0.1905789546875 0.0679628125 0.1944190546875 0.07505133593749999 0.193781215625 0.0758303046875 0.187264865625 0.07336994531249999 0.1816164921875 0.071666371875 0.1799704203125
0 0.09333348281250001 0.16070846875 0.089569159375 0.1537274578125 0.0828593515625 0.1534228046875 0.0790513078125 0.16159180625 0.0820784546875 0.17760101875 0.0850220125 0.1885865296875 0.0882822390625 0.18897448125 0.0944873078125 0.1885733625 0.09709651875 0.1794640609375 0.0954987140625 0.1723230390625 0.09333348281250001 0.16070846875
0 0 0.06620034999999999 0.0028408515625 0.06626284375 0.0036975124999999998 0.06945994375 0.00616315625 0.07284894374999999 0.009438134375 0.072282928125 0.0123445890625 0.0715041453125 0.014939531249999999 0.0695627828125 0.015494364062499998 0.063495371875 0.0153747515625 0.06072380625 0.0124418375 0.05559093281250001 0.0118966890625 0.0535564140625 0.013344325 0.048495828125 0.0150255953125 0.044307178125 0.013779543750000001 0.03965685 0.013078640624999999 0.0370410421875 0.0116768328125 0.0318094234375 0.0083962625 0.027704243750000003 0.004654015625 0.0265263859375 0 0.027773425 0 0.06620034999999999
0 0.0253502515625 0.120041940625 0.031567828125 0.1165068671875 0.038288818749999995 0.11252539375 0.043265932812500005 0.1090111890625 0.0495461125 0.1091974984375 0.0519282859375 0.1076246578125 0.0542895921875 0.10481135625 0.057771746874999995 0.0992056234375 0.057221009375 0.0924999109375 0.05401831875 0.0886853765625 0.0484751859375 0.08892460156250001 0.044328271875000005 0.0897242515625 0.042096262499999995 0.0872071875 0.03775185625 0.0849446265625 0.0333142953125 0.0858221546875 0.0306414765625 0.0874728734375 0.028840592187500003 0.08888995625 0.022467259375 0.0918437375 0.020069809375 0.0968473125 0.0184094046875 0.10227642343750001 0.018259240625 0.1063663265625 0.0198376734375 0.113419696875 0.0210628578125 0.1168295640625 0.022791453125 0.11979302968750001 0.0253502515625 0.120041940625
0 0.2539908 0.49551893593749996 0.2581224375 0.498150021875 0.2635876921875 0.49762015000000004 0.26823801875000003 0.49637409843749997 0.2720164109375 0.49536168125 0.27501601875000004 0.4914428109375 0.2742525125 0.48510562031250004 0.271142975 0.478150996875 0.2681530515625 0.47396793906249995 0.26423417968749996 0.4709683296875 0.25927234062500004 0.47105179843749995 0.2564228953125 0.47088076718750005 0.252120225 0.4710991265625 0.24964489531249998 0.47581205625 0.2494168515625 0.47961131406249996 0.24897604218749997 0.4837790953125 0.2508089765625 0.4929448625 0.2539908 0.49551893593749996
0 0.91728394375 0.6463522687500001 0.9252999265625 0.6486426640625 0.9373210562500001 0.6493051000000001 0.943669846875 0.642610890625 0.9411761593750001 0.6360668781250001 0.93661054375 0.6300780390625 0.9302447218750001 0.6201332921875 0.930227690625 0.6034943359375 0.9234514546874999 0.597543046875 0.9199925734375001 0.592922009375 0.9108727015625 0.59203696875 0.8988629234375001 0.602467171875 0.8997092921875 0.6194386921875 0.90220298125 0.6259827015625 0.9056675437499999 0.63615005625 0.91037185 0.6426565156249999 0.91728394375 0.6463522687500001
0 0.924527359375 0.7037732906249999 0.9300695250000001 0.7189317921875 0.9350512234374999 0.7264734953125 0.9408622640625 0.7343477609375 0.95426751875 0.7374132421875 0.9588132625 0.7239899640624999 0.9554873953125 0.7143402296875 0.956721465625 0.70513301875 0.9603076937499999 0.699179034375 0.9754989625 0.692334628125 0.9854424921874999 0.6880059140625 0.9815590046875 0.6735125390625 0.9696708921875 0.6678214031249999 0.9608255734375 0.6651984453125 0.9470099078124999 0.6661264203124999 0.9282125421874999 0.6595126953125 0.9161942453125 0.6616234203125 0.919667325 0.6801102515624999 0.92008625 0.684436271875 0.922308221875 0.6954913609375 0.924527359375 0.7037732906249999
0 0.9686606796874999 0.7607410234375 0.9708627812499999 0.7523839953125 0.9610437515625 0.7433645328125 0.9443268249999999 0.7445151125 0.9428125234375001 0.7499139265625 0.9442051609375 0.76063645 0.947802740625 0.76577510625 0.954160046875 0.767400375 0.9653518421875 0.7677302453125 0.9686606796874999 0.7607410234375
0 0.8303592203125 0.1656883171875 0.8116711421874999 0.16536673125 0.8036224390625 0.1799578046875 0.8088682765625 0.20697374375000002 0.8172409375 0.2109475109375 0.82897181875 0.20513970937499998 0.8356419828125 0.18292445156249998 0.8303592203125 0.1656883171875
0 0.8328858890624999 0.2866910828125 0.82170986875 0.26481682812499996 0.81324465 0.2555388203125 0.7996911421874999 0.2520650828125 0.7893294453124999 0.25306514375 0.7785792953125 0.26749189375000004 0.7921052343749999 0.293177359375 0.8161129984375 0.3009552765625 0.82585484375 0.30012130312499996 0.8328858890624999 0.2866910828125