0 0.2588169734375 0.9123866843749999 0.267795934375 0.9236208703125 0.268968315625 0.925183403125 0.2748023359375 0.93076036875 0.2862006203125 0.9356920078125001 0.308383109375 0.9425383203125 0.3192418734375 0.93502538125 0.314971221875 0.916142315625 0.3034335125 0.9000321734375 0.28641519375 0.8912744578125 0.27485869687500003 0.8890633296875 0.2709226765625 0.8970086671875 0.2588169734375 0.9123866843749999
0 0.2719635546875 0.9958642890625 0.28924252968749997 0.9947095796875001 0.2958118578125 0.9822125859374999 0.28112920468749997 0.9604452234374999 0.2682142234375 0.9571563734374999 0.251921525 0.9603584250000001 0.24609660625 0.9709161734375 0.2450915390625 0.9827678421874999 0.2632822375 0.9930880921874999 0.2719635546875 0.9958642890625
0 0.29821688125 0.796308071875 0.294383575 0.8062941796875001 0.29285675312500004 0.8202210187500001 0.28840491562500004 0.8238589859375001 0.2841142125 0.839016384375 0.28248647031249996 0.8551959984374999 0.2911003890625 0.8745431796875 0.29939854062500004 0.8807838953125 0.3067216875 0.8835949875000001 0.31706426875 0.8845097796875001 0.32300222343749996 0.882969953125 0.33620310625 0.8704690140625001 0.3372253203125 0.867806053125 0.33860401093750003 0.8622245749999999 0.34242431406249996 0.832373675 0.3407835671875 0.8286884984375 0.3464529609375 0.807949621875 0.3497751609375 0.7992949953124999 0.354119575 0.7879774078125 0.3563186390625 0.7842385171874999 0.36036029062499997 0.77967925625 0.364449153125 0.76902740625 0.36413988750000004 0.7658533390625 0.362801903125 0.755409834375 0.36377040625 0.7489070625 0.36709260625 0.740252434375 0.3751287015625 0.737226496875 0.37557959375 0.722122809375 0.373730503125 0.7130107875 0.3763869640625 0.70410060625 0.3818610171875 0.6977996765625 0.3850822953125 0.691397825 0.3896822640625 0.6794144953125001 0.3940803921875 0.6719367171874999 0.40549239843749996 0.6640959625 0.40968218125 0.6511913390624999 0.40336824531250004 0.62585249375 0.4041349078125 0.623855271875 0.4099654359375 0.6146358265625 0.41461911718750005 0.6064923062500001 0.41610246562500003 0.6 0.3585404171875 0.6 0.35651085781249997 0.608629465625 0.3575932859375 0.619738709375 0.356826625 0.62173593125 0.35115723125 0.6424748078125 0.34486930625 0.6568655453125001 0.3400137828125 0.6695146140625 0.3364360296875 0.67883498125 0.332091615625 0.6901525687500001 0.32749164531249997 0.7021358984375 0.32243428125 0.71929051875 0.3187686125 0.7507284515625 0.3155001234375 0.7632228875 0.3111557078125 0.774540478125 0.29821688125 0.796308071875
0 0.5179487875000001 0.263872553125 0.4628039015625 0.2654759015625 0.44166635468750004 0.28076598124999996 0.43393661562499997 0.30942587499999996 0.43497324531250003 0.340818321875 0.45883326718750006 0.36389323125 0.49030467031249997 0.3785041375 0.5092147671875 0.3775400078125 0.5377377359375 0.37710320625 0.559375 0.37396640468750003 0.559375 0.301245471875 0.5470923 0.28454781875 0.5179487875000001 0.263872553125
0 0.230398284375 0.0952984640625 0.25933016875 0.11652503437499999 0.29197089374999996 0.11956651562500001 0.284273409375 0.09700295 0.27984359062499997 0.0858143828125 0.250481284375 0.0770734140625 0.23399951406250002 0.08023477500000001 0.230398284375 0.0952984640625
0 0.2217252796875 0.2798339578125 0.23978528593749998 0.2867665453125 0.2533114546875 0.27994046875 0.2494089109375 0.27021938749999996 0.2367399984375 0.257765753125 0.21888445 0.2616648515625 0.21128023749999997 0.2587458671875 0.2108498171875 0.2712314703125 0.2217252796875 0.2798339578125
0 0.185544340625 0.3627242046875 0.20983836562499997 0.36762201875 0.229071278125 0.3572936875 0.22612284374999997 0.3422459828125 0.2104911640625 0.337510625 0.1905265171875 0.3355397890625 0.17234815625 0.3488030875 0.185544340625 0.3627242046875
0 0.3080690171875 0.39014824375 0.284212578125 0.3613818375 0.25875998437500003 0.3509789609375 0.251360228125 0.3588916609375 0.2602162828125 0.3869602890625 0.27942769218749997 0.41078093125 0.3064656921875 0.4198947640625 0.31206841406249997 0.4138224109375 0.3080690171875 0.39014824375
0 0.22342555000000003 0.4316639859375 0.247730328125 0.4194873140625 0.23538064687500002 0.4033609734375 0.20601475625000001 0.40031150000000004 0.19554104375 0.424755375 0.22342555000000003 0.4316639859375
0 0.14808289218749998 0.465996771875 0.1580185796875 0.457159903125 0.1482012484375 0.445800884375 0.1339433484375 0.44032779062499994 0.1169307203125 0.4477131640625 0.1218878140625 0.4603692125 0.14808289218749998 0.465996771875
0 0.25698813125000003 0.4806023046875 0.2496888140625 0.49677659687500003 0.27133571875 0.5114114765625 0.28274920625 0.5044069625 0.2881438859375 0.4931944203125 0.27124603125 0.4860754 0.25698813125000003 0.4806023046875
0 0.18577397812500002 0.5013388859375 0.1556691859375 0.4973732359375 0.1443561375 0.5126393390625 0.16705400625 0.5359006843749999 0.2005376515625 0.5424284390625 0.2100429171875 0.54607716875 0.232113075 0.5596094375 0.2655931375 0.5718286890625001 0.28566538750000003 0.5706781265624999 0.2940156671875 0.563130296875 0.27754823281249996 0.5435256765625 0.2584336765625 0.5336581203125 0.23667916875 0.522144640625 0.2104876734375 0.510825584375 0.18577397812500002 0.5013388859375
0 0.35379290625 0 0.347785596875 0.0067364046875 0.349396053125 0.0172059265625 0.347173778125 0.032771753125000004 0.34868926718750004 0.0422666 0.3536945953125 0.051224628125000005 0.3624706765625 0.056469890625 0.371535653125 0.0707391578125 0.376544975 0.085797159375 0.3884060265625 0.09644863125 0.40171259687500005 0.1057785421875 0.40473558593750003 0.11256828906250001 0.40920809062499997 0.1241364484375 0.42342735937500003 0.1347549328125 0.4367299359375 0.1379848703125 0.45552969374999996 0.133004540625 0.45706618906249996 0.12655768437499998 0.46223349843749995 0.0947652515625 0.46146976406249995 0.08086786875 0.46322119375000004 0.06652863437499999 0.46544746249999996 0.057062779687499995 0.4796257546875 0.053123103125 0.497669765625 0.046445334375 0.5080033453125 0.0293020390625 0.51194805625 0.0031387359375 0.5103909343749999 0 0.41523499062499997 0 0.41658673281249997 0.012036700000000001 0.412163190625 0.02722665 0.40282529218749996 0.0283332734375 0.39354538125 0.021956384375 0.3846083578125 0.0110200109375 0.37270841718750003 0 0.35379290625 0
0 0.299694925 0.2865635796875 0.31111943124999997 0.2950459421875 0.31778003125 0.2972612984375 0.32702556875 0.2980790578125 0.336292209375 0.2961736453125 0.3375726765625 0.2946167171875 0.3366079671875 0.28912526875 0.33429076874999997 0.28004196718749996 0.3433500640625 0.27600850781249997 0.352959375 0.2732104109375 0.3673056796875 0.2705236265625 0.3718084109375 0.2623512078125 0.374435553125 0.2555072703125 0.37930205781250004 0.24371899218749998 0.3787913375 0.23259786093749998 0.3777364109375 0.2291202328125 0.377411934375 0.22285031875 0.379098375 0.212231190625 0.38579826875 0.204560771875 0.3853086484375 0.1907164703125 0.37903582812500003 0.1866015171875 0.3761955265625 0.182438546875 0.37703729375 0.17490926874999999 0.377948175 0.1680893359375 0.3845731421875 0.150830709375 0.38566155 0.135543703125 0.3760406125 0.1205840796875 0.3659656875 0.1112541359375 0.3518209171875 0.1071901015625 0.3398100046875 0.11179758437500001 0.3358121796875 0.1222122734375 0.3335095140625 0.1353261265625 0.33187108906249996 0.149377775 0.3292919640625 0.1596542328125 0.3218405171875 0.17284010625 0.312441459375 0.18220568125 0.3012061046875 0.18301396718750002 0.292552784375 0.1779852234375 0.285705940625 0.1709186515625 0.281281796875 0.159319525 0.2791959515625 0.1540805296875 0.269995521875 0.152255859375 0.25910574375 0.1566108859375 0.25558882031249996 0.1675515859375 0.260310525 0.179264934375 0.2679089203125 0.18081605 0.2699707578125 0.1843387859375 0.2640493265625 0.1926494359375 0.2600274953125 0.2013478640625 0.26694345625000004 0.2091237875 0.2761016859375 0.2163947984375 0.2894497984375 0.2269812 0.29348325625 0.23604049531250001 0.30060365624999996 0.24150503125 0.3077749765625 0.2548415171875 0.3002937125 0.2574322703125 0.2849164890625 0.25835768593749997 0.281099096875 0.26474472968749996 0.292093621875 0.28057303437500003 0.299694925 0.2865635796875
0 0.25910052499999997 0.5877888328124999 0.256398340625 0.5846126015625 0.248439159375 0.5812008640624999 0.2430378234375 0.5794839796875 0.2332614859375 0.574305221875 0.22288879375 0.5706800125 0.20788052812500002 0.5670578374999999 0.1973665328125 0.5665868265625 0.18709715 0.57476555 0.1803207765625 0.5896325140625 0.1773640890625 0.5991923453125 0.1771795578125 0.6 0.2572455828125 0.6 0.25910052499999997 0.5877888328124999
0 0.5303986921875 0.4813031234375 0.5393701671875 0.4677635015625 0.5466305921875 0.448849446875 0.54952994375 0.4339224828125 0.540575578125 0.42529583593750003 0.524950925 0.41929809375 0.51321785625 0.4166812390625 0.5010112796875 0.4152979125 0.49003823124999996 0.414388090625 0.47994986093750003 0.4124025765625 0.4596273375 0.42724608750000004 0.45612580312500006 0.44005484531250005 0.4682780796875 0.45509844218750006 0.45794038593749997 0.45867837187499994 0.4478932234375 0.4713333125 0.437725415625 0.4929054265625 0.4255851875 0.49626518906249995 0.4145910125 0.5113871796875 0.42323372187499997 0.5269706281250001 0.424599940625 0.5369303203125 0.418760034375 0.552143796875 0.40428545 0.564042734375 0.3899395421875 0.579293403125 0.3839749734375 0.597289603125 0.3850949890625 0.6 0.4460659359375 0.6 0.44680636875 0.598291959375 0.4505280703125 0.5836806625000001 0.4646538109375 0.5702325296875 0.47790290312500006 0.57012899375 0.4991844875 0.57122179375 0.5095845109375 0.5662505015625 0.5110593265625 0.548889659375 0.5031514953125 0.5449106015625 0.49119424375 0.53796183125 0.4928017546875 0.5300871734375 0.5034802593750001 0.5157875328125 0.500847340625 0.5029827906250001 0.5151600734375 0.48536057499999996 0.5303986921875 0.4813031234375
0 0.7868315453125 1 0.7892969625 0.9995174578125001 0.8120065484375001 0.987983475 0.8399816671875 0.974979125 0.8508184140624999 0.9630775265624999 0.8591332062499999 0.952302809375 0.8548982703125001 0.9402023203125 0.8442176187499999 0.9340074312500001 0.8289723375 0.9274569937500001 0.81337335 0.9354355703125 0.7947731328125001 0.94715034375 0.7883634390625 0.948879834375 0.77374701875 0.9488557015625 0.7614069109375 0.9497053640625 0.742669115625 0.9508924796875 0.7225295140625 0.9557314296874999 0.703042784375 0.9643126109375 0.6950992031250001 0.9850063468749999 0.7017508343750001 1 0.7868315453125 1
0 1 0.2948209140625 0.999182015625 0.28797579687499997 0.9928508265625 0.2846993140625 0.9867277078125 0.289118209375 0.9874119359375 0.305458046875 0.9870387984375 0.31631499375 0.9847139890625 0.32896126406250004 0.9845789328125001 0.34414044062500004 0.9943953203125 0.359754946875 1 0.35557875 1 0.2948209140625