0 0.0816598375 0.19056169375 0.056252076562499996 0.1954637703125 0.0481754734375 0.204826028125 0.04877999375 0.21552771874999999 0.060521784375 0.22286009999999998 0.0762811484375 0.2266988921875 0.08260976875 0.22680935937500002 0.0906034578125 0.222197271875 0.10343689062500001 0.21232409375 0.1067670296875 0.20287898750000002 0.097398471875 0.19558803281249998 0.0816598375 0.19056169375
0 0.1241533953125 0.2495107375 0.1321574484375 0.24430487968749998 0.1291900625 0.2329679921875 0.12373543281249999 0.2281211640625 0.1206333109375 0.22450330312500003 0.10801752656250001 0.22190728437499999 0.10317778281250001 0.22716837499999998 0.1014401640625 0.236047328125 0.099681815625 0.2461138234375 0.1075200390625 0.25040830625 0.1241533953125 0.2495107375
0 0.165652178125 0.229446775 0.16810832343749998 0.22473803124999997 0.166723090625 0.213428759375 0.148569765625 0.2107360828125 0.1453432703125 0.2142434765625 0.14526035625 0.2189936453125 0.1514749671875 0.22563559687499998 0.165652178125 0.229446775
0 0.22990078125000002 0.17782195625 0.22637873593750002 0.1701375 0.22813622812499998 0.16254519843749998 0.223342621875 0.1578877375 0.2050194265625 0.160312178125 0.1952140640625 0.1634951359375 0.1841477828125 0.1690954359375 0.176640790625 0.180246409375 0.182610184375 0.1873637484375 0.19506150312499998 0.195508984375 0.21091606875000002 0.19487096875 0.219139521875 0.18922104687500002 0.22534835000000003 0.18262119999999998 0.22990078125000002 0.17782195625
0 0.2132410390625 0.20131485468750002 0.21027583437500003 0.20827623750000002 0.21304417031249998 0.212593428125 0.2252117515625 0.21372057187500001 0.23579210156250002 0.2126855734375 0.23557220937499998 0.202009565625 0.2336906015625 0.1934389859375 0.22067886250000002 0.19412662187500002 0.2132410390625 0.20131485468750002
0 0.255567765625 0.19687004531250002 0.2566850265625 0.20268301093750002 0.26109911874999997 0.2058092515625 0.2679871625 0.2068442390625 0.26977125625 0.19772780625 0.2681840296875 0.1955656671875 0.26459281562500003 0.1918439515625 0.256903178125 0.1901851328125 0.255567765625 0.19687004531250002
0 0.30370252343750004 0.1855134734375 0.3029754203125 0.1806220765625 0.2876121046875 0.1763899578125 0.2784859609375 0.1872077515625 0.279165178125 0.194842584375 0.28472845156250004 0.20195283437499997 0.294422078125 0.205171228125 0.3018066921875 0.20103125937500002 0.3036386734375 0.1891713875 0.30370252343750004 0.1855134734375
0 0.2982509859375 0.1720018734375 0.3062988546875 0.1764112171875 0.32270851875 0.16724515625 0.325599234375 0.16455134062500001 0.32487745 0.159355115625 0.3112556640625 0.1484451765625 0.3035979484375 0.1449574 0.29094976250000004 0.1480907359375 0.28750395 0.1593125953125 0.29104195625 0.166082575 0.2982509859375 0.1720018734375
0 0.433768546875 0.13503276875 0.43017201250000003 0.1316158796875 0.42087386562500007 0.12901422812500002 0.41439193750000003 0.1279863265625 0.40094215625 0.1304958328125 0.40186254843749997 0.14758737187499998 0.41157745625000003 0.14958645937499998 0.4196625703125 0.151862021875 0.43063307812499996 0.15174859375 0.4371522484375 0.150642709375 0.436788696875 0.14819701093749998 0.43650495781250004 0.1411789171875 0.433768546875 0.13503276875
0 0.38230503437499996 0.1509050234375 0.3839667515625 0.1487995953125 0.38409977031250003 0.1411789390625 0.3816683828125 0.140831578125 0.3743689 0.140094328125 0.3694369546875 0.1433623515625 0.3680962234375 0.1503520890625 0.37414542812499996 0.15289703125 0.3802531609375 0.152088884375 0.38230503437499996 0.1509050234375
0 0.394848546875 0.1770421 0.4025967125 0.1753478296875 0.4047390375 0.168981921875 0.397936128125 0.1630697125 0.381712690625 0.1615668546875 0.37034138437499997 0.16136836875 0.36906982187500004 0.1643953640625 0.367745053125 0.1704706234375 0.37578228125 0.175489621875 0.3830870859375 0.1759220453125 0.394848546875 0.1770421
0 0.452678440625 0.1229016390625 0.4543627734375 0.1298527546875 0.4563374546875 0.137410828125 0.45834364687500007 0.143163784375 0.456433503125 0.1491493265625 0.4572887984375 0.15187275312499998 0.459342253125 0.1549180375 0.46377101718749997 0.1598104484375 0.4703687671875 0.16112938906250002 0.4749183140625 0.15910219375 0.47621624999999995 0.15370785468749998 0.47659062187499995 0.14950117031250001 0.479625403125 0.148049421875 0.482997796875 0.1444969578125 0.48337742031250003 0.13998942187500002 0.4825273765625 0.1369651421875 0.48166158125 0.13484342031250002 0.48057895312500004 0.12790280781250002 0.47643003437500003 0.1242190578125 0.47166890781250004 0.121126509375 0.46777883124999997 0.1198548328125 0.460563621875 0.119427946875 0.45694814062500005 0.1196657828125 0.45362300937500005 0.1205105734375 0.452678440625 0.1229016390625
0 0.028724909375000003 0.23918955468749997 0.0250569140625 0.2424359140625 0.02405983125 0.24783550625 0.023975809375 0.2526491453125 0.023907540625 0.256560228125 0.026847796875000003 0.26052382500000004 0.033149946875 0.2615366625 0.0406922640625 0.2604645359375 0.0455374125 0.25874344531250004 0.049501009375 0.2558031859375 0.050788442187500005 0.251010553125 0.0517382625 0.24831863437499999 0.0527143375 0.244122453125 0.048866271875 0.24044395624999998 0.0452770484375 0.239177528125 0.0413922234375 0.2376049984375 0.0320762984375 0.2368405 0.028724909375000003 0.23918955468749997
0 0.083205728125 0.8531508609375 0.0856167828125 0.847712834375 0.0787900328125 0.8407435328125 0.0685423828125 0.843989728125 0.0665705078125 0.8508054484375001 0.0687664015625 0.8576939187500001 0.078550965625 0.854439640625 0.083205728125 0.8531508609375
0 0 0.8921711968749999 0.009748228125 0.8950245390625 0.0175728703125 0.897901175 0.0319404765625 0.8974669484375 0.0486474203125 0.8957035265625001 0.053908709374999995 0.8862051671875 0.053636874999999994 0.8752401984375 0.045420868749999996 0.8682466468750001 0.03291755625 0.8680284 0.024961428124999997 0.8726846234375 0.016601979687499997 0.8739087375000001 0.008813196875 0.8689776859375 0.004717146875 0.8647961046875 0 0.8656208578125 0 0.8921711968749999
0 0.0959808734375 0.864334075 0.0847592375 0.8703033296875 0.0763041625 0.8770058859375001 0.081182946875 0.889421296875 0.09254492656249999 0.9019498734375 0.1008326546875 0.9048345921875001 0.11319252500000002 0.9132705031249999 0.126466615625 0.9224073859375 0.1388056734375 0.9054974140625 0.1492445765625 0.8912943296875 0.1590291421875 0.8880400500000001 0.1637556234375 0.882642440625 0.1677471890625 0.8662717750000001 0.17311605624999998 0.8506101656249999 0.166325165625 0.84158645 0.14546240625 0.8425923171875 0.1355941703125 0.8506402359375 0.12111898125000001 0.8572377109374999 0.1053143046875 0.8603869078124999 0.0959808734375 0.864334075
0 0.341684984375 0.9062986296875 0.3560645453125 0.9051795984375 0.36166938593750003 0.902537375 0.3642119265625 0.8895664875 0.3639759546875 0.8765471015624999 0.3562588921875 0.8675072187499999 0.340026990625 0.8685939171875001 0.33203499999999997 0.8753045578125 0.32898156093750003 0.8910065812499999 0.33111768750000004 0.9013190796874999 0.341684984375 0.9062986296875