0 0.353625496875 0.43593315468749994 0.351576290625 0.45700710625 0.3750465796875 0.464292528125 0.3954086421875 0.46013361562500005 0.42240645312499997 0.44954610937500006 0.4454219265625 0.44170465625000005 0.45367649062500004 0.42963058125 0.4551310421875 0.4203125 0.3714461375 0.4203125 0.369552628125 0.42217118124999997 0.353625496875 0.43593315468749994
0 0.29130950625 0.7037217984375 0.2875529515625 0.6986939390625 0.2903303078125 0.6940841328125 0.290638175 0.687934490625 0.2810664734375 0.6806200421875 0.26174344843749997 0.6922974078124999 0.24227325624999999 0.704488 0.22796494374999998 0.71260449375 0.20997306249999997 0.7279961078125 0.214856153125 0.7443927687499999 0.23286801562499998 0.7540009828125 0.235385365625 0.764720459375 0.24852967812500001 0.7773763203125 0.26166733125 0.78169890625 0.271850584375 0.782397209375 0.2894142890625 0.7852118234375001 0.2972384609375 0.7885662171875001 0.30786986875 0.7960581203125 0.3204188609375 0.8024336062499999 0.3329656359375 0.8060313359375 0.35244248749999996 0.8021740203125001 0.35656532812499997 0.790581465625 0.364378396875 0.780047065625 0.3751392078125 0.7648036734375 0.3708447765625 0.746354109375 0.34996933124999996 0.7159677546875 0.3325528 0.6976660765625 0.3214331640625 0.6980123953125 0.3177178359375 0.70734358125 0.31359693593750004 0.7101126171875001 0.3025606328125 0.7094431765625 0.2991841859375 0.70889085625 0.297565175 0.7080107515625 0.294024834375 0.7065797140625001 0.29130950625 0.7037217984375
0 0.37803650625 0.512360946875 0.33894451875 0.531699840625 0.31844639375 0.5502607687500001 0.3073979140625 0.5748638859375 0.28278360625 0.6133506468750001 0.26052838125 0.649181315625 0.2620222375 0.6718266484375001 0.297597803125 0.684249475 0.335238125 0.6950426640625 0.3656429359375 0.7004285546875 0.3808431203125 0.70034374375 0.4009130703125 0.699989040625 0.40488430624999994 0.6833541953125 0.42849288124999996 0.6790153578125 0.448986565625 0.6548989109375001 0.4622491828125 0.6309306859375 0.46267513750000006 0.6099467 0.45823132031249997 0.5892326031249999 0.45525471562500003 0.5578307359375 0.44091531875 0.527058609375 0.41049496718749995 0.50222840625 0.37803650625 0.512360946875
0 0.45640095 0.5148363125000001 0.4683546234375 0.514931425 0.470118384375 0.5059949609375 0.458307434375 0.49983110625 0.44621547968749997 0.5113602515625 0.45640095 0.5148363125000001
0 0.4944761046875 0.5157565484375 0.47795365624999997 0.5232381484374999 0.4822436453125 0.53613219375 0.4964136734375 0.5396399609375 0.5028978171875 0.5281690734375 0.4944761046875 0.5157565484375
0 0.4978142765625 0.44561943125000003 0.4868818765625 0.43082070625 0.4676993546875 0.43365157343750005 0.463580953125 0.45079964375000003 0.4787878 0.45904810781250005 0.4913301328125 0.45709031875 0.4978142765625 0.44561943125000003
0 0.48396299843749996 0.47164055937500005 0.4705376765625 0.47667770000000004 0.47276069375 0.48842362812499995 0.48545241250000004 0.48873037343750003 0.491343453125 0.47375687031249997 0.48396299843749996 0.47164055937500005
0 0.3830267953125 0.4782447296875 0.37549695625 0.47386388437500004 0.3468781078125 0.4873191140625 0.361795065625 0.50214954375 0.3724198125 0.5013081703125 0.38392088750000003 0.48905416874999996 0.3830267953125 0.4782447296875
0 0.43773279374999996 0.06428427656249999 0.4480058734375 0.0734183015625 0.46148378125 0.0777987203125 0.4765702328125 0.073357978125 0.4826010546875 0.0683833328125 0.4820667921875 0.0574006703125 0.4717937109375 0.0482666453125 0.4468751734375 0.045246881249999996 0.438260534375 0.0463864953125 0.4319564390625 0.052314159375 0.43773279374999996 0.06428427656249999
0 0.3507796578125 0.136300371875 0.35693483125 0.143737915625 0.3718723703125 0.15266238906250001 0.3805180921875 0.15462581875 0.3967287328125 0.1494760578125 0.40031237343750004 0.140189871875 0.397666384375 0.1301487484375 0.37418866875 0.1156812890625 0.3479037640625 0.11742661406249999 0.3433014859375 0.12384226406250001 0.3507796578125 0.136300371875
0 0.4070214015625 0.18036082343749998 0.40558531249999996 0.19075025625 0.40965314218750004 0.1980888140625 0.42065069062499993 0.20278534218750002 0.4272712046875 0.2039122296875 0.43420092343750005 0.201270196875 0.43961035 0.1904770703125 0.437277521875 0.17977843437500002 0.4393165828125 0.178048578125 0.45418783281249997 0.179998290625 0.46712480312500004 0.1806218453125 0.47945365781250004 0.1779849578125 0.4886320046875 0.167501034375 0.490576571875 0.1580289234375 0.48691758281249997 0.1492645640625 0.4736816984375 0.1416116546875 0.460445815625 0.133958746875 0.43905368906250003 0.13322526562499998 0.43487593125 0.134341859375 0.42702374687500005 0.14289150625 0.4203826515625 0.16336116875 0.42078634531250003 0.16733450625 0.411812421875 0.17710553125 0.4070214015625 0.18036082343749998
0 0.799708228125 0.434233928125 0.7820229859375 0.436921003125 0.7793028750000001 0.443302478125 0.7866442250000001 0.45495617499999996 0.799363625 0.4633777046875 0.8090768390624999 0.46675970937500005 0.8231553843749999 0.46423200781249996 0.830146675 0.45847848906250005 0.8300187203125 0.446506046875 0.8258736750000001 0.44233353593749997 0.8207478937499999 0.4384765921875 0.799708228125 0.434233928125
0 0.6354563515625 0.535138771875 0.6172647484375 0.5364870749999999 0.6135958921875 0.546177225 0.6174566796875001 0.5544457390625 0.6255566578125 0.5603490953125 0.6426733796875 0.565854021875 0.6487479109375001 0.5664022921874999 0.6559293125 0.5630904375 0.6589336796875 0.5526129625 0.6582372046875 0.5488325265625 0.65776283125 0.550486865625 0.6354563515625 0.535138771875
0 0.697565 0 0.6951995984375 0.0034559921875000005 0.6963369671875 0.017888974999999998 0.7136679296875 0.029206629687500003 0.7260671453125 0.017244515625 0.7265298140625001 0 0.697565 0
0 0.7744975671875001 0 0.7722429281250001 0.001566171875 0.773388321875 0.025170906250000003 0.7770769859375 0.041746145312499996 0.786867803125 0.048080328125 0.796943196875 0.036862553125 0.8035979875000001 0.0154944859375 0.7983085125 0.011861725 0.784664340625 0 0.7744975671875001 0
0 0.8522182046875001 0 0.847677425 0.003447078125 0.8294360953125001 0.02290344375 0.8245444624999999 0.04548243125 0.8076439093750001 0.0547431234375 0.7955533406249999 0.076668534375 0.8022322015625001 0.0828157203125 0.81753194375 0.0864975078125 0.8311010921875001 0.083334975 0.8420132328125 0.0857586390625 0.8573209984375 0.098612178125 0.8686474984375 0.1032706859375 0.88520684375 0.0896800984375 0.8844758125000001 0.0683102078125 0.8805516499999999 0.0396766203125 0.8827456874999999 0.0191454796875 0.8822421296874999 0.000662184375 0.881343078125 0 0.8522182046875001 0
0 0.86103373125 0.1427026734375 0.8726363171875 0.1629578765625 0.887602871875 0.17148152187500001 0.903495840625 0.16757465 0.9166020171874999 0.149467171875 0.9192104171875 0.1311708734375 0.9115890953125 0.11911070312500001 0.8884566046875 0.11882564843750001 0.87682948125 0.11337559687500001 0.8607821875000001 0.11230082187499998 0.86103373125 0.1427026734375
0 0.777685315625 0.1371418 0.7766857515625001 0.1516673703125 0.78169065 0.1728520890625 0.7890519312500001 0.1876590640625 0.8038396234375 0.2060062140625 0.8132241 0.21927730625000003 0.82977495 0.238835375 0.83997210625 0.23823265 0.8500880859375 0.23055322656250002 0.8675006937499999 0.206627171875 0.8631782171875001 0.1941022453125 0.860813809375 0.191308234375 0.857677784375 0.163605984375 0.8536639546875 0.161044353125 0.839680446875 0.1619720421875 0.825128253125 0.15568324218750001 0.8229021218750001 0.1395273765625 0.8241942874999999 0.11662159999999999 0.8100158671875001 0.10902929218749999 0.7992580515625 0.1115872765625 0.7868182499999999 0.1200110421875 0.777685315625 0.1371418
0 1 0.088536865625 0.9988951796875 0.0630309453125 0.9937765453124999 0.0404029296875 0.980727471875 0.038071853125 0.973243959375 0.054970234375 0.9686609734375 0.08751251875 0.97583536875 0.10297124843750001 0.9836029890625 0.11084131562499999 1 0.0968959828125 1 0.088536865625