0 0.478596075 0.5509856625 0.4509678703125 0.5501080968750001 0.428311284375 0.553292271875 0.4112823953125 0.565206440625 0.40977862812500004 0.58581975 0.42295852656250005 0.5934883531249999 0.4299004671875 0.5959130546875 0.44791243124999996 0.5988221640625 0.4710376453125 0.5989724546875 0.4973995171875 0.5986678624999999 0.53356508125 0.5976655156249999 0.5503127890624999 0.583750665625 0.53844713125 0.569776765625 0.5189355499999999 0.5561973671875 0.49937606875 0.5501054203125 0.478596075 0.5509856625
0 0.5351647515625 0.9143512406250001 0.5132621296875 0.8915869624999999 0.48938710937499996 0.8861015265625 0.46302316093749996 0.902047915625 0.46015933125 0.920812171875 0.479106478125 0.9460320109374999 0.500215546875 0.9396649968749999 0.5299557015625 0.9320849625 0.5351647515625 0.9143512406250001
0 0.5417163859375 1 0.5433626390625 0.9961670984375001 0.5365185796875 0.9631256921875 0.5138640734375 0.9506680671875 0.48454672499999996 0.9534282218750001 0.47061286406249997 0.9717080687499999 0.48194616406249996 1 0.5417163859375 1
0 0 0.15341444531249998 0.0015090124999999999 0.1539470671875 0.012221321875 0.1541924640625 0.017800864062499998 0.149906484375 0.0199009546875 0.1408567703125 0.0258707296875 0.135348671875 0.0281197421875 0.12335984062500001 0.0202999375 0.11570427812499999 0.011252890625000001 0.119310309375 0.0033526468750000003 0.1110824109375 0 0.1109758890625 0 0.15341444531249998
0 0.039654759375 0.18944066875 0.0396428125 0.185356884375 0.0387699625 0.18314500625000002 0.033798065625 0.17975829375000002 0.026943493750000002 0.1789707296875 0.0185279890625 0.18307163906249999 0.020354125 0.1880677328125 0.0326632109375 0.1956760046875 0.033294753125 0.1961708875 0.039654759375 0.18944066875
0 0.06423859062500001 0.0044743234375 0.0519653484375 0.0091174046875 0.0440205140625 0.012568528125 0.034112565625 0.0180464625 0.0270405796875 0.0237094671875 0.019268565625 0.0323890421875 0.0172369640625 0.0379273046875 0.0157564671875 0.0433881125 0.013483559375 0.047209375 0.015196614062499999 0.067395940625 0.0223848796875 0.0745566234375 0.0318580015625 0.081979828125 0.040538709374999995 0.0877634828125 0.0547065765625 0.0846050453125 0.060998096875 0.08138628125 0.06406341875 0.07920456249999999 0.07191586875 0.0710973203125 0.0769889 0.0552097734375 0.0781595984375 0.051543417187499996 0.075701921875 0.04605244375 0.0751954078125 0.034450878125 0.07534433125 0.031511759375 0.07860317343749999 0.0147119046875 0.075662878125 0.0057869328125 0.06423859062500001 0.0044743234375
0 0.0934203609375 0 0.1001082296875 0.0157750296875 0.1046094546875 0.0198115234375 0.10379634374999999 0.038018567187500005 0.10145494687500001 0.0453512828125 0.09865482812500001 0.0574175640625 0.093489415625 0.0686489953125 0.0855565265625 0.076183903125 0.0744778796875 0.0853281953125 0.0638818484375 0.0979064859375 0.0707483703125 0.1027778359375 0.0818628625 0.1058848984375 0.09401107343750001 0.11234850468749999 0.10804196562499999 0.11621296875 0.1167792140625 0.11440139062500002 0.11977605 0.1157311265625 0.13032748593750001 0.11483185625 0.142118109375 0.10675477656250001 0.1497173046875 0.0928467515625 0.14425084375 0.081942259375 0.1437562796875 0.074424475 0.1422964796875 0.0600386953125 0.14211171250000001 0.050726460937499995 0.1423976125 0.040764440624999995 0.15103053125000002 0.030212959374999997 0.16557668125 0.02174861875 0.1842338265625 0.0185428890625 0.19688535468749999 0.00859390625 0.19195136562499998 0 0.0934203609375 0
0 0.8926271531250001 0.94744931875 0.8878840984374999 0.9511803796875 0.8869451359375 0.965321340625 0.8914453421875 0.9681911265625001 0.90648675 0.9752705984375 0.9202920609374999 0.9693903593750001 0.9308362875 0.9569639343749999 0.924012453125 0.941725059375 0.9134403234375 0.9414597499999999 0.8926271531250001 0.94744931875
0 0.8311514765625001 0.9806049078125 0.8302743593749999 0.9868571140625001 0.838671425 0.9883036703125001 0.8435954828125001 0.9858605140625001 0.8427508015624999 0.9798502921875001 0.8360152 0.9777324500000001 0.8311514765625001 0.9806049078125
0 0.9341622390625 0.93898525625 0.9387831125 0.9427136468749999 0.9528282484374999 0.9468686671875 0.953341846875 0.9463587046875 0.956725109375 0.9454454374999999 0.9705304187499999 0.9395651968750001 0.9787479921875001 0.93140579375 0.9753662421874999 0.9240010062499999 0.9638890984374999 0.9172961718750001 0.9540719062499999 0.9182381078124999 0.94371019375 0.92363438125 0.9364594828125 0.93034455625 0.9334985609374999 0.9342629359375 0.9341622390625 0.93898525625
0 0.6862480734374999 0.3689241359375 0.682473325 0.36826995625 0.6764863109375 0.370592234375 0.6731605609375 0.3731328390625 0.674559771875 0.375601734375 0.6809957828125001 0.3764742421875 0.6865076890624999 0.37451490781249996 0.68863831875 0.37095758125 0.6862480734374999 0.3689241359375
0 0.7027661203125 0.4415340546875 0.6965341984375 0.44211372187500003 0.6878451046875 0.44392723749999996 0.679835209375 0.446829984375 0.6747053734375 0.45525139374999996 0.6741633375 0.458881628125 0.6753176421875 0.45960791562500003 0.682596121875 0.46273139375000005 0.6908917453125001 0.461861690625 0.6991873656250001 0.4609919890625 0.7068037921875 0.4590330546875 0.715682265625 0.4548235515625 0.71872229375 0.45024990468750004 0.7144985453125 0.44640094062499996 0.70654086875 0.442188234375 0.7027661203125 0.4415340546875
0 0.6986339296875 0.47202811406249995 0.692130990625 0.47442289843749996 0.6807953437500001 0.47986625 0.6775251171875001 0.48654545000000005 0.683445203125 0.4874904640625 0.7001327921875 0.4901800921875 0.7053067546875 0.49330316874999997 0.7128154328125 0.4943210921875 0.7195632796875 0.493668915625 0.730152803125 0.490403625 0.729826259375 0.48808014687499995 0.7303535859375 0.48060175000000005 0.7288727359375 0.4775519828125 0.7204807718749999 0.4739926546875 0.7138814874999999 0.4719584078125 0.7069295515625 0.4711584109375 0.6986339296875 0.47202811406249995
0 0.7201494390625001 0.5015831656249999 0.71251830625 0.4996939375 0.7065982203125001 0.49874892187500003 0.697976053125 0.49729514531249996 0.6908347359375 0.498891134375 0.68449506875 0.502447659375 0.6840346703125 0.506658765625 0.6854747 0.509418096875 0.6879874 0.5123228453124999 0.6924821624999999 0.514356690625 0.6992708265625 0.5139949484375 0.7051092765625 0.5143590953125 0.70729543125 0.514940365625 0.7176694640625 0.5176287890625 0.7225576984375001 0.5187188234375 0.7317627171875001 0.5168327984375 0.7365954265625 0.5137842328125 0.734761925 0.511968715625 0.732453315625 0.510516140625 0.72771364375 0.5067396859375 0.7201494390625001 0.5015831656249999
0 0.71281463125 0.37252748125 0.7059283625 0.37189587031250004 0.6989806296875 0.3736720171875 0.6944342953125 0.3783094921875 0.6863102375000001 0.380250959375 0.6839575890625 0.380581603125 0.6782412875 0.3825845375 0.668934546875 0.387491190625 0.664786678125 0.38927369375 0.661637096875 0.39531428125 0.6629660281249999 0.40192501406250003 0.6665437515625 0.404621021875 0.671615728125 0.4151040859375 0.671039225 0.4223824625 0.66717325 0.42332564375 0.6541043906249999 0.432759559375 0.6514020265625 0.439137146875 0.6543481390625 0.4487194234375 0.6594391890625 0.45080289375 0.6693033578125 0.44701745624999994 0.673175690625 0.44327441093750003 0.67592680625 0.440088796875 0.6853988671875 0.43635846718750004 0.6890507718750001 0.43104699062499996 0.6952693937500001 0.429773165625 0.702884771875 0.4299024546875 0.712687478125 0.4285247734375 0.723109078125 0.425860553125 0.7253642265625 0.419145965625 0.7241455109375 0.41331945000000003 0.7208560390625001 0.406984253125 0.714815453125 0.403834671875 0.710900728125 0.40158587968750004 0.7081199359375 0.393179928125 0.7105340515624999 0.3904415265625 0.7213053671874999 0.3817303640625 0.71701125 0.37393695 0.71281463125 0.37252748125