0 0.37200918125000004 0.20289317968749998 0.3706927953125 0.22199384218749998 0.3744011 0.2309484796875 0.3851989328125 0.22750958125 0.3898683703125 0.21151454531249997 0.394002634375 0.193503828125 0.3959346765625 0.1732133984375 0.392027478125 0.16551453437500002 0.3815848984375 0.17480244843749998 0.3753478640625 0.1899055640625 0.37200918125000004 0.20289317968749998
0 0.45588207187499996 0.202017290625 0.44816251874999996 0.19950735625 0.43038380624999995 0.18768054375 0.42629208125 0.197330696875 0.4276372125 0.21041651562500002 0.4332304265625 0.2209569734375 0.43868625000000006 0.22697019843750002 0.44850857499999996 0.2323877328125 0.45353326718750003 0.22224171250000002 0.45588207187499996 0.202017290625
0 0.44300189999999995 0.1820838296875 0.4462685046875 0.1785426125 0.4509504953125 0.168912203125 0.46160419218750004 0.1642862125 0.463154840625 0.1658846765625 0.47565975156249996 0.1638066640625 0.4836042546875 0.159202534375 0.48951037499999994 0.156079375 0.4929122375 0.16022581875 0.494136365625 0.166733071875 0.4977909796875 0.17497814218750002 0.506171309375 0.1790111859375 0.525300965625 0.1721200140625 0.5299351421875 0.16563871562500002 0.5301482640625 0.15575145937499998 0.5193155875000001 0.14727140625 0.508530725 0.1356422421875 0.5220766890624999 0.1355329359375 0.533214025 0.1363950078125 0.5403265046875 0.1285024125 0.530748003125 0.11210381093749999 0.5223936265625 0.1022124609375 0.500467334375 0.0982887234375 0.491756390625 0.1077319671875 0.488171453125 0.0990469765625 0.4928753078125 0.092125759375 0.49412948281249996 0.08420720937500001 0.48873705 0.078392628125 0.47859704374999995 0.074080878125 0.46512075781249995 0.0737502640625 0.458173584375 0.07490471562499999 0.45647949062500004 0.0827535875 0.4519149890625 0.08879496718749999 0.44746798125 0.091247315625 0.4461441296875 0.09960578437499999 0.444820278125 0.1079642515625 0.443753271875 0.11185385 0.441667071875 0.116483934375 0.4366148359375 0.1256047484375 0.43376219687499995 0.13507394687500002 0.433065434375 0.1394731390625 0.431807165625 0.1559591859375 0.4300433953125 0.164247978125 0.4294600296875 0.17362563749999999 0.43103254062499996 0.17793329375 0.43640310937500004 0.18103868437499998 0.44300189999999995 0.1820838296875
0 0.8695770890625001 0.14102716875000001 0.8476291296875 0.129731340625 0.8387820906250001 0.12291652500000001 0.8265120171874999 0.1077399421875 0.8236085390625 0.1042725328125 0.8127381375 0.0857085828125 0.7999653015625 0.0818810375 0.7912223968750001 0.0853083671875 0.7753333312499999 0.0984310171875 0.769319221875 0.11732826874999999 0.7720972859375 0.1352120265625 0.7796487875 0.1556563484375 0.782754934375 0.17419358125 0.7852978562499999 0.190837078125 0.805408328125 0.18921019375 0.8254202640624999 0.1827556296875 0.8371271109375 0.1960384828125 0.8516332999999999 0.20254659843749998 0.8760032515624999 0.20400038281250002 0.887879178125 0.1998662578125 0.8989511374999999 0.1871836703125 0.8905083265625 0.1641921421875 0.8833890406249999 0.15464343593750002 0.8695770890625001 0.14102716875000001
0 0.9138593265624999 0.0848823578125 0.9114977984375001 0.1079671734375 0.928634246875 0.125117534375 0.93686319375 0.1222103078125 0.9430575796875 0.0967250140625 0.9138593265624999 0.0848823578125
0 1 0.0937587265625 0.9869803750000001 0.10007264687499999 0.9821307921875 0.1143422703125 0.989359809375 0.13954758750000001 0.9894639421875 0.14978972968749998 0.9755646515624999 0.1421747203125 0.9636394546875 0.1438950078125 0.9415168156249999 0.14460168906249998 0.9426600640625 0.1646325515625 0.9491287828124999 0.17828878125 0.9589219984374999 0.19547910625 0.9705739781249999 0.20093365 0.98713040625 0.199946878125 1 0.19194804062499998 1 0.0937587265625
0 0 0.7653603875 0.00504591875 0.7661595828125 0.01638511875 0.7501532421875 0.0112628484375 0.731539659375 0.0046057953125 0.727248503125 0 0.7281592890625 0 0.7653603875
0 0.10271238125 0.9369939281249999 0.1075667765625 0.8924478499999999 0.10835139062500002 0.8828617765625 0.1141026578125 0.8465497046875001 0.1136369984375 0.8448575625 0.1059708125 0.8145123265624999 0.097735621875 0.7970240937499999 0.08560289374999999 0.7902472875 0.071754234375 0.7896722703125 0.0584145921875 0.8183089000000001 0.0611052109375 0.84301090625 0.0717376046875 0.859260428125 0.08043845937500001 0.8784408031250001 0.088639203125 0.9007787515624999 0.09229559375 0.92401533125 0.10271238125 0.9369939281249999
0 0.45889675781249994 0.9185944781250001 0.4584945421875 0.879676840625 0.447827696875 0.868277034375 0.43018484843750004 0.8638642937500001 0.41884564687500003 0.879870634375 0.41595724375 0.9166361390625 0.4184667046875 0.933217503125 0.43554054999999997 0.9504872515624999 0.44494820781250005 0.9374117609375 0.45889675781249994 0.9185944781250001
0 0.5385823453125 0.871702528125 0.5335378828125 0.8757587359375 0.5280711203124999 0.9056423078125 0.5337279515625 0.9162486062499999 0.5413852234375 0.914224615625 0.550249409375 0.87678719375 0.54788665625 0.8731761859375 0.5385823453125 0.871702528125
0 0.1294172015625 0.8425017296874999 0.11894042656249999 0.8715917937500001 0.1327635515625 0.9093857484375001 0.1409987421875 0.9268739796875 0.15756356093749999 0.9149320796874999 0.156476621875 0.8662082109375 0.1509575875 0.8362030468749999 0.1455163609375 0.82886768125 0.13434940625 0.8206254484375 0.1294172015625 0.8425017296874999
0 0.3631776125 0.9351232671874999 0.3683965234375 0.9273908328125 0.37098090781250004 0.9146763124999999 0.3738349609375 0.8894512609375 0.3711451109375 0.8776131906250001 0.3615992734375 0.86583044375 0.3488570921875 0.859818065625 0.3231030640625 0.86030384375 0.3156627796875 0.8568430109375 0.3051523296875 0.8403426671875 0.2985055109375 0.8318720890625 0.28763723125 0.8284389187500001 0.27673611249999996 0.8324183703125 0.2690261609375 0.84146806875 0.26433104687500003 0.8567012921874999 0.2688619578125 0.878531190625 0.278286790625 0.8982832015625 0.2890945671875 0.9057010046875 0.30552922968749996 0.91001580625 0.32011765 0.9151793937500001 0.33212686874999997 0.9222168859375 0.3390381765625 0.9290175484375001 0.345949484375 0.9358182125000001 0.35218833125 0.939659359375 0.3631776125 0.9351232671874999