0 0.3361911546875 0.75121348125 0.332692909375 0.7417105187499999 0.3185049828125 0.7361665015625001 0.313194003125 0.7432074484375 0.3102688828125 0.7440739359374999 0.3165482546875 0.751722915625 0.32347987031250003 0.754186425 0.3361911546875 0.75121348125
0 0.3197907625 0.7325216140624999 0.3288540734375 0.72900415625 0.32992744531249996 0.7244247203125 0.3250406421875 0.7217577671875001 0.32008576093749996 0.721609090625 0.317071634375 0.723824471875 0.312985896875 0.7266511812500001 0.312359321875 0.7303145453125001 0.31746952500000003 0.7325234609375 0.3197907625 0.7325216140624999
0 0.3547681640625 0.7266179359375 0.34521619375 0.724794103125 0.342336459375 0.725941040625 0.341954215625 0.7322750484375 0.3460137375 0.7382239765625 0.3540699921875 0.7407357859375 0.359719521875 0.7347028250000001 0.3547681640625 0.7266179359375
0 0.20123339687500003 0.756265196875 0.217378415625 0.7649333921875 0.224707771875 0.7640102718749999 0.2273453984375 0.76185716875 0.22996205 0.7575771828125 0.2302328390625 0.7526822046875 0.23220827968750002 0.748089478125 0.236055546875 0.7499659171874999 0.2395900734375 0.7524835671875 0.2435311015625 0.7530828265625 0.245428515625 0.751362440625 0.24582976875 0.7489123296875 0.2460172859375 0.746357971875 0.24544885624999999 0.742641171875 0.244567690625 0.73956558125 0.2441192390625 0.7372302046875 0.24501550625 0.7310528046875 0.245630496875 0.728706940625 0.24346166249999998 0.72447415 0.238837471875 0.7193083859375 0.23893647499999998 0.7185629265625 0.24468576718750001 0.7084025484375001 0.24645795937499998 0.70476901875 0.24977811718749998 0.69633426875 0.25004366093749997 0.6909075703124999 0.24997691875 0.690625 0.20861285000000002 0.690625 0.208929375 0.695460878125 0.2073814109375 0.700262096875 0.20737679843749998 0.710578528125 0.2131372125 0.71232974375 0.2145238828125 0.7127414859375001 0.21688023437499998 0.7144199203125 0.21651568906250002 0.720592075 0.209394825 0.7210877203125 0.2018674640625 0.7235017578125 0.196545646875 0.733870628125 0.1945859375 0.7400585171875 0.1947531109375 0.7462254296874999 0.1980063640625 0.7525746140625 0.20123339687500003 0.756265196875
0 0.27864438125 0.7331673000000001 0.28042706093750003 0.7305972109375001 0.28080733750000003 0.726020215625 0.283669190625 0.7250348015625 0.288470409375 0.7265827671875 0.297113653125 0.7294754515624999 0.303337615625 0.7243090515625 0.3068872421875 0.7175737125 0.30512490625 0.71142253125 0.2978211359375 0.7041561046875 0.2933379 0.7024986453125 0.285215890625 0.6985372765625 0.27826156874999997 0.6943516828125 0.2749355328125 0.6914065593750001 0.2740053015625 0.690625 0.255400609375 0.690625 0.2549701015625 0.6943686828125 0.2541571046875 0.6982054625 0.2528333640625 0.7041743687500001 0.251269665625 0.7073804265625 0.249346665625 0.717290359375 0.2519691953125 0.724390246875 0.2551752515625 0.7259539453125 0.2582718171875 0.727199659375 0.26081568593750004 0.726323734375 0.263531340625 0.7212982921875 0.26662790625 0.7225440062499999 0.2695684203125 0.729534403125 0.2752455625 0.7336262375 0.27864438125 0.7331673000000001
0 0.45717767499999995 0.2277755890625 0.49794208281249996 0.241744515625 0.509375 0.237215403125 0.509375 0.023421660937499998 0.50033518125 0.020838025 0.47086532343750004 0.0255182734375 0.46259959375 0.04711069375 0.46856011249999996 0.069728515625 0.46552616249999995 0.09452966874999999 0.46022838125 0.1077143125 0.46004200781250004 0.126677071875 0.46047562500000006 0.13740092343750002 0.47128868125 0.166327625 0.46726712812500004 0.172250453125 0.43173450156250004 0.16149026093750002 0.420307953125 0.1756278421875 0.438321509375 0.21069455 0.45717767499999995 0.2277755890625
0 0.4328800984375 0.28688332499999997 0.44628186249999996 0.31050239375 0.46999056875 0.33389230937500003 0.47351250624999996 0.3336390078125 0.506227309375 0.3246282171875 0.509375 0.3222369703125 0.509375 0.2715789015625 0.483926828125 0.261189728125 0.4625363296875 0.2632403171875 0.44808745781250003 0.27196167656250003 0.4328800984375 0.28688332499999997
0 0.31545890625 0.355761546875 0.313755559375 0.38712488437500003 0.33551367656250003 0.412191525 0.3655918953125 0.42948974531250006 0.3845140640625 0.43017740781249997 0.41296656406250004 0.432228209375 0.4467530953125 0.430310365625 0.46380879531249997 0.420889371875 0.45425384218750003 0.38009285937500004 0.43035226406250005 0.3408403265625 0.40312161875 0.3177037125 0.3480468359375 0.314494765625 0.32565710625 0.3278844046875 0.31545890625 0.355761546875
0 0.1313575328125 0.12470942031250001 0.15832930625 0.148376796875 0.1905807390625 0.15425153125 0.18487909062500002 0.131102946875 0.1814412765625 0.119570871875 0.152952528125 0.10830407187499999 0.13625794687499998 0.110016921875 0.1313575328125 0.12470942031250001
0 0.10663420312500001 0.3077867984375 0.124021271875 0.31626703906250003 0.1380909 0.310645821875 0.13505045468750002 0.300621603125 0.1235151578125 0.287111190625 0.105387725 0.2894392375 0.09806685625 0.2858686109375 0.09654988125 0.2982691875 0.10663420312500001 0.3077867984375
0 0.063366584375 0.3872082484375 0.0871412890625 0.3942047875 0.10720118906250001 0.38559201718749997 0.10557546874999998 0.3703446 0.09041598437500001 0.364264871875 0.0706990796875 0.3605615015625 0.051433918749999995 0.3721899796875 0.063366584375 0.3872082484375
0 0.1830348546875 0.42520665781250006 0.161776353125 0.3944704921875 0.137327284375 0.3818888609375 0.1292660484375 0.3891265203125 0.1356420609375 0.41786019531249996 0.152704259375 0.44326457656249996 0.17884505 0.4547002453125 0.18495569218750002 0.449139309375 0.1830348546875 0.42520665781250006
0 0.09509514531249999 0.45918725625 0.120368703125 0.44917522187500003 0.1094715203125 0.4320339015625 0.0804831546875 0.426436625 0.0679188734375 0.44987463906249997 0.09509514531249999 0.45918725625
0 0 0.4815704921875 0.017046890624999998 0.4868228515625 0.027714953125000004 0.4788855609375 0.018924982812499998 0.46671413125 0.00519835 0.46001920468749996 0 0.46175514062499995 0 0.4815704921875
0 0.1242647546875 0.5108645218750001 0.11558353125000001 0.5263410890625 0.13587254843750002 0.54280693125 0.1478530890625 0.536823821875 0.154204478125 0.5261241234375 0.1379913890625 0.5175594484375 0.1242647546875 0.5108645218750001
0 0.05151428125 0.525315471875 0.021869676562500003 0.51874110625 0.0092691484375 0.5329631203125 0.029853284375 0.5581141984375 0.062640584375 0.5675354046875001 0.07179167187499999 0.5719986890625 0.09259843125 0.5874030046875001 0.12488611406250001 0.6024937375 0.1449822609375 0.603096965625 0.15395860156250002 0.5963056328125 0.1392624875 0.5753403828125 0.12108068125 0.5638444312499999 0.10041242187499999 0.5504787328125 0.0753071125 0.5369200109375 0.05151428125 0.525315471875
0 0.2911357234375 0 0.29676845625000003 0.008119196875 0.3056685734375 0.0168454765625 0.317948340625 0.030630990625 0.32376702812499997 0.044676095312500004 0.32409421875 0.057991884375000004 0.31836361874999997 0.072738496875 0.3089648046875 0.07302705625 0.3002759890625 0.0658656359375 0.29232614218749997 0.054191965625000005 0.281236921875 0.041961653125 0.268631128125 0.0348388640625 0.25601684375 0.0467153453125 0.25670869218750003 0.05728538749999999 0.25313822343750003 0.0725982984375 0.253820415625 0.082189096875 0.258025953125 0.09154928125 0.2663114828125 0.0975394703125 0.274098315625 0.112544503125 0.2777761859375 0.1279817953125 0.2886637640625 0.13962649375 0.30110654531250003 0.1500806453125 0.303526265625 0.1571080265625 0.30697351875 0.16902196875 0.320213215625 0.1808393375 0.3331836640625 0.18521638125 0.3523459484375 0.18189350937499998 0.3544384765625 0.17560510000000001 0.3623570171875 0.1443840078125 0.3628074265625 0.13047294375000001 0.3658019375 0.116340921875 0.3688447375 0.1071051203125 0.3833124421875 0.10441615468750001 0.40186979687499996 0.0993364375 0.413658190625 0.08315900781249999 0.41986817343749994 0.05743906875 0.41444311562499997 0.04358595 0.3969893890625 0.0414076703125 0.40199067812499995 0.032152553125 0.4125305828125 0.0085444578125 0.4080767859375 0 0.2911357234375 0
0 0.183720625 0.321286315625 0.194362371875 0.3307321109375 0.20080454531249997 0.33351954687499996 0.2099436296875 0.3351399953125 0.219341075 0.334049475 0.22075236406249998 0.33261007187499997 0.2202699359375 0.3270554390625 0.21875321875 0.3178047453125 0.22812957968749997 0.31457620468749997 0.23794619374999998 0.3126262609375 0.252472075 0.3112000640625 0.257669946875 0.3034511828125 0.2608835796875 0.296862259375 0.26675898125 0.2855429828125 0.267219475 0.274419659375 0.26647165781250004 0.270863321875 0.2666948765625 0.2645889859375 0.26930041718750003 0.25415725 0.2766433359375 0.24709995468749998 0.2773621890625 0.23326566093749998 0.27147187968750003 0.228619653125 0.2690052140625 0.2242249765625 0.2704999984375 0.2167977140625 0.27200180937499996 0.21008312187499997 0.2801057546875 0.1934675734375 0.28252237187499996 0.1783336 0.2742418625 0.16259238125 0.2650184328125 0.1524198546875 0.25128169218749996 0.1471384875 0.23891491562499997 0.1506816171875 0.2340246046875 0.160708240625 0.23058775312500002 0.1735715015625 0.22773088125 0.18742688125 0.22426591718750002 0.1974394484375 0.2156936015625 0.209925709375 0.2055140453125 0.2184364640625 0.1942509984375 0.21826244843749998 0.186068890625 0.212498653125 0.1798639921875 0.20486223125 0.176467615625 0.192921653125 0.17484631718750002 0.1875208 0.1658399265625 0.1849012015625 0.154612021875 0.18829055 0.1501549375 0.198883096875 0.1538377890625 0.210963396875 0.16127208125 0.213170853125 0.1630190453125 0.2168598859375 0.156395828125 0.22462282500000003 0.15163118125 0.2329376265625 0.15784310937499998 0.241286725 0.166332778125 0.2493282609375 0.17870743281249998 0.26103774375 0.1819359703125 0.27041410312499997 0.18855301093750002 0.27647842968749997 0.194534690625 0.2903891875 0.1868560953125 0.2923180484375 0.17145673125 0.291899728125 0.16709719843749998 0.297929759375 0.176670359375 0.3146560671875 0.183720625 0.321286315625
0 0.1017494265625 0.608154071875 0.09246164999999999 0.6021429578124999 0.08244438750000001 0.597627503125 0.06780892499999999 0.59271105625 0.057375990625 0.59132548125 0.0464328625 0.5985780468749999 0.038386534374999996 0.6127978390625 0.034607903125 0.6220635999999999 0.032441471875 0.6287830671875 0.0343096578125 0.63710005625 0.0354116640625 0.643191903125 0.02771495625 0.6475843640625001 0.0192667484375 0.6512400031250001 0.0127812484375 0.6577043734375 0.00446514375 0.6747549125 0.0024592875 0.68266356875 0.0032968249999999998 0.690625 0.0350903796875 0.690625 0.0392663484375 0.6869148140625 0.0496552453125 0.6838354203125 0.066186478125 0.6696807953125 0.0695274203125 0.66131243125 0.07171586875 0.6568254484375 0.0774572078125 0.6503684171875 0.086387140625 0.650280346875 0.0960759125 0.6516732609375 0.10499116718749998 0.6500968687500001 0.11116285781249999 0.6419982796875 0.11702718906250001 0.6178272796875001 0.1146121140625 0.614427625 0.10698057187500001 0.61033518125 0.1017494265625 0.608154071875
0 0.36524541875 0.5544135734375 0.38103956562499997 0.538105853125 0.3965738265625 0.5353919734375 0.4066912171875 0.522685790625 0.4155724828125 0.504476496875 0.419761771875 0.48985902968749995 0.41159334375 0.4804847859375 0.3965508828125 0.4731480875 0.3850905359375 0.4695185875 0.373050975 0.4670766515625 0.362198978125 0.46521392656250005 0.352322046875 0.4623567109375 0.330783159375 0.4753725109375 0.3261785921875 0.48782735 0.33697349062500004 0.5038728406249999 0.3263631234375 0.506538159375 0.3152512421875 0.518269275 0.3032419921875 0.53887311875 0.2908551375 0.54116200625 0.27858483125 0.5552682484375 0.285836465625 0.5715456578125 0.2863294421875 0.5815865234375 0.279185815625 0.596233128125 0.26372925 0.60682524375 0.24810875000000002 0.62076755 0.24059840625 0.6381754234375 0.24405543437500002 0.64917193125 0.26202309375 0.653525153125 0.25814225 0.659472678125 0.24256060000000002 0.677354103125 0.24133546562500002 0.690625 0.286862015625 0.690625 0.2880632359375 0.6774962671875 0.293237303125 0.6628690859375 0.3031033484375 0.64465008125 0.3080843453125 0.6304187531250001 0.323328415625 0.6182529328124999 0.3365361140625 0.6193045265625 0.357641471875 0.6222479796875 0.36843519687500004 0.6182020265625 0.3714174984375 0.6010357859375 0.3638865546875 0.5963826578125 0.35258043125 0.5884181859375001 0.354868146875 0.580713596875 0.3667523109375 0.5673990640625 0.36524541875 0.5544135734375
0 0.8121019890625 0.6785451640625 0.8078505015624999 0.641336775 0.78622974375 0.6233387921875 0.7583505828125 0.6214528171875 0.7464347328125001 0.6294820515625 0.7389178484375 0.6481743265625 0.7614455984374999 0.6708734453125 0.7773749140625 0.677578 0.8121019890625 0.6785451640625
0 0.8332581578125 0.6122059765625 0.82481173125 0.5835984890625 0.797953025 0.556657640625 0.7812867328124999 0.5613052374999999 0.7676589093749999 0.5695641765625 0.7490311578125 0.59135485 0.771490903125 0.607632653125 0.7994720765625 0.6191506015625 0.8332581578125 0.6122059765625
0 1 0.05282779375 0.985582921875 0.0587053734375 0.975504553125 0.079369090625 0.9757008046875001 0.0992681140625 0.9722063796875 0.11489165781249999 0.962729165625 0.1292474765625 0.9545033234375 0.13596225625 0.9502605562499999 0.14296943281250002 0.9375486109375 0.1656492203125 0.931811134375 0.1892552703125 0.9333241734375 0.20814625625 0.9445106781250001 0.2325804453125 0.957517 0.2397491890625 0.969173825 0.24460946562500002 0.9831554718750001 0.24977849531250002 0.9897394171875 0.24473832343750002 1 0.23579756562499998 1 0.05282779375
0 0.8372411734374999 0.45420730468750004 0.8297636734375 0.46953844843750003 0.81987958125 0.47626958124999996 0.8070531546874999 0.48734160624999995 0.7969257234375 0.5030305687500001 0.797236453125 0.5345373515625 0.8032846609375 0.542438084375 0.8189736234374999 0.5525655171875 0.8313133734375 0.5594091515625 0.839637340625 0.5626438859375 0.85057853125 0.562204296875 0.8561544421875 0.5558473359375 0.8616812890625001 0.5445156203125 0.8697272328125001 0.519560071875 0.874538446875 0.5029284921875 0.88125125 0.47732272656249997 0.883527009375 0.47265672812500004 0.8906139828124999 0.45135914687499995 0.8947422703125 0.4327442046875 0.8980097109375 0.42773674218749996 0.904610009375 0.4243548203125 0.909388515625 0.4044067390625 0.910656240625 0.3984239484375 0.9131753390625 0.3848001171875 0.9186858328125 0.37181015 0.9216118109375 0.36581100625 0.9261633328125001 0.3564790046875 0.9307639156249999 0.3521217578125 0.9360147171875 0.3464313671875 0.9432652328125 0.34171630468749997 0.9481909249999999 0.3366924875 0.9510678406249999 0.3257185890625 0.9509533609374999 0.3141108265625 0.9528876578125001 0.3084531453125 0.957114071875 0.2997877140625 0.9619907015625 0.28978914218749996 0.9648512625000001 0.2771569921875 0.964411675 0.2662158 0.9606882921875 0.258623821875 0.943958584375 0.2438630984375 0.932951978125 0.237669678125 0.9229534062500001 0.23279304843749998 0.9136214031250001 0.228241528125 0.8978199375000001 0.2403379421875 0.8961943937499999 0.2436708 0.892634553125 0.2526613375 0.9061622343750001 0.27906253125 0.9099346796875001 0.291629265625 0.9030583359375 0.3006525125 0.8869317609375 0.3134154984375 0.8846723531249999 0.31973975 0.868204315625 0.33151105468750003 0.869635584375 0.34211078281249996 0.8644992640625 0.359408934375 0.851932528125 0.36318137968749997 0.848047578125 0.3728384890625 0.8465855781249999 0.392753865625 0.8440828343750001 0.408035946875 0.8398564203125 0.41670137812499997 0.836752521875 0.43829135937499997 0.8372411734374999 0.45420730468750004