0 1 0.5480866890625 0.9943552375 0.540612125 0.978874503125 0.5475981937500001 0.9657323343750001 0.5594809171875 0.9520077499999999 0.5773079203125 0.9411454546875 0.5932480421874999 0.929903925 0.6109014125 0.9358134765624999 0.6383191953125 0.946887853125 0.64682180625 0.9603821437500001 0.6399746421875 0.9694656281249999 0.6342792796875 0.9796868203125 0.6234441734375 0.9918944546875 0.6124701609375001 1 0.5984048859375 1 0.5480866890625
0 0.991159034375 0.50204086875 0.9900910640625 0.5 0.9681019109375001 0.5 0.968080196875 0.50028124375 0.9696331703125001 0.5153532046875 0.9778723734374999 0.5189938859375001 0.980707546875 0.5238558156249999 0.9887978078125 0.5182299046875001 0.991159034375 0.50204086875
0 0.8996924125 0.500003196875 0.8976201671874999 0.5060516515625 0.9018006828124999 0.51587969375 0.907380775 0.5171762234374999 0.9115568359375 0.512667384375 0.9099837109375001 0.5 0.8996964953125 0.5 0.8996924125 0.500003196875
0 0.7144558515625 0.6984963328125 0.7211465375 0.7014019328125001 0.726961375 0.7060555046875 0.735755878125 0.71050071875 0.75170610625 0.7102287359375 0.7621891625 0.6960018609375 0.7648753921875 0.6915971984375 0.7826088875 0.6954173375 0.7920444890625 0.6947575359375 0.8099495921875001 0.686758575 0.8188570109375 0.6785454296875 0.8335476999999999 0.6673977859375 0.843010421875 0.6599891734375001 0.8520352156250001 0.6534545484375001 0.8712812031249999 0.6360848171875 0.878874853125 0.6304936328124999 0.8850960453125 0.626685146875 0.893362365625 0.6235770171875 0.90311851875 0.6203647078125 0.9107077140625 0.600436640625 0.9107890640624999 0.5801902109375 0.9075115109375 0.5618653874999999 0.9017237890625 0.55046300625 0.8946809828125 0.5425218421875 0.8818549078125001 0.5375151796875001 0.8721845578125 0.534817940625 0.854591096875 0.5115906296875 0.845123925 0.5046623625 0.8346394625 0.5 0.7217618609375 0.5 0.7203843875 0.504951359375 0.718605575 0.515196115625 0.708176753125 0.5159253703125 0.7044657296875 0.5128114125 0.69435745625 0.5109881578125 0.6854229187499999 0.5259501156249999 0.6807862703125 0.552418634375 0.6874814109375 0.5696611109374999 0.6792782328125 0.587945384375 0.663061684375 0.57727225625 0.646140896875 0.5565280015625 0.6292516796875 0.5433718187500001 0.6192878953125 0.5364782781249999 0.6011480484375 0.5411201953125 0.5896086296874999 0.5402403796875 0.5724891203125 0.5380640375 0.5609375 0.5502512796875 0.5609375 0.5729244265625 0.5711571390625 0.5761085687499999 0.56502620625 0.588344384375 0.567134475 0.6042208812500001 0.5752923328125 0.628107990625 0.5727866171875 0.6493673140625 0.5690529343749999 0.667339046875 0.573996378125 0.6880774749999999 0.586068434375 0.7108475140625 0.5971112421875 0.7117620515625 0.595829040625 0.7219720859375001 0.583946409375 0.7447304703125 0.5834271375 0.7658508859375 0.59602291875 0.7818373890625 0.6094900937500001 0.7817390359374999 0.621494553125 0.7749960546875 0.6410068578125 0.7685714328125 0.6542664031250001 0.7583672296875 0.6632911984375001 0.75183260625 0.673191840625 0.74355000625 0.690045034375 0.7347812390625 0.7094897437500001 0.698843596875 0.7144558515625 0.6984963328125
0 0.25959784531249996 0.9625069171874999 0.25041851249999997 0.94817984375 0.242600128125 0.949973971875 0.24521040625 0.967255225 0.250381334375 0.974378115625 0.2557548046875 0.9843974734375 0.2609587890625 0.9786281171875 0.25959784531249996 0.9625069171874999
0 0.2901397796875 0.971597934375 0.29176525781249996 0.9781371375000001 0.299702471875 0.9680186140625 0.29493971406249997 0.9567091375000001 0.2855237546875 0.9557043484375001 0.2870324640625 0.9639149343750001 0.2901397796875 0.971597934375
0 0.3194716234375 0.9466776140625001 0.31353912500000003 0.9587349749999999 0.31516254374999997 0.97192719375 0.3211167625 0.9835691593749999 0.328760509375 0.98261885 0.33263042187499997 0.967795090625 0.3298145125 0.9575968890625 0.32850937343750003 0.9489562625 0.3194716234375 0.9466776140625001
0 0.41505723593750005 0.950388725 0.4113960453125 0.9481499140625 0.415208090625 0.932498590625 0.40885085156249995 0.908410678125 0.39495735781249997 0.9135402484374999 0.38544944375 0.9279266515625 0.37585369687500003 0.9443982140625 0.3679764125 0.9486912859375 0.3505054421875 0.9628029078125 0.355702215625 0.980319096875 0.36845799375 0.9889906265624999 0.3805472484375 0.9914716984374999 0.3865055890625 0.9898076375 0.39560326875 0.9862608359375 0.404035459375 0.9731970703125 0.40862563906249993 0.9786973531250001 0.415132703125 0.9882216375 0.43123345312500005 0.9879273734374999 0.431067059375 0.9621591421875 0.42461786406249996 0.95346241875 0.41505723593750005 0.950388725
0 0.49148925468750004 0.977586871875 0.5011775484375 0.9745190640624999 0.5040838359375 0.9623641624999999 0.50358483125 0.9552280515625 0.49854227656249994 0.95148294375 0.485241975 0.9517300390625 0.47523762812500003 0.955161421875 0.464734275 0.9514566953125 0.46268591406250004 0.941697115625 0.4560155734375 0.9390902625 0.44786001875 0.9396605546875 0.44589241562500004 0.940822571875 0.442432453125 0.9499429015624999 0.44319998906249997 0.9560358062500001 0.44704247343750003 0.9670358359375 0.4533183296875 0.9737679890625 0.4620750828125 0.9769118984375 0.46753588281249997 0.97687151875 0.4750118078125 0.9763487515625 0.4825827828125 0.9771852421875 0.49148925468750004 0.977586871875
0 0.701677678125 0.10834175625 0.6687025625 0.116311115625 0.6625727953125 0.1422255609375 0.6668907500000001 0.178736459375 0.6802684593749999 0.1933756609375 0.7077691015625 0.170214453125 0.710394915625 0.15728793125 0.7183708859375 0.11991736093750001 0.701677678125 0.10834175625
0 0.7525713015625 0.19256738906249998 0.7733510203125 0.18686669375 0.78037611875 0.1863754515625 0.7886648625 0.1787164546875 0.8095087171875001 0.12345553125 0.7949658890625 0.117393071875 0.762466209375 0.106922765625 0.7376899078125 0.11856644375 0.7313630890625 0.1416629109375 0.731971440625 0.175601453125 0.7525713015625 0.19256738906249998
0 0 0.184105346875 0.0196354546875 0.1760789671875 0.0345815828125 0.16371830468749998 0.042506003125000004 0.1548264203125 0.05292053125 0.132658221875 0.0429960640625 0.11905891093750001 0.031525640625000004 0.1139054625 0.0071217187500000004 0.1132297328125 0 0.1157046375 0 0.184105346875
0 0.05885584218749999 0.23586958125000002 0.08897514375 0.22661678593749998 0.0850255171875 0.20068859374999998 0.0770812671875 0.19707523124999998 0.058515275 0.21266678906249997 0.05885584218749999 0.23586958125000002
0 0.2577844921875 0.1719325984375 0.2691720328125 0.1759007359375 0.2930678375 0.175420884375 0.30931126875000003 0.151058428125 0.304428296875 0.1240043953125 0.28760644687500003 0.11565182968750001 0.26509985625 0.1237767375 0.247270803125 0.1315745609375 0.2304687875 0.1357272421875 0.2198794625 0.1370632734375 0.2065315375 0.135614434375 0.178736578125 0.129220290625 0.16572019531249998 0.1325127015625 0.15495429375 0.13743440468749998 0.14187663749999999 0.1276289109375 0.125469215625 0.12520290625 0.113386178125 0.1296211578125 0.10213199375 0.1458925328125 0.094497671875 0.158933009375 0.0916129703125 0.178788009375 0.113589834375 0.181420115625 0.12531971875 0.18417320625 0.1398298109375 0.177798578125 0.1388334125 0.1879926703125 0.1294351140625 0.21247202187499997 0.1330225640625 0.22711001406250003 0.147293028125 0.23564098906250003 0.16425000781250002 0.23981522812499997 0.176115025 0.23838999218749998 0.1869115640625 0.240017240625 0.205414503125 0.2357456171875 0.2073244171875 0.2141721203125 0.203643278125 0.2043051125 0.20952442968749999 0.1967472140625 0.216358759375 0.2028204046875 0.22994453125 0.2137814765625 0.245335721875 0.21389632656250002 0.25509619687499996 0.20070717343750002 0.25577186093750004 0.17981553749999998 0.2577844921875 0.1719325984375