0 0.6411969328125 0.9246238484375 0.6345955609375 0.9322744796875 0.6414257250000001 0.9360172734375001 0.6515572484375001 0.9368307874999999 0.6621275171875001 0.935342190625 0.675891475 0.9341879437499999 0.6885518390625001 0.9298286296875 0.6962541109375 0.9217989281250001 0.6974613359374999 0.916364159375 0.690301440625 0.9134519140625 0.6806113546875 0.9139204265625 0.6657464953125001 0.91545374375 0.6550672140625 0.9184139015625 0.6459302703125 0.9222770171875 0.6411969328125 0.9246238484375
0 0.6336925015625 0.9028293984375001 0.64107176875 0.9045905875000001 0.6528532984375001 0.903043428125 0.6591289765624999 0.9015995515625 0.6690370875 0.8981879140625001 0.678502415625 0.8917021828125 0.681801084375 0.8851887656249999 0.679155153125 0.8810807437499999 0.67166686875 0.8807911140625 0.655371375 0.8835340515624999 0.6484362359375 0.8866390234375 0.643262809375 0.8894958984375 0.6310452234375 0.89692930625 0.6336925015625 0.9028293984375001
0 0.563011421875 0.6296065484375 0.574903309375 0.62837989375 0.582056475 0.6223317984375 0.5797375859375 0.6138090890625 0.5720272390625001 0.6110863796875 0.5634407453125 0.6147599593749999 0.56135065 0.617630675 0.563011421875 0.6296065484375
0 0.5680435390625 0.5852115921875 0.5627476390624999 0.5716193421875 0.5582309828125 0.5692309812499999 0.5469999046875 0.5705886062500001 0.540506203125 0.5749756078125 0.539631403125 0.5831639640625 0.5451426374999999 0.590228953125 0.5529633453125 0.5932721703125 0.563202534375 0.5908220546875 0.5680435390625 0.5852115921875
0 0.5013421234375001 0.332487325 0.512236740625 0.3229999046875 0.510911084375 0.31736175625 0.506391734375 0.311389259375 0.49273544375 0.3092798765625 0.4787507671875 0.3097931109375 0.47478725156249996 0.3107993515625 0.46851157656250003 0.31224322656250003 0.454088153125 0.31505857187499997 0.44572238124999997 0.3193731640625 0.4446268625 0.32692050781250004 0.44551107968750003 0.3312766296875 0.447718265625 0.3376867625 0.445632209375 0.345933684375 0.44806145624999993 0.3547769 0.45708938593750004 0.3523853453125 0.4657862375 0.349032275 0.47349120312500004 0.344586709375 0.480532665625 0.3364260390625 0.4822903375 0.3308017328125 0.4928606078125 0.3293131359375 0.5013421234375001 0.332487325
0 0.44943153281250003 0.2729241953125 0.4432675625 0.27648064687499996 0.43864458281249996 0.279147984375 0.43027881093750003 0.28346257656249996 0.425658521875 0.289714053125 0.42775534843749996 0.295803678125 0.43458416718750004 0.2977544046875 0.44053011093750005 0.297141078125 0.44372380156249996 0.297475428125 0.4562791921875 0.29996388125 0.4741156765625 0.29633183125 0.48005893125 0.292134365625 0.48533868125 0.28422179375 0.48158781250000005 0.2751166375 0.47409683593749996 0.271242871875 0.45956170781249994 0.271945640625 0.44943153281250003 0.2729241953125
0 0.4308050375 0.2510158078125 0.42926673437499996 0.25548905781250003 0.4332342859375 0.259859021875 0.44204688125 0.26399473281249997 0.45140723437499997 0.2643567671875 0.463628853125 0.262299565625 0.47606849999999995 0.25729923593750004 0.479036090625 0.2498243 0.47462844843749996 0.2459643765625 0.4625118046875 0.24117381249999997 0.4566762171875 0.242107646875 0.45161180156249997 0.24349295781250002 0.4437951359375 0.245825946875 0.4308050375 0.2510158078125
0 0.4415839109375 0.2340396078125 0.4425757984375 0.2351321 0.45138704843750005 0.2374757375 0.46008524375000004 0.23591473437500002 0.4679019140625 0.23358174687500002 0.4700996796875 0.2274473984375 0.4694388703125 0.22731642812500003 0.464482121875 0.22543810937500003 0.4618375375 0.22312215625 0.45721186718749995 0.2222053578125 0.4501650203125 0.2231977546875 0.44378033125 0.22611319375 0.4415839109375 0.2340396078125
0 0.62354980625 0.8402378203125 0.62223861875 0.8501106453125 0.6208579796875 0.852941375 0.628549565625 0.8615985703125 0.6370139734375 0.8629236468749999 0.646582890625 0.8619841421875 0.6635872640625 0.8580133375000001 0.669413728125 0.8489411109375 0.6686053421875 0.838384909375 0.6615493531250001 0.8370459421875 0.6543761375 0.8381026765625 0.645214465625 0.8374887531249999 0.6444616390625 0.8325662312500001 0.654396134375 0.8258480359375 0.6571435218749999 0.818778159375 0.6474357000000001 0.80563346875 0.6313630484375 0.8041017140625 0.62196691875 0.8082791968749999 0.615808765625 0.8122838874999999 0.610320096875 0.8127605859375 0.5997361140625 0.8107521328124999 0.5891938046874999 0.812968940625 0.5837884765625 0.82189615625 0.59103114375 0.8278815203125 0.5979282328125 0.8273909312500001 0.6104034375 0.8212111046875 0.6187783984374999 0.827748721875 0.6213746703125 0.8339207656250001 0.62354980625 0.8402378203125
0 0.4961946234375 0.42385681875000003 0.502090540625 0.4218266921875 0.507958675 0.416979725 0.5135506828125 0.41269890625 0.5172714625 0.404351728125 0.5172159015625 0.39871804843750003 0.5073708546875 0.4002237015625 0.49889255625000006 0.397490203125 0.5066935875 0.388680215625 0.5118505671875 0.3831359859375 0.5126511687499999 0.378620709375 0.5061952140625 0.36671165 0.50191439375 0.3611196421875 0.49430615 0.36091296562499997 0.4846477828125 0.3670650125 0.4769639828125 0.373479296875 0.47452050312500005 0.38279986875 0.472947078125 0.39464726250000004 0.47851908906249996 0.40262108124999996 0.4844427859375 0.40340779375 0.490380371875 0.40560292656249997 0.489130853125 0.40744637343749995 0.4863834640625 0.41451625156249994 0.4878335546875 0.41872761875000003 0.4898359 0.42180669687499994 0.49268052031250004 0.4245957546875 0.4961946234375 0.42385681875000003
0 0.346347109375 0.028562025 0.3306762265625 0.0350318609375 0.3268206765625 0.04566671875 0.3344967421875 0.0534048421875 0.344680265625 0.0549099890625 0.3512906859375 0.052275867187500005 0.3558707375 0.049982884374999995 0.3657705375 0.044426273437500004 0.378372434375 0.041518981249999996 0.38576477656249997 0.0421953484375 0.3958064375 0.040169615625 0.40744824687500003 0.0375929109375 0.4147983671875 0.03398814375 0.4243992484375 0.030682295312500003 0.42855963125 0.0292497609375 0.433008375 0.02449618125 0.43553694531250003 0.0204037734375 0.4346342734375 0.015702971875 0.4278186578125 0.0083845171875 0.42050484218750006 0.0048173328125 0.346347109375 0.028562025
0 0.37678869531250003 0.1642129375 0.38361688437499997 0.163290934375 0.3866542609375 0.1679616109375 0.3827308484375 0.1745527 0.3761757234375 0.18871924375 0.380721675 0.20192164531249998 0.3904686890625 0.20809302500000001 0.40566791249999995 0.2038122671875 0.4163009640625 0.1987218828125 0.42708065937499995 0.19405738125 0.43982908125 0.1868094828125 0.44642634687499994 0.176915825 0.4451548703125 0.1635386875 0.44093030000000005 0.15403664374999998 0.43544212499999996 0.1463988265625 0.42156886875 0.140695471875 0.4066629328125 0.145827996875 0.3970063734375 0.13438531874999998 0.3964259734375 0.11886471406250002 0.4038469125 0.10582917812499999 0.41729428437499994 0.11167917812499999 0.438498025 0.1096182953125 0.45524009374999996 0.10290078437500001 0.47217094687500005 0.10088204375000001 0.475158309375 0.0860384703125 0.4623115578125 0.0833163015625 0.4508407859375 0.0901242671875 0.4422388265625 0.08451136718749999 0.434530775 0.082878065625 0.431800734375 0.080483453125 0.4265918 0.072273109375 0.4153502546875 0.0589942984375 0.4029012953125 0.0532768953125 0.39833512187500003 0.05246726875 0.3715808453125 0.055010223437500005 0.358950971875 0.0598354140625 0.34988885937499997 0.0653376359375 0.344659703125 0.069520065625 0.3346834609375 0.08343546406249999 0.3303060703125 0.0873246046875 0.32514715 0.0986285125 0.3295885984375 0.11567791406250001 0.346471134375 0.1232033578125 0.35282512499999996 0.13197218125000001 0.3602539359375 0.13417801093749998 0.36687311875 0.1409500125 0.366370825 0.1477922484375 0.370093103125 0.1641365265625 0.37678869531250003 0.1642129375
0 0.538999190625 0.517244578125 0.5364841390625 0.5208401 0.5344640484375 0.5229004328125 0.52592333125 0.5258412375 0.5211580109375 0.5288468281250001 0.518253028125 0.5342825625 0.5191334984375 0.5408031906249999 0.52366421875 0.5450433671875 0.531225071875 0.5461930453125 0.5397657890625001 0.543252240625 0.5401356015625 0.539371815625 0.536614928125 0.534101471875 0.540055115625 0.5312109703125001 0.550131021875 0.528765128125 0.5534460609375 0.5235293890625 0.5502102921875001 0.51611380625 0.5434594859375 0.514344015625 0.538999190625 0.517244578125
0 0.5280379515625 0.42992113125 0.5227921515625 0.4255859875 0.518816759375 0.4259312546875 0.5133262984375 0.427821771875 0.507235846875 0.430942453125 0.5041107421875 0.43474803125 0.50484594375 0.436883209375 0.5071263953125 0.44053345625 0.5091967875 0.4435736515625 0.507491784375 0.4465490609375 0.5077521453125 0.452259640625 0.509527571875 0.45642496875000005 0.501217034375 0.46201603750000003 0.5018572671875 0.46486629687500003 0.5048829796875001 0.471671828125 0.5082583828125 0.47255672187500003 0.5152639125 0.46912095625 0.5171789718750001 0.46675559843750003 0.5166035250000001 0.4601299421875 0.5161632890625001 0.4568696296875 0.5190883953125 0.45347410468750005 0.52285373125 0.45251878593750006 0.5275743859375 0.455328803125 0.5325654640625 0.46486950312499997 0.5375911437500001 0.4675744921875 0.543366509375 0.463538734375 0.5429162125 0.45925831562499997 0.540405584375 0.45295780625 0.5385150671875001 0.4474673453125 0.536109465625 0.4414718609375 0.528928484375 0.4374618640625 0.5285083703125 0.4362417625 0.5280379515625 0.42992113125