0 0.5150651609375 0.098855078125 0.5628516328125001 0.1030253828125 0.58214933125 0.10531406562500001 0.6057001718749999 0.10916067812500001 0.6298420078125 0.102154071875 0.6273693109375 0.0914365390625 0.6117262953125 0.078158959375 0.619317053125 0.0781720375 0.6351833453125 0.0746752765625 0.63380630625 0.05832106875 0.6024339578125 0.0478356625 0.5759132109375 0.05145502656249999 0.5673205953125 0.06440892031249999 0.561654715625 0.077931709375 0.557769271875 0.0822949 0.538197665625 0.08141539375 0.5171195203125001 0.0882863109375 0.5150651609375 0.098855078125
0 0.5346533531250001 0.2949699109375 0.5427056109375 0.3082344125 0.5498854953125 0.310361246875 0.58495569375 0.30182286875000003 0.5767664781249999 0.28926295 0.5548159593750001 0.2849962015625 0.54000215625 0.29089116718749997 0.5346533531250001 0.2949699109375
0 0.517338625 0.34498233125 0.537508696875 0.3584086796875 0.5516377140625 0.35603663750000003 0.5594517484375 0.339275371875 0.5583054609375 0.3295468734375 0.5258374531250001 0.324698146875 0.517886453125 0.34216399218750004 0.517338625 0.34498233125
0 0.5090273890625 0.37992710937499996 0.505004996875 0.3849948859375 0.512004759375 0.395861184375 0.5252688625 0.405751528125 0.54667155 0.412836615625 0.549598284375 0.41340551562499994 0.5560427515625 0.40369009843750003 0.5441482234375 0.3867539078125 0.5090273890625 0.37992710937499996
0 0.5022957234375001 0.49268679843749996 0.50746440625 0.49734751875 0.5262142734374999 0.5024545375 0.5455119734375 0.504743215625 0.5589993609375 0.49785921875000005 0.5648959921875 0.49096213593750004 0.5680028484374999 0.4827915703125 0.5669935171875 0.47235848750000003 0.5610462484375 0.46389039218750006 0.5380432359375 0.4572254421875 0.5154079328125001 0.4564816140625 0.4983521859375 0.45828475781250005 0.484590878125 0.466577925 0.493558678125 0.48294521718750005 0.5022957234375001 0.49268679843749996
0 0.5365234156249999 0.566610971875 0.5519282078125001 0.5498627875000001 0.548403015625 0.53674705 0.5503204187499999 0.5268828671875 0.5490371656249999 0.5178589546875 0.5245707859375 0.5109095499999999 0.5052730875 0.5086208734375 0.4885850515625 0.5163451421875 0.4788029765625 0.5276054125 0.4820542609375 0.5421303203125001 0.48864314531249997 0.5551103703125 0.5007178015625 0.563307096875 0.50789768125 0.565433928125 0.5365234156249999 0.566610971875
0 0.5820437046875 0 0.5782129984375 0.003123628125 0.5752159484375 0.0158113359375 0.5780009625 0.020599176562499998 0.58548876875 0.0257703359375 0.6006488515624999 0.032432834375000004 0.61394746875 0.0350178234375 0.6293770750000001 0.034832168749999996 0.6346476578125 0.026832878124999997 0.6357125640625 0.01589284375 0.628523025 0.0091872296875 0.624715040625 0.00420054375 0.6333772953125 0 0.5820437046875 0
0 0.8644672218749999 0.7579574609375 0.8774872968749999 0.7398955140625 0.8776929109375 0.7277194203125 0.8747721484375001 0.702719553125 0.8743408890625 0.6893725703125 0.872359621875 0.6617630796875 0.8784057125 0.6395532859374999 0.8848514296875001 0.6219585640624999 0.8863476640625001 0.6075901265625 0.8897713921875001 0.5922002359375 0.8937254953125 0.5807527718750001 0.8945283937499999 0.5796875 0.8321228484375001 0.5796875 0.831551171875 0.582628521875 0.826248453125 0.6032376609375001 0.8198174953124999 0.6340984078125 0.8150546453124999 0.647482846875 0.8124712953125 0.6696676703125 0.8075028296875001 0.6952282078125 0.8051978500000001 0.7115336234375 0.809263721875 0.7217477703124999 0.8188505765625 0.7302428437499999 0.8338276656250001 0.7376914890624999 0.8395279015625 0.7394975640625 0.84209965 0.7462800078125 0.849211765625 0.756388221875 0.8644672218749999 0.7579574609375
0 0.84813305 0.7955517249999999 0.8465346171875 0.7871735656250001 0.8450982125 0.7800370203125 0.8423555609375001 0.7754701749999999 0.8353373562499999 0.7700722484375 0.8298957421875001 0.7690145046875 0.8201785750000001 0.7671256796875 0.8080864953125 0.7712291796875 0.8033039140625 0.777156878125 0.8026894656250001 0.792768978125 0.809589328125 0.805001240625 0.8177089609375001 0.813033503125 0.8254180640625 0.8169522375 0.8418721703125 0.81531011875 0.847745259375 0.8099977656249999 0.8501201703125 0.8040054375000001 0.84813305 0.7955517249999999
0 0.8014478765625 0.8149950328125 0.7962713124999999 0.809874171875 0.78966325625 0.8085896953124999 0.784432515625 0.817859540625 0.7812940687500001 0.82342145 0.778926309375 0.8250185218749999 0.7732916578125 0.832838309375 0.7737327046875 0.8411533203125 0.7715490953125 0.8523870140625001 0.768961575 0.86217065 0.7700819937500001 0.8740465828125 0.7694954593750001 0.8876480375 0.766504028125 0.8959816140625 0.7627419140625 0.908280025 0.75859445625 0.922560853125 0.7603571109375 0.9311327578125 0.7721231640624999 0.93410561875 0.785210828125 0.9373353765625 0.7835781453124999 0.9527908015625 0.783101490625 0.9622989734375 0.78759868125 0.9638589124999999 0.800098284375 0.956001990625 0.810982246875 0.9423448328124999 0.8174061515625001 0.9339926875 0.8241782640625 0.9167931749999999 0.8260864109374999 0.9034486171875 0.82707685625 0.8912972218749999 0.8278475406249999 0.8873323875000001 0.8327672109375 0.8937748609374999 0.8355574484374999 0.8970603203125 0.839907625 0.8958485890624999 0.8486435859375 0.8756019437499999 0.8497439124999999 0.85935726875 0.8476872249999999 0.8452420234375 0.847246178125 0.8369270140625 0.84350110625 0.827969765625 0.8367460343750001 0.8239136203124999 0.8276232046875001 0.8214545484375 0.8089921999999999 0.8185188218749999 0.8014478765625 0.8149950328125
0 0.1819144109375 0.079141434375 0.190153146875 0.08044410468749999 0.1975851234375 0.077705834375 0.19877585625 0.0770409546875 0.19842455625 0.0733873265625 0.1937424921875 0.064708984375 0.1858954921875 0.06139100937500001 0.17731321718749998 0.0591252265625 0.171120175 0.0582202 0.16731636249999998 0.058675929687499996 0.159149115625 0.0624663890625 0.1547297171875 0.0660890234375 0.15752621093750002 0.07081550625000001 0.166172209375 0.0754839046875 0.173675675 0.077838765625 0.1819144109375 0.079141434375
0 0.14152587187500001 0.0957905390625 0.1416610859375 0.10328628437500001 0.1412133875 0.10558948906250001 0.1516175078125 0.1094045171875 0.1583219734375 0.1104089546875 0.16587363593749999 0.1097854 0.17120395625 0.1069373875 0.1880094390625 0.1051248078125 0.1939708703125 0.104490921875 0.1910546890625 0.0976497234375 0.180019459375 0.09162057031250001 0.1736507671875 0.0888887296875 0.1654120296875 0.0875860609375 0.1584277515625 0.088021125 0.15173104843750002 0.0897072046875 0.143164303125 0.09282245312500001 0.14152587187500001 0.0957905390625
0 0.172985365625 0.114155565625 0.16429893125 0.11515610000000001 0.1583375 0.1157899875 0.1506179515625 0.11727724375 0.1427942421875 0.1220308171875 0.1378634203125 0.1255540421875 0.135481953125 0.1268838015625 0.13355594843750002 0.12860087343749999 0.1382224859375 0.131898184375 0.14731618124999998 0.134263378125 0.1522547640625 0.13343066875 0.16275528125 0.1312888640625 0.16496886093750002 0.13082280625 0.17081836718750001 0.13076471875 0.1775787953125 0.13148125625 0.1821738421875 0.12968543593749998 0.1848351203125 0.1269161734375 0.1864175890625 0.1242359875 0.18617821406249999 0.1200065578125 0.18003336875 0.116123115625 0.172985365625 0.114155565625
0 0.17977814375 0.204810728125 0.17431260937499998 0.2001629953125 0.1703253828125 0.1961013921875 0.1645722734375 0.1902026453125 0.1526183578125 0.1807083546875 0.1485269703125 0.17991307031249998 0.1397768109375 0.17851098906250001 0.13387134218750002 0.178856975 0.126894828125 0.18198255624999998 0.1205976234375 0.1843438453125 0.11356514843750001 0.18775732812499998 0.1101763625 0.1942693 0.1080902328125 0.1995405890625 0.1153698484375 0.20304705312500002 0.12384019843750001 0.2058886359375 0.1361625578125 0.205296075 0.14138871718749998 0.20571438125000002 0.14901186875 0.21018395625 0.1558437875 0.215993625 0.1602227484375 0.218039921875 0.166871253125 0.2193322609375 0.1723772234375 0.21831106406249998 0.1758934609375 0.216604321875 0.1780433140625 0.2137356484375 0.18280624843749999 0.211076125 0.17977814375 0.204810728125
0 0.13462666875 0.2241193546875 0.129792246875 0.22168574687499998 0.1218970484375 0.2213461890625 0.11587965468750001 0.222267975 0.1077046421875 0.2233679203125 0.1022624 0.22679173437500003 0.099944659375 0.23052411093749997 0.1069444640625 0.23547007656250002 0.1158702734375 0.23869897187500003 0.1245007453125 0.2379863359375 0.1286962953125 0.23551530625 0.13350742499999999 0.2298773671875 0.13462666875 0.2241193546875
0 0.158484925 0 0.166036865625 0.0067911515625 0.16830435625 0.00965214375 0.165087440625 0.017901040625 0.1610603875 0.019941870312500002 0.15486324375 0.0227709953125 0.151246721875 0.0289253515625 0.14972474062500002 0.034680100000000005 0.151625384375 0.0415035109375 0.1618932671875 0.0447095046875 0.1716104359375 0.04659833125 0.17922214375 0.046867778124999995 0.185365578125 0.0484653140625 0.1887344953125 0.0539606375 0.1979983453125 0.058181584375 0.20057896875 0.061506815625 0.20425009843750003 0.06544739375 0.21390263437499998 0.06974389375 0.21909574687500002 0.0679297234375 0.22253932031249998 0.058514765625 0.22017443593750002 0.052004487499999995 0.207617221875 0.0418995296875 0.20380590625 0.0407553125 0.20361111406250001 0.033456739062500004 0.20922477968750003 0.0232534875 0.2129386984375 0.02074841875 0.21461178749999998 0.014216296875000001 0.21178266250000002 0.0080191515625 0.20773376875 0.0060220078125 0.1986965765625 0.0006350015625 0.19714904687499998 0 0.158484925 0
0 0.12857999375 0.17231895 0.1332809546875 0.17056791875 0.1378326703125 0.16709208749999999 0.147662646875 0.1651267578125 0.15684425 0.16400441875 0.1626801296875 0.16513879843749998 0.16819182500000002 0.1666946734375 0.17691967656250002 0.1679066859375 0.18378606875 0.1612469546875 0.18403208124999998 0.1549961390625 0.178604578125 0.1517608421875 0.170654665625 0.1477929828125 0.1651429703125 0.1462371078125 0.1614080078125 0.1455111046875 0.154087325 0.14578389375 0.148724875 0.145952815625 0.1437839203125 0.146445921875 0.13823996875 0.147548584375 0.133305575 0.14925424375000002 0.128280428125 0.151426771875 0.1251162046875 0.15274975156249998 0.12047373750000001 0.1566924515625 0.11798412031250001 0.16202264375 0.11500193593750001 0.171133175 0.12037750625000002 0.17338935625000002 0.12857999375 0.17231895
0 0.390625 0.6039680484375001 0.38822078125 0.604973265625 0.3802826640625 0.6098397390625 0.3643755265625 0.6242281281250001 0.37379619218750004 0.6342168546875 0.3851195328125 0.6434100578125 0.390625 0.643263121875 0.390625 0.6039680484375001