0 0.43028815 0.40612510625000003 0.42348766875 0.4058099984375 0.41441914999999996 0.41009350468749994 0.411426278125 0.42270255468749995 0.4173057359375 0.4274400984375 0.42509263593749996 0.42452876875 0.4267030625 0.4220811109375 0.42897292187499997 0.410427021875 0.43028815 0.40612510625000003
0 0.495888659375 0.432649225 0.4945770703125 0.422840190625 0.4919484359375 0.42438854531250003 0.48317693281249996 0.4234708359375 0.4775554265625 0.4376282390625 0.48211965625 0.4466676984375 0.49296300625 0.43939879687500005 0.495888659375 0.432649225
0 0.4812187625 0.4202290015625 0.48308841406249997 0.414985159375 0.4799818765625 0.41294499843750004 0.475128084375 0.41400530625 0.471452228125 0.4146988140625 0.46818174375000005 0.41842398125 0.4667994359375 0.4238168203125 0.47088066250000005 0.42615497343750003 0.47963433125000005 0.42192538749999997 0.4812187625 0.4202290015625
0 0.46226341875 0.45259768125 0.4659207484375 0.444992659375 0.46433856718750005 0.43796655468749995 0.459445475 0.4339263265625 0.45664268437500005 0.4352502203125 0.45146212343750003 0.44347994062499996 0.45399821874999996 0.452615015625 0.46226341875 0.45259768125
0 0.47420552968749996 0.39680991875 0.47750230781249997 0.40229390625 0.48484906250000004 0.4042913640625 0.4928722609375 0.403262921875 0.4966513640625 0.3949688484375 0.49879367500000005 0.39040174843750003 0.5014661421875 0.38898077343750004 0.5050728921875 0.391824159375 0.508168321875 0.3922731859375 0.509375 0.39128518125 0.509375 0.3779784328125 0.5085941515625 0.3762398234375 0.509375 0.37421469531249996 0.509375 0.3555392296875 0.50797850625 0.35466598125000004 0.5045673046875 0.35362307187500003 0.4992991328125 0.3505204109375 0.49593862812499995 0.3484983203125 0.4924897640625 0.3459518765625 0.48659584687499996 0.3448959359375 0.48295000000000005 0.3495006984375 0.48035865937500005 0.3571632265625 0.4801558765625 0.36107995000000004 0.480041453125 0.365521028125 0.47835976718750006 0.373461665625 0.47571773124999994 0.3821033734375 0.47387235937499994 0.38651258906249997 0.47420552968749996 0.39680991875
0 0.97079550625 0.5361078390625 0.9738458578125 0.5378379515625 0.9935530078125 0.5143545390625001 0.990450703125 0.5030382203125 0.97738116875 0.49505482812499996 0.9696199812499999 0.495074575 0.9620860984374999 0.51191188125 0.9608239546874999 0.521893853125 0.963826675 0.5315846734375 0.97079550625 0.5361078390625
0 0.980349221875 0.5653470890625 0.9765779609375 0.5562188296875 0.9637075953125 0.5514864375 0.9560459921875 0.5531316859375 0.950073009375 0.5648635171875 0.946604825 0.5781586703125 0.953872409375 0.5875583359375 0.9695181875 0.5851639875 0.978119365625 0.572640621875 0.980349221875 0.5653470890625
0 0.8938232671874999 1 0.892399815625 0.9906724718750001 0.8666407015625 0.9803047906250001 0.8564653296875001 0.9771938671875 0.8474143921874999 0.9752574921875 0.8362729140624999 0.9801589703125 0.834958384375 0.9893110125 0.8456425281250001 1 0.8938232671874999 1
0 0.899658896875 0.9135526031250001 0.9089236265625 0.9172158921875001 0.9213478687500001 0.9226759203125001 0.92722080625 0.9253022359375 0.9416986078124999 0.9288977656249999 0.9556141953124999 0.9319060234375 0.9611150125 0.9236184703125 0.965705190625 0.9158832796875 0.9634933015625 0.9085608234375 0.9539171265625 0.9010638203125 0.9403684515625 0.8944292453125 0.934165575 0.8904558921874999 0.9252492703125 0.8856529640625 0.9138333218750001 0.881747365625 0.899007096875 0.879291478125 0.8918566046875 0.8808438515624999 0.8854451453125 0.8896837703125 0.8831223234375001 0.897281378125 0.8871370015625001 0.9059857828125001 0.899658896875 0.9135526031250001
0 0.9433250984375 0.8168247687499999 0.9310776765625001 0.8180650140625 0.9230957046875 0.8247632296875 0.9135062515625 0.834293090625 0.9076570078125 0.843720284375 0.90328061875 0.8531823890625001 0.9083036 0.8634412250000001 0.9179589343749999 0.8755317046875 0.929570190625 0.8836508937499999 0.946278371875 0.8920822046874999 0.9755269328124999 0.9055936593749999 0.984071115625 0.899482721875 0.9886797875 0.8892608546874999 0.9835406703125 0.8793819031250001 0.97927521875 0.8739239390625 0.9800090406249999 0.8666712984375 0.9792700046875 0.8593837515624999 0.9928504484375 0.84650478125 0.9937189015625 0.8363855843750001 0.9833482281249999 0.8290610671875 0.9650510453125 0.8209747281249999 0.9433250984375 0.8168247687499999
0 1 0.7839216890625 0.9834065531249999 0.7754937921875 0.9696862718749999 0.7766991296875 0.9645153875 0.78633371875 0.9660119437500001 0.7984221406249999 0.976791721875 0.8116871703124999 0.9954742968750001 0.8136605093749999 1 0.81335215625 1 0.7839216890625
0 0.9073206859375 0.92162375 0.896539725 0.9162574093750001 0.8897238453125 0.9141735859375 0.8849797453124999 0.9147934390625 0.88106533125 0.923533975 0.8795700046875 0.9338422078124999 0.8797894968750001 0.94260444375 0.8801778140625001 0.9481058640625 0.8847313890624999 0.9548807328125 0.89743700625 0.9620776609374999 0.9137507453125 0.9683074312500001 0.92653111875 0.9684883 0.9358721937500001 0.9663755078125 0.9394393015625001 0.9587709515625 0.9423335015625 0.94930445 0.9388218359374999 0.9391216421875 0.9316803515625001 0.9340398921874999 0.9230555828125 0.9297468203125 0.913294834375 0.9251064453125 0.9073206859375 0.92162375