0 0.4922111546875 0.5045180109375 0.508782434375 0.4949283890625 0.514132509375 0.4868466953125 0.5052434609375 0.47981789375000006 0.48937185781250003 0.484891065625 0.47212844687500005 0.4915350703125 0.45422653437499994 0.5012795984375 0.45002876406250003 0.5088239640625 0.4635682109375 0.51228751875 0.479576965625 0.5090127 0.4922111546875 0.5045180109375
0 0.44458388437499996 0.435474025 0.446819775 0.44327736093750003 0.44695663281250003 0.4646300515625 0.45724503437499997 0.4626259484375 0.4673414828125 0.45419328593749997 0.47295223281250004 0.443662153125 0.47488656406249996 0.4357765171875 0.47388533125 0.42460399375 0.462664125 0.4261119171875 0.44458388437499996 0.435474025
0 0.4352607984375 0.4572988203125 0.430498334375 0.45657090624999996 0.419896225 0.458074615625 0.41010363437499997 0.451829121875 0.41056170937500003 0.4496497265625 0.40184630156249995 0.44044469687500004 0.39358679531249996 0.4364330015625 0.38769491875 0.433283053125 0.389230178125 0.42814412031250004 0.3939404125 0.4234904609375 0.39873225 0.41585006562500004 0.397389575 0.40664720625 0.38097936718750003 0.394641496875 0.373014728125 0.3944238875 0.36469864531249996 0.399776084375 0.36372591875000004 0.413498765625 0.360115721875 0.4289427671875 0.35245029687499996 0.41777377812500005 0.3469370671875 0.40805844375 0.3364165609375 0.4065754140625 0.328177734375 0.423686334375 0.3246491421875 0.43614359843750006 0.33365724218750004 0.45651544531250005 0.34635714375000004 0.45845655 0.3411616328125 0.46628518124999996 0.332793321875 0.46625580624999996 0.32552722031250003 0.46964404374999996 0.3237221234375 0.477366046875 0.325817740625 0.4881835921875 0.33307949375 0.4995408171875 0.3379213875 0.504654725 0.34537572031249997 0.5016701578125 0.3529366890625 0.5020760046875 0.3574565125 0.50439140625 0.3651262859375 0.5008149328125 0.37279605937500004 0.49723845781250003 0.37661734375 0.4959480125 0.3816224453125 0.4950884390625 0.3920091171875 0.4941766375 0.4014546140625 0.4912464734375 0.4054913359375 0.4893641203125 0.4198625015625 0.481188390625 0.4277205109375 0.4780155890625 0.43582115625 0.47325530000000005 0.43851302812500004 0.4695428203125 0.4380843296875 0.46335390312499997 0.4352607984375 0.4572988203125
0 0.055207634375 0.259175521875 0.0428297828125 0.2687241640625 0.0431184015625 0.285584975 0.0552706109375 0.2899896515625 0.0714418734375 0.284966703125 0.08177813125 0.2782584515625 0.0871154921875 0.2644393359375 0.075044034375 0.251184575 0.060705339062499995 0.2547235234375 0.055207634375 0.259175521875
0 0.1352123890625 0.2250159890625 0.12500556875 0.21215065156250001 0.10748392968750001 0.219691665625 0.1010859765625 0.22582237656249998 0.09102288593749999 0.2349210859375 0.09581275312500001 0.243388340625 0.0993971359375 0.2492704234375 0.1123533890625 0.24637611874999998 0.122721715625 0.2415412890625 0.1332669984375 0.23347664687499997 0.1352123890625 0.2250159890625
0 0.2884866390625 0.15669032656249998 0.2877312796875 0.153265803125 0.2570930453125 0.15433400625 0.250759228125 0.1642115625 0.2535716375 0.1792660515625 0.2587795609375 0.185020525 0.2763332671875 0.179352934375 0.284595859375 0.173611646875 0.2897883296875 0.164895765625 0.2884866390625 0.15669032656249998
0 0.3038229515625 0.1300256546875 0.2995628 0.13893624531249998 0.30465790312499996 0.1516673796875 0.311007171875 0.156260175 0.323722328125 0.1528488375 0.3359232203125 0.1465300078125 0.338045571875 0.1348395359375 0.3257971546875 0.12481458906250001 0.31073516875 0.126802434375 0.3038229515625 0.1300256546875
0 0.80711501875 0.6012621828125 0.8057199625000001 0.5843355140625001 0.795780825 0.5829280515625 0.7716439187499999 0.5908875499999999 0.759233759375 0.596125215625 0.7440645203125 0.6213252296875 0.7403848109375 0.637322575 0.735863546875 0.6515151953125 0.7352860296875 0.6622209546875 0.735839528125 0.6773428984375001 0.7486450421875 0.6829066203124999 0.775490184375 0.6747828250000001 0.7854801671875 0.6563922375 0.7941555671875 0.6391639359375 0.8030936046875 0.6185174421874999 0.80711501875 0.6012621828125
0 0.8537325390625 0.587763384375 0.8622512015625 0.5821432062499999 0.8621184812499999 0.5679236265625 0.8410046937500001 0.5684312609375 0.8279901890625 0.5783450359375 0.82699189375 0.5881484328125001 0.832618753125 0.588271021875 0.8397974093749999 0.5937121546874999 0.8537325390625 0.587763384375
0 0.8798448249999999 0.617882146875 0.892517621875 0.6092262890625 0.884497409375 0.6019804296875 0.8708249140625 0.6045110078125 0.8625957140624999 0.6127426453125 0.8673555937499999 0.6209595343750001 0.8798448249999999 0.617882146875
0 0.8871307796875 0.6474418875 0.88807683125 0.6415078640625 0.8874979109375 0.636284946875 0.8703024453125 0.64320475 0.8683835203125 0.6490431437499999 0.8722227734375 0.65329503125 0.882845328125 0.6521866640625 0.8871307796875 0.6474418875
0 0.921100928125 0.632699921875 0.9131075390625 0.631483715625 0.9082177421875001 0.6409046 0.9082445671875 0.6469342499999999 0.9170004421875 0.6477949062499999 0.925887634375 0.6469464640625 0.931566740625 0.643199678125 0.932171084375 0.638523571875 0.92854221875 0.6347228640625 0.921100928125 0.632699921875
0 1 0.9347065578124999 0.9959062234375 0.9284885890625001 0.9911717624999999 0.9103726734375 0.980311996875 0.9050002078125001 0.9606172859375001 0.8966068093749999 0.9342705921875 0.89186456875 0.9170737250000001 0.8828556921875 0.92908853125 0.8668166390625001 0.947415009375 0.864313021875 0.9683170062500001 0.8474255265625 0.977071478125 0.8323575015625 0.9705762375000001 0.8244005375000001 0.9660535687499999 0.82266448125 0.9616353953125 0.8131896765625 0.969733275 0.8066671359375001 0.9760957984375 0.80040451875 0.9679174421875001 0.78883810625 0.9723073890625 0.77635458125 0.9832180015624999 0.7619289953124999 0.9798771937499999 0.744811071875 0.9474814578125 0.723115203125 0.925262075 0.7093076296875 0.9095111109375 0.6974273703125 0.898861734375 0.6925060859375 0.8700171921875001 0.6883793218750001 0.8629698546875 0.681229090625 0.8523727234375 0.67243843125 0.84201280625 0.67012860625 0.829234115625 0.6705945359375 0.8116178734374999 0.6766119734375 0.7939493859375 0.6864987874999999 0.7801992203125 0.702797765625 0.78211955 0.7128880484375 0.783408709375 0.7216247859375 0.7830938265625 0.7289123531249999 0.781885140625 0.73826456875 0.776023871875 0.763518503125 0.7746838671875 0.7745798140625 0.7727917671875 0.7864478640625 0.7701640046875 0.8047011140624999 0.7672990296875 0.81647353125 0.7689835453125 0.8360116609375 0.772980940625 0.8445841015625 0.784919478125 0.8582421265625 0.782369384375 0.862726978125 0.7750085671875 0.8787929921875 0.782503509375 0.8928752359375001 0.790655040625 0.8984119984375001 0.797544234375 0.9012416734375 0.8033292375000001 0.905684815625 0.80543313125 0.9101966296875 0.78342834375 0.9446262703125001 0.7839295984375 0.9636175874999999 0.7814853984375 0.97629236875 0.7801453953124999 0.9873536812499999 0.7782371203125 1 0.9230089093749999 1 0.93236008125 0.9932750265625 0.9572072265625 0.9888293499999999 0.9721152328124999 0.9829762046875 0.9798445828125001 0.971681928125 0.989889615625 0.981279321875 1 0.9769239875 1 0.9347065578124999
0 0.5924089718750001 0.102716459375 0.6019533515625 0.09959706874999999 0.609146746875 0.0935802796875 0.61999331875 0.0825319109375 0.627809565625 0.07356222343749999 0.6296781296875 0.06470352968750001 0.6247212109375 0.058361993749999994 0.6160256140625 0.0504357640625 0.6091711156249999 0.044313471874999996 0.6032799140625 0.0424012859375 0.5904502640625 0.047052621875 0.5792632484375 0.050937984375 0.568671621875 0.06253308125 0.567312946875 0.0724852390625 0.5672289984375001 0.08517105312499999 0.5745369046875 0.0944099875 0.5924089718750001 0.102716459375