0 0.38344310312499996 0.141128803125 0.39038470468750003 0.13758677187499999 0.398692959375 0.1391451578125 0.4022483125 0.1335669109375 0.4071500640625 0.12594586562500001 0.409375 0.11999215625 0.409375 0.110475834375 0.4074262234375 0.10106187656250001 0.3965106890625 0.0909509265625 0.3881606390625 0.0868806890625 0.379157003125 0.09686235625 0.37640022968750003 0.10895475624999999 0.3756839515625 0.119238884375 0.3777643109375 0.1376043296875 0.38344310312499996 0.141128803125
0 0.38461396875 0.2055733578125 0.3846335796875 0.2186038609375 0.3898703234375 0.22519034062499999 0.4037516 0.235768146875 0.4089680890625 0.2352114109375 0.409375 0.23447674062499999 0.409375 0.2067199 0.40209367812499996 0.20131019218750001 0.394668875 0.1995150859375 0.38461396875 0.2055733578125
0 0.394151278125 0.3165551 0.39497011249999997 0.33021246875 0.3975356 0.33625318437499996 0.40230939687499995 0.344645740625 0.40649487031250003 0.347308821875 0.409375 0.3478166546875 0.409375 0.313618634375 0.394151278125 0.3165551
0 0.3990138078125 0.2828730453125 0.3970360046875 0.28844909687500003 0.3995172609375 0.2953533953125 0.4004425078125 0.2976285265625 0.40780461875 0.29565585625 0.409375 0.2936253109375 0.409375 0.2850957984375 0.4054715671875 0.27988116875 0.3990138078125 0.2828730453125
0 0.400264296875 0.4303241546875 0.3989306828125 0.4334851125 0.399829078125 0.43916313125000006 0.40193179062500006 0.44701056093749997 0.4029135015625 0.45 0.409375 0.45 0.409375 0.41791683749999997 0.40627879062499994 0.419055678125 0.40583798125000003 0.4232234609375 0.40669464062499994 0.426420559375 0.400264296875 0.4303241546875
0 0.397192 0.37351749375 0.39783589375 0.3770831171875 0.399995615625 0.38398073125 0.4021706140625 0.387447609375 0.40632312031250006 0.3913191546875 0.409375 0.39340871875 0.409375 0.3685772484375 0.40645091874999995 0.3685444703125 0.3992988046875 0.368591796875 0.397207275 0.370086759375 0.397192 0.37351749375
0 0.0706273390625 0.485177028125 0.0853607265625 0.4722268265625 0.08254747500000001 0.46172763437500003 0.080296875 0.453328278125 0.06373158437500001 0.45326573281250004 0.047872896875 0.46201625625 0.0466168 0.47585643125 0.0515803015625 0.48202846718750003 0.0706273390625 0.485177028125
0 0.125744871875 0.5611825453125 0.1439981125 0.56754460625 0.17497845 0.5719968546875001 0.176709996875 0.5722830859375 0.21222197656250003 0.5627676796875 0.22167352187499997 0.560985346875 0.2654681484375 0.5515012109375 0.25147179999999997 0.5424981203125 0.2279803140625 0.54129064375 0.204907525 0.5354697749999999 0.1849227359375 0.52882148125 0.16765084218749998 0.5199458703125 0.142802909375 0.5198520531249999 0.1157175265625 0.5361119624999999 0.11773697187500001 0.5498246515625 0.125744871875 0.5611825453125
0 0.2844008984375 0.9076576390625 0.301657078125 0.8918185578125 0.3136775703125 0.8810956750000001 0.2947177265625 0.86592054375 0.2779648859375 0.8651580546875 0.24170270624999998 0.8718736765624999 0.2269693203125 0.884823878125 0.2332020671875 0.9019088203125 0.24565441250000003 0.9113256281250001 0.2844008984375 0.9076576390625
0 0.260585740625 1 0.2886773671875 0.990151 0.2898898671875 0.9823241093749999 0.2787503703125 0.9778069281249999 0.2496019359375 0.9863674250000001 0.24609523906250003 0.9918082437500001 0.2482902140625 1 0.260585740625 1
0 0.17428500156249999 0.5879368640625 0.1530441171875 0.59512874375 0.16240846250000002 0.6053729765625 0.1702724078125 0.6100176421875 0.200690096875 0.612370046875 0.2492606671875 0.6083580015625001 0.259405653125 0.590635659375 0.24115241250000002 0.5842735984375 0.2021205859375 0.5744767421875 0.17428500156249999 0.5879368640625
0 0.22469303593749998 0.7228516234375 0.20250911562499999 0.720627378125 0.18785011406250002 0.7268890765625 0.1796559 0.7355027453125 0.176837725 0.7467601125 0.1813881328125 0.7572099890625 0.190507090625 0.76293498125 0.208015684375 0.771663096875 0.21223528125 0.7787008671875 0.2144441921875 0.8043645906249999 0.2217555546875 0.8164085046875 0.234471565625 0.8246704140625001 0.2465259515625 0.8261081140625001 0.2713144875 0.8206329609375 0.283689215625 0.8167337046875 0.290833765625 0.8107351234375001 0.294196315625 0.7993318921875 0.28972407499999997 0.79352873125 0.2822382359375 0.787366146875 0.2747524 0.7812035625 0.26649815625 0.7699957515625 0.2598379484375 0.7560269890625 0.25382889531249997 0.7401333765625 0.24532200624999997 0.730160178125 0.22469303593749998 0.7228516234375
0 0.6563366453125 0.13925606875000002 0.6649830109375 0.1355355546875 0.6666023359375 0.1280830140625 0.666024140625 0.12367582343750001 0.6642694796875 0.11712733906249999 0.66692573125 0.1090460234375 0.665119271875 0.10005489375000001 0.6559465078125 0.101810865625 0.64703694375 0.10454910625 0.639040640625 0.10844637187499999 0.6314470703125 0.11609597499999999 0.6293013484375 0.121583971875 0.6186529875 0.12233159843750001 0.6104135515625 0.11857350156249999 0.5988836656250001 0.1272778390625 0.5998127953125 0.1329947265625 0.603904515625 0.1392679296875 0.617380396875 0.14232478906249998 0.631366809375 0.1427883265625 0.6353908609375 0.1420610171875 0.64175196875 0.1410584296875 0.6563366453125 0.13925606875000002
0 0.6333202734375 0.1815693015625 0.6478690171875 0.1818821625 0.658042778125 0.1816126375 0.66443981875 0.178494825 0.6692376 0.17615646875 0.677883965625 0.17243595312499999 0.6829290796875 0.16652200156250002 0.6812621515624999 0.1603009421875 0.67458604375 0.15787861406249998 0.6686118 0.158075678125 0.6654492125 0.15751936093750002 0.653097990625 0.15416115 0.635051596875 0.1565401421875 0.6288300203125 0.16031280312500001 0.623011178125 0.16783780312500002 0.6261177671875 0.1771824265625 0.6333202734375 0.1815693015625
0 0.6431389046875 0.19122103125 0.6303807546875 0.1953414328125 0.6268989687500001 0.20259115312499998 0.63102661875 0.2067491359375 0.6427795734374999 0.21237324531250001 0.6486660859375 0.2118487546875 0.6538147999999999 0.21082009375 0.661775165625 0.20903805156250002 0.6750956484375 0.204766975 0.6769422421875 0.200411928125 0.6732891875 0.195775846875 0.664786553125 0.1910354765625 0.6554742546875 0.190021378125 0.6431389046875 0.19122103125
0 0.653619265625 0.216838334375 0.64483336875 0.2177887796875 0.6368729984375 0.21957082031250003 0.6342526765625001 0.2255369171875 0.6349027390625 0.2257136640625 0.6397163875 0.2279331734375 0.6421929796875 0.2304279609375 0.6467434296875 0.2316651984375 0.6538423359375 0.23116678125 0.6604148421875 0.2287038171875 0.66315883125 0.22094992656249998 0.6622455671874999 0.2197909046875 0.653619265625 0.216838334375
0 0.6380732734375 0.050202640624999996 0.6322188859375 0.0490046296875 0.6264488890625 0.0464006578125 0.62782395625 0.0446488640625 0.631057821875 0.03778785625 0.629905034375 0.03348559375 0.6281223515625001 0.030274340625 0.625479215625 0.027293645312499996 0.6219221265625 0.027785650000000002 0.6158989578125 0.029399553125 0.609707009375 0.033825371874999996 0.603830009375 0.037705684375 0.5995360234375 0.04577298125 0.5991984640625 0.0513968125 0.6091245578125 0.050581584375 0.6173915234375 0.053899839062499996 0.6089949421874999 0.06214419375 0.603463778125 0.067315184375 0.6023501578125 0.071763615625 0.6079596515625 0.08409401093749999 0.611839965625 0.0899710109375 0.6194152578125001 0.0907079078125 0.62947924375 0.0852445796875 0.6375917640625001 0.0793819171875 0.6406794625 0.070254496875 0.6430754875 0.05854572031250001 0.6380732734375 0.050202640624999996
0 0.6618659671875 0.42614944374999997 0.6570964671875 0.4305811140625 0.6542885843749999 0.43448717031250006 0.6548611453125 0.43923948749999997 0.66114965 0.44701554843749997 0.666318875 0.45 0.6726261359375 0.45 0.7438302484375 0.432570359375 0.7599142718749999 0.42720942968750003 0.7645022796875 0.4168694265625 0.757384696875 0.4086146984375 0.7473309734375 0.4064028515625 0.7405529078125 0.4085694375 0.7358240640625 0.410537346875 0.7255607703125 0.41538984531249995 0.7127867671875 0.4174109921875 0.7054596125 0.416220609375 0.6953011046875 0.4175409359375 0.6835079140625 0.41929927187500005 0.6759242421875 0.42238254062499997 0.66611614375 0.42501061250000005 0.6618659671875 0.42614944374999997
0 0.6631721453125 0.3088056484375 0.6766137609375 0.315462859375 0.6918414140625 0.311382621875 0.7006762484375 0.323471034375 0.700172571875 0.3389943171875 0.691860396875 0.3514804421875 0.67885385625 0.34470665 0.657558009375 0.345283415625 0.6403881328125001 0.3508166953125 0.6233577015625 0.35164948125 0.61934218125 0.366248509375 0.63196775 0.3698601921875 0.643885478125 0.3638689703125 0.6520749484375 0.37006823906249997 0.6596502890625 0.3722352484375 0.662206640625 0.374814465625 0.6668301624999999 0.383368165625 0.6771180390625 0.39739880156249996 0.6891378484375 0.40397067187499996 0.693636421875 0.4050968484375 0.7205029140625 0.40442637187499997 0.7334386109375 0.40049395 0.7428624640625 0.3956372734375 0.7483706328124999 0.3918297984375 0.7592932625000001 0.3786442046875 0.7639312828125 0.3750698875 0.7698661578125 0.3641533859375 0.7666248343750001 0.34683569531249997 0.750308371875 0.3381509171875 0.7445815421875001 0.32896022187499996 0.737324696875 0.3262415578125 0.7311940296875 0.319024321875 0.7321723890625 0.312233790625 0.7295992984375 0.2956696734375 0.722925346875 0.2951263890625 0.7160494749999999 0.29556983593749997 0.7133453078125 0.290698659375 0.717718934375 0.28439730937499996 0.7252462984375 0.2707225375 0.7216323734375 0.2572351859375 0.7123395968749999 0.250398921875 0.6968787875 0.2536090078125 0.68591655 0.25794526875 0.6748377343749999 0.261846453125 0.6616147796875 0.2681874109375 0.6543434375 0.27759676718750004 0.654678675 0.2910300125 0.658230125 0.3008036 0.6631721453125 0.3088056484375
0 0.5810086484375 0 0.5813517609375001 0.0012805125 0.583333278125 0.0074291984374999995 0.59021704375 0.0119303484375 0.590551025 0.013176782812500001 0.59057939375 0.01951483125 0.595510009375 0.02420534375 0.599499803125 0.024138228125 0.605108765625 0.0226353109375 0.61140206875 0.0199470796875 0.6147850234375001 0.0163687671875 0.6142005562499999 0.0141875046875 0.6121802875 0.0103870734375 0.6103270109375 0.0072098609375 0.6122354156250001 0.004360634375 0.6123411921875 0 0.5810086484375 0