0 0.23581386875 0.3960593359375 0.235782321875 0.40790181875 0.23556132187499998 0.4215468171875 0.23928731875000003 0.42649451093749996 0.247307665625 0.4309823421875 0.25763307343749997 0.4366236625 0.2652429265625 0.4392459203125 0.2730106421875 0.43459505 0.278946928125 0.4242843984375 0.285862065625 0.410431765625 0.2892091125 0.40167140312500005 0.2890512078125 0.39163143906250003 0.27537870937500003 0.37743739062500004 0.264263903125 0.37353553281249996 0.25229656093749997 0.3777450046875 0.24332895312499997 0.3822697625 0.23581386875 0.3960593359375
0 0.6262474859375 0.4720776765625 0.6329129796874999 0.4696638453125 0.63254661875 0.4644346625 0.6241345203125 0.45732170625 0.621344690625 0.4577205734375 0.61889991875 0.4591938421875 0.6171305968749999 0.46731295937499995 0.6262474859375 0.4720776765625
0 0.6278809625 0.452178753125 0.6360559171875 0.4571905140625 0.64952275 0.46414265625000006 0.6605888296875 0.4590769375 0.6580654859374999 0.45258291406250006 0.650796490625 0.44766637343750004 0.64216855625 0.44260700000000003 0.63182194375 0.44082743750000003 0.62916133125 0.44435429062500004 0.6262489062500001 0.4502769921875 0.6278809625 0.452178753125
0 0.6638837093750001 0.43208569218750004 0.6549386390625 0.438758515625 0.65815210625 0.44740134375 0.661833225 0.45159474062499994 0.6732869671875 0.45591298281250003 0.681893603125 0.4568175765625 0.6851870625 0.4516270140625 0.6870856062499999 0.4466358828125 0.6873520921875 0.4397429921875 0.6838148671875001 0.434180540625 0.6785229890625 0.43224016093750006 0.67134724375 0.4307938703125 0.6638837093750001 0.43208569218750004
0 0.702006046875 0.43540042031250004 0.6950674390625 0.4360553234375 0.6901419265625 0.43934412656250005 0.68855246875 0.4457519203125 0.6880488406249999 0.4505436171875 0.68904805 0.4541090890625 0.69867519375 0.46273393125 0.710704509375 0.46157594843750005 0.7189807593750001 0.45690909843750005 0.7214761765625 0.4505965234375 0.7161057265624999 0.4406888515625 0.70782285 0.43670388125 0.702006046875 0.43540042031250004
0 0.699177403125 0.4797429203125 0.6998968703124999 0.47289763906250004 0.695417709375 0.46758223125000004 0.6839133203125 0.46810329531250006 0.6823598359374999 0.4741688296875 0.6835389125 0.47602297812499994 0.689520909375 0.48011216093750003 0.699177403125 0.4797429203125
0 0.6567095734375 0.464393846875 0.6537470671875 0.4674134921875 0.6541372812499999 0.47268896250000003 0.6588979625 0.47533069843750003 0.6680043796875 0.47557403125000003 0.6704667328125 0.47012251875000005 0.666190646875 0.46586620781250004 0.657207903125 0.4644462234375 0.6567095734375 0.464393846875
0 0.6799462390625 0.49478173437499995 0.6824783812499999 0.496922821875 0.685348203125 0.49847441875 0.6929278265625001 0.49718779375000005 0.69608801875 0.49335338906250004 0.694131778125 0.48835624375000003 0.68969069375 0.48601451874999996 0.6849464109375 0.48655751093750005 0.6797994828125 0.48830815312500003 0.6782971796874999 0.49210847968750004 0.6799462390625 0.49478173437499995
0 0.6348540359375 0.42576061093749995 0.637846534375 0.426075134375 0.6456899390624999 0.4262943984375 0.649831809375 0.42430928124999995 0.6506666531249999 0.4250021390625 0.6543367359375 0.42750576875 0.6584947828125001 0.428245353125 0.6621801421875 0.42772503281249996 0.6668261531249999 0.4267005703125 0.6706373203125 0.4249832484375 0.67424359375 0.4223367265625 0.6783378328125 0.41792615624999996 0.6789830593749999 0.414665859375 0.6769350375000001 0.41112248906250004 0.67329640625 0.4083196078125 0.6696263234375001 0.405815975 0.665798978125 0.40480859531249996 0.6609480734375001 0.4049038546875 0.6587904203125 0.4052821875 0.6540185984375 0.4075036515625 0.6520029296875001 0.4094096859375 0.6484910140625 0.411158459375 0.648380478125 0.40933150625000003 0.6486950031250001 0.4063390078125 0.6474503734375 0.40378774531249995 0.6440795390625 0.40131556718750006 0.638251803125 0.3991902671875 0.63319600625 0.398356325 0.6255574937499999 0.399066265625 0.6191007078124999 0.402925965625 0.6168019703125001 0.4075252515625 0.6187089078125 0.415289571875 0.6211029078125 0.4155411921875 0.6334350609375 0.41623224218750005 0.6344909765625 0.420579003125 0.6348540359375 0.42576061093749995
0 0.2688993140625 0.9125641171875 0.2815732296875 0.9463629859375 0.296594765625 0.9327906453124999 0.30533494375000003 0.91639365625 0.3135763359375 0.9172598609374999 0.32711776718749996 0.951149909375 0.338845478125 0.9480536328125 0.3390625 0.9476832234374999 0.3390625 0.7733431453125 0.337985753125 0.77264263125 0.3292943453125 0.7760580312500001 0.31951041562500004 0.7815230546875 0.31295528125 0.7938208 0.2987037171875 0.8334474921874999 0.2935324390625 0.79502605625 0.28937239843749996 0.7761909734375 0.277949684375 0.7847304312500001 0.2743671203125 0.7854361140624999 0.2706070234375 0.8045209859375 0.26835695 0.825929015625 0.2678093890625 0.8561737968750001 0.267020565625 0.8928865781249999 0.2688993140625 0.9125641171875
0 0.1400485515625 0.85694196875 0.1507269015625 0.8891882125 0.15996731875 0.8889623500000001 0.17157215312500002 0.8662406031250001 0.1732438578125 0.8364894765625 0.1770835984375 0.8045720718749999 0.1736186203125 0.8006166671875 0.1555995859375 0.8059052328125 0.141862678125 0.8212204484375001 0.1400485515625 0.85694196875
0 0.0702497796875 0.8148907046874999 0.07993402031249999 0.8242880703125 0.090489365625 0.8253974812499999 0.10431474999999998 0.8184710765625001 0.10765671875 0.7912896500000001 0.1092219640625 0.7579361125 0.10236393749999999 0.7308796921875 0.10200205625 0.7296875 0.057861103125 0.7296875 0.055734559375000006 0.7499202109375 0.06021162343749999 0.7719380890624999 0.0702497796875 0.8148907046874999
0 0 0.9083507531249999 0.0017251484375000001 0.9068591421875001 0.009843043749999999 0.9053253609375 0.02475540625 0.914849403125 0.03660258125 0.9232556125 0.0472468328125 0.9203960234374999 0.058510253125 0.9040751390624999 0.0638512765625 0.8911101312499999 0.0660018515625 0.8706487734374999 0.0627263140625 0.8488214390625 0.057297825000000004 0.8323375015625001 0.044829103125000005 0.822274628125 0.0379519234375 0.8120037796874999 0.038736523437499996 0.796968534375 0.031029821875000002 0.7794494796875 0.019057385937499997 0.764664753125 0.008826709375 0.763589465625 0 0.76325255 0 0.9083507531249999
0 0.784539590625 1 0.7830488265625 0.994518728125 0.7743446234375 0.9930185046875 0.768618478125 0.9988557859375 0.7685817765625 1 0.784539590625 1
0 0.7461739656249999 1 0.7465232796875 0.998289609375 0.7434843718749999 0.9915310843749999 0.728927465625 0.9905864687499999 0.7248540546875 0.9936705828125 0.72278436875 1 0.7461739656249999 1
0 0.48445031250000004 1 0.48558088125000004 0.993693075 0.4862174140625 0.98439398125 0.485444621875 0.975532134375 0.4810243953125 0.965701553125 0.4766698671875 0.9617316265625 0.47978792812500004 0.9515226 0.48624916406249996 0.9451772078125 0.48225490625 0.931293775 0.4765847609375 0.93011244375 0.4692618796875 0.9316842781249999 0.4615787328125 0.943169615625 0.4561337015625 0.956060940625 0.4553706109375 0.9600783609375 0.45402699062499996 0.9663762609375001 0.45048295937500005 0.9806381390625001 0.45085777812499994 0.9900435296874999 0.457235009375 0.9942260515625 0.4615566828125 0.9952656546875 0.46829903437500003 0.9959743046874999 0.47323586874999995 1 0.48445031250000004 1
0 0.4419747640625 0.9545727765625 0.44068229687500005 0.9474124328125001 0.43574239062500003 0.9392833578124999 0.42590512968749994 0.9388347937500001 0.41922848281249997 0.9439867984375001 0.413722596875 0.9574571015625001 0.4103282734375 0.9670517140625 0.41094650625 0.974141190625 0.41141017812499997 0.979458296875 0.41178499999999996 0.9888636875 0.41549814218750003 0.995693078125 0.42190337343750006 0.9963662953125001 0.42655731562500004 0.991001696875 0.4285143171875 0.9853536374999999 0.4301670546875 0.9826004749999999 0.437728496875 0.972273090625 0.4419747640625 0.9545727765625
0 0.401904084375 0.930458434375 0.3965430546875 0.9328218406250001 0.3870806140625 0.9417786687499999 0.3854607296875 0.9474621624999999 0.38457593437500004 0.9526375406250001 0.3833868734375 0.9607078093749999 0.3826006328125 0.9746741671875 0.386004659375 0.9779588203125 0.3916419515625 0.9762098234375 0.39911454218750003 0.969970728125 0.40339851250000003 0.96164036875 0.406699134375 0.949694409375 0.4074245203125 0.9363070296875 0.401904084375 0.930458434375
0 0.3774490640625 0.9296442328125 0.3736519171875 0.9333427593750001 0.37043530156250004 0.9347608046874999 0.36764950625 0.9385656296875 0.365570796875 0.9453716468750001 0.36551479531250003 0.9523902578125 0.3717703203125 0.9577307375 0.37317964375 0.9572934890625 0.3790274953125 0.95029825 0.3812887640625 0.9417552984374999 0.382477825 0.9336850265625 0.377847034375 0.9291006859375001 0.3774490640625 0.9296442328125
0 0.5478817671875 0.9860119171875 0.5490244265625 0.9879234406249999 0.554270815625 0.9934012796875 0.558700446875 0.9938668515625 0.562337265625 0.993353384375 0.5660671984375 0.991953990625 0.5668826203124999 0.9884568437500001 0.5675344234375 0.982255359375 0.5656215609374999 0.9748886062500001 0.56410510625 0.968011375 0.5581124625 0.9611115328125001 0.5529831328125 0.9587809921874999 0.550187021875 0.9683399515625 0.5441265468750001 0.9748686718749999 0.5394388453125 0.9640752765625 0.5365935015625001 0.9570583718749999 0.53283961875 0.9544245421875001 0.5193179406249999 0.9552426374999999 0.5124407078125001 0.95675909375 0.5090380125 0.963567159375 0.510531859375 0.9749205812499999 0.513097859375 0.9845952625000001 0.5205125078124999 0.9907488515624999 0.530584934375 0.9971817828124999 0.540166503125 0.9955017078124999 0.5433829671875 0.99046549375 0.5478817671875 0.9860119171875
0 0.6934453296875 1 0.6935055921875 0.9994266421875 0.6901450203125 0.997451540625 0.6838805671875 0.9984150109375 0.68271476875 0.9940755625 0.6847563437499999 0.9839100328124999 0.68141215 0.97869286875 0.6733238546875 0.978491509375 0.668866865625 0.9838618718750001 0.6696106656249999 0.989130103125 0.6718064078125 0.9929290484375001 0.6728199765625 0.9956306046875 0.672360734375 1 0.6934453296875 1
0 0.6145452453125 1 0.6161180875000001 0.9981048343750001 0.615964890625 0.9903036500000001 0.6146304875 0.987568371875 0.608382409375 0.98528978125 0.6052415109375 0.984310903125 0.6034003234374999 0.9802248453125 0.6041258093749999 0.9764085578125 0.6086675859375 0.9733177546875 0.6194237171875 0.9728263765625 0.6239992140624999 0.9694147421875 0.62278235 0.9624748984375 0.61871266875 0.9610740218749999 0.61194143125 0.9606867140625001 0.606166415625 0.9600797359375 0.5997160125 0.9597261500000001 0.59304690625 0.9645396312500001 0.5917635703124999 0.9644047468749999 0.5858363265625 0.9621598765625 0.5796903796875 0.965082075 0.578323225 0.9688309203125 0.577716246875 0.974605934375 0.5779706078125 0.981444615625 0.5800989078125001 0.985885228125 0.5823447453124999 0.986121275 0.5866167531250001 0.9855971453124999 0.5902470906249999 0.9850055734375 0.5922231625000001 0.98780829375 0.5975087390625 0.9899857234375 0.6020341359375 0.9901369828125001 0.6035841859375 1 0.6145452453125 1