0 0.58558085 0.5899064953125001 0.588573721875 0.5772974453125 0.5826942640625 0.5725599015625 0.5749073640625 0.57547123125 0.5732969375 0.5779188890625 0.571027078125 0.589572978125 0.56971185 0.59387489375 0.57651233125 0.5941900015625 0.58558085 0.5899064953125001
0 0.5168230671875 0.5765291640625 0.5224445734375001 0.5623717609375001 0.51788034375 0.5533323015625 0.50703699375 0.560601203125 0.504111340625 0.567350775 0.5054229296875 0.577159809375 0.5080515640625001 0.5756114546875 0.5168230671875 0.5765291640625
0 0.5169115859375 0.585014840625 0.5200181234375 0.5870550015625 0.524871915625 0.58599469375 0.528547771875 0.5853011859375 0.53181825625 0.58157601875 0.5332005640624999 0.5761831796875 0.5291193375 0.5738450265624999 0.52036566875 0.5780746125 0.5187812375 0.5797709984375 0.5169115859375 0.585014840625
0 0.540554525 0.5660736734375 0.543357315625 0.5647497796875001 0.5485378765625 0.556520059375 0.54600178125 0.547384984375 0.53773658125 0.54740231875 0.5340792515625 0.555007340625 0.5356614328125 0.5620334453125 0.540554525 0.5660736734375
0 0.490625 0.6220215671875 0.4914058484375 0.6237601765624999 0.490625 0.6257853046874999 0.490625 0.6444607703125 0.49202149375 0.6453340187500001 0.4954326953125 0.646376928125 0.5007008671875 0.6494795890625 0.504061371875 0.6515016796875 0.5075102359375 0.6540481234375 0.513404153125 0.6551040640625 0.51705 0.6504993015625 0.519641340625 0.6428367734375 0.5198441234375 0.6389200500000001 0.519958546875 0.634478971875 0.5216402328124999 0.626538334375 0.5242822687500001 0.6178966265625 0.5261276406250001 0.6134874109374999 0.5257944703125 0.60319008125 0.5224976921875 0.5977060937500001 0.5151509375 0.5957086359375 0.5071277390625 0.596737078125 0.5033486359375 0.6050311515625 0.501206325 0.6095982515625 0.4985338578125 0.6110192265625 0.49492710781250004 0.608175840625 0.49183167812499995 0.6077268140625 0.490625 0.60871481875 0.490625 0.6220215671875
0 0.0261541421875 0.4621620484375 0.0064469921875 0.48564546093749994 0.009549296875 0.4969617796875 0.02261883125 0.504945171875 0.030380018749999998 0.5049254249999999 0.037913901562500005 0.48808811875 0.039176045312500005 0.47810614687499997 0.036173325 0.46841532656249996 0.029204493749999998 0.4638921609375 0.0261541421875 0.4621620484375
0 0.0234220390625 0.4437811703125 0.0362924046875 0.44851356249999996 0.0439540078125 0.4468683140625 0.049926990625 0.4351364828125 0.053395174999999996 0.4218413296875 0.046127590625 0.41244166406250005 0.0304818125 0.4148360125 0.021880634375 0.42735937812499997 0.019650778125 0.4346529109375 0.0234220390625 0.4437811703125
0 0.1061767328125 0 0.107600184375 0.009327528125 0.1333592984375 0.019695209375 0.1435346703125 0.022806132812499998 0.1525856078125 0.0247425078125 0.16372708593750002 0.0198410296875 0.165041615625 0.0106889875 0.15435747187499999 0 0.1061767328125 0
0 0.0596315484375 0.10557075468749999 0.065834425 0.10954410781249999 0.07475072968749999 0.1143470359375 0.08616667812499999 0.118252634375 0.100992903125 0.120708521875 0.10814339531249999 0.1191561484375 0.1145548546875 0.11031622968749999 0.1168776765625 0.102718621875 0.1128629984375 0.0940142171875 0.100341103125 0.086447396875 0.0910763734375 0.0827841078125 0.07865213125 0.0773240796875 0.07277919375 0.0746977640625 0.0583013921875 0.07110223437499999 0.0443858046875 0.0680939765625 0.0388849875 0.0763815296875 0.034294809375 0.0841167203125 0.0365066984375 0.0914391765625 0.0460828734375 0.0989361796875 0.0596315484375 0.10557075468749999
0 0.0244730671875 0.094406340625 0.015928884375 0.100517278125 0.0113202125 0.1107391453125 0.0164593296875 0.120618096875 0.020724781249999998 0.12607606093749998 0.019990959375 0.1333287015625 0.0207299953125 0.1406162484375 0.0071495515625 0.15349521875 0.0062810984375 0.163614415625 0.016651771875 0.1709389328125 0.0349489546875 0.179025271875 0.056674901562500005 0.18317523125 0.0689223234375 0.1819349859375 0.07690429531250001 0.1752367703125 0.08649374843749999 0.16570690937500002 0.0923429921875 0.156279715625 0.09671938125 0.1468176109375 0.0916964 0.136558775 0.08204106562499999 0.1244682953125 0.070429809375 0.11634910624999999 0.053721628125 0.10791779531250001 0.0244730671875 0.094406340625
0 0 0.21607831093750002 0.016593446875 0.22450620781250002 0.030313728125 0.22330087031249998 0.0354846125 0.21366628125 0.033988056249999996 0.201577859375 0.023208278125000002 0.18831282968750002 0.004525703125000001 0.186339490625 0 0.18664784375000001 0 0.21607831093750002
0 0.0862492546875 0.03169256875 0.07346888124999999 0.0315117 0.06412780625 0.0336244921875 0.060560698437500005 0.0412290484375 0.057666498437500005 0.05069555 0.0611781640625 0.06087835781249999 0.0683196484375 0.0659601078125 0.0769444171875 0.0702531796875 0.086705165625 0.0748935546875 0.09267931406249999 0.07837625000000001 0.10346027499999999 0.083742590625 0.1102761546875 0.0858264140625 0.11502025468749999 0.0852065609375 0.11893466875 0.076466025 0.12042999531250001 0.0661577921875 0.12021050312499999 0.05739555625 0.1198221859375 0.051894135937499995 0.1152686109375 0.0451192671875 0.10256299375 0.0379223390625 0.0862492546875 0.03169256875