0 0.535707471875 0.3750465796875 0.539866384375 0.3954086421875 0.5504538906249999 0.42240645312499997 0.55829534375 0.4454219265625 0.57036941875 0.45367649062500004 0.5796875 0.4551310421875 0.5796875 0.3714461375 0.57782881875 0.369552628125 0.5640668453125001 0.353625496875 0.5429928937499999 0.351576290625 0.535707471875 0.3750465796875
0 0.3023339234375 0.3325528 0.30198760468749997 0.3214331640625 0.29265641875 0.3177178359375 0.28988738281250004 0.31359693593750004 0.2905568234375 0.3025606328125 0.29110914375 0.2991841859375 0.2919892484375 0.297565175 0.2934202859375 0.294024834375 0.2962782015625 0.29130950625 0.3013060609375 0.2875529515625 0.3059158671875 0.2903303078125 0.312065509375 0.290638175 0.3193799578125 0.2810664734375 0.30770259218749996 0.26174344843749997 0.295512 0.24227325624999999 0.28739550625 0.22796494374999998 0.2720038921875 0.20997306249999997 0.25560723125 0.214856153125 0.2459990171875 0.23286801562499998 0.23527954062499998 0.235385365625 0.2226236796875 0.24852967812500001 0.21830109375 0.26166733125 0.217602790625 0.271850584375 0.21478817656250002 0.2894142890625 0.2114337828125 0.2972384609375 0.20394187968750002 0.30786986875 0.19756639375 0.3204188609375 0.1939686640625 0.3329656359375 0.1978259796875 0.35244248749999996 0.209418534375 0.35656532812499997 0.21995293437500002 0.364378396875 0.23519632656249997 0.3751392078125 0.253645890625 0.3708447765625 0.28403224531250004 0.34996933124999996 0.3023339234375 0.3325528
0 0.3209846421875 0.42849288124999996 0.34510108906250003 0.448986565625 0.3690693140625 0.4622491828125 0.3900533 0.46267513750000006 0.410767396875 0.45823132031249997 0.4421692640625 0.45525471562500003 0.47294139062499996 0.44091531875 0.49777159375 0.41049496718749995 0.487639053125 0.37803650625 0.468300159375 0.33894451875 0.44973923125 0.31844639375 0.42513611406249996 0.3073979140625 0.38664935312500004 0.28278360625 0.35081868437499997 0.26052838125 0.3281733515625 0.2620222375 0.315750525 0.297597803125 0.3049573359375 0.335238125 0.2995714453125 0.3656429359375 0.29965625625 0.3808431203125 0.300010959375 0.4009130703125 0.3166458046875 0.40488430624999994 0.3209846421875 0.42849288124999996
0 0.49400503906250004 0.470118384375 0.50016889375 0.458307434375 0.4886397484375 0.44621547968749997 0.48516368749999994 0.45640095 0.485068575 0.4683546234375 0.49400503906250004 0.470118384375
0 0.46386780625 0.4822436453125 0.4603600390625 0.4964136734375 0.4718309265625 0.5028978171875 0.48424345156250004 0.4944761046875 0.4767618515625 0.47795365624999997 0.46386780625 0.4822436453125
0 0.5409518921875 0.4787878 0.54290968125 0.4913301328125 0.55438056875 0.4978142765625 0.56917929375 0.4868818765625 0.5663484265625 0.4676993546875 0.54920035625 0.463580953125 0.5409518921875 0.4787878
0 0.511576371875 0.47276069375 0.5112696265625 0.48545241250000004 0.5262431296875001 0.491343453125 0.528359440625 0.48396299843749996 0.5233223 0.4705376765625 0.511576371875 0.47276069375
0 0.49869182968750003 0.3724198125 0.51094583125 0.38392088750000003 0.5217552703125 0.3830267953125 0.526136115625 0.37549695625 0.5126808859375 0.3468781078125 0.49785045625 0.361795065625 0.49869182968750003 0.3724198125
0 0.9222012796874999 0.46148378125 0.926642021875 0.4765702328125 0.9316166671874999 0.4826010546875 0.9425993296874999 0.4820667921875 0.9517333546875 0.4717937109375 0.95475311875 0.4468751734375 0.9536135046875 0.438260534375 0.947685840625 0.4319564390625 0.9357157234375 0.43773279374999996 0.9265816984375 0.4480058734375 0.9222012796874999 0.46148378125
0 0.8473376109374999 0.3718723703125 0.8453741812500001 0.3805180921875 0.8505239421875 0.3967287328125 0.8598101281250001 0.40031237343750004 0.8698512515625 0.397666384375 0.8843187109375 0.37418866875 0.8825733859374999 0.3479037640625 0.8761577359375 0.3433014859375 0.8636996281249999 0.3507796578125 0.8562620843750001 0.35693483125 0.8473376109374999 0.3718723703125
0 0.8583883453125001 0.4736816984375 0.8660412531249999 0.460445815625 0.866774734375 0.43905368906250003 0.865658140625 0.43487593125 0.85710849375 0.42702374687500005 0.8366388312499999 0.4203826515625 0.8326654937500001 0.42078634531250003 0.82289446875 0.411812421875 0.8196391765625 0.4070214015625 0.80924974375 0.40558531249999996 0.8019111859375 0.40965314218750004 0.7972146578125 0.42065069062499993 0.7960877703125 0.4272712046875 0.798729803125 0.43420092343750005 0.8095229296875001 0.43961035 0.820221565625 0.437277521875 0.8219514218749999 0.4393165828125 0.820001709375 0.45418783281249997 0.8193781546875 0.46712480312500004 0.8220150421874999 0.47945365781250004 0.832498965625 0.4886320046875 0.8419710765625 0.490576571875 0.8507354359375 0.48691758281249997 0.8583883453125001 0.4736816984375
0 0.545043825 0.7866442250000001 0.5366222953124999 0.799363625 0.533240290625 0.8090768390624999 0.5357679921875 0.8231553843749999 0.5415215109375 0.830146675 0.553493953125 0.8300187203125 0.5576664640625 0.8258736750000001 0.5615234078125 0.8207478937499999 0.5657660718749999 0.799708228125 0.5630789968750001 0.7820229859375 0.556697521875 0.7793028750000001 0.545043825 0.7866442250000001
0 0.44555426093749995 0.6174566796875001 0.4396509046875 0.6255566578125 0.434145978125 0.6426733796875 0.43359770781250007 0.6487479109375001 0.4369095625 0.6559293125 0.4473870375 0.6589336796875 0.4511674734375 0.6582372046875 0.44951313437499996 0.65776283125 0.464861228125 0.6354563515625 0.463512925 0.6172647484375 0.453822775 0.6135958921875 0.44555426093749995 0.6174566796875001
0 1 0.697565 0.9965440078125001 0.6951995984375 0.982111025 0.6963369671875 0.9707933703125 0.7136679296875 0.982755484375 0.7260671453125 1 0.7265298140625001 1 0.697565
0 1 0.7744975671875001 0.998433828125 0.7722429281250001 0.97482909375 0.773388321875 0.9582538546875 0.7770769859375 0.951919671875 0.786867803125 0.963137446875 0.796943196875 0.9845055140625 0.8035979875000001 0.9881382750000001 0.7983085125 1 0.784664340625 1 0.7744975671875001
0 1 0.8522182046875001 0.996552921875 0.847677425 0.97709655625 0.8294360953125001 0.95451756875 0.8245444624999999 0.9452568765624999 0.8076439093750001 0.923331465625 0.7955533406249999 0.9171842796874999 0.8022322015625001 0.9135024921875001 0.81753194375 0.916665025 0.8311010921875001 0.9142413609375 0.8420132328125 0.901387821875 0.8573209984375 0.8967293140624999 0.8686474984375 0.9103199015625 0.88520684375 0.9316897921875 0.8844758125000001 0.9603233796874999 0.8805516499999999 0.9808545203125 0.8827456874999999 0.9993378156249999 0.8822421296874999 1 0.881343078125 1 0.8522182046875001
0 0.8285184781250001 0.887602871875 0.83242535 0.903495840625 0.850532828125 0.9166020171874999 0.8688291265625001 0.9192104171875 0.880889296875 0.9115890953125 0.8811743515625 0.8884566046875 0.886624403125 0.87682948125 0.887699178125 0.8607821875000001 0.8572973265625 0.86103373125 0.8370421234375 0.8726363171875 0.8285184781250001 0.887602871875
0 0.8389556468749999 0.8536639546875 0.8380279578125001 0.839680446875 0.8443167578124999 0.825128253125 0.8604726234375001 0.8229021218750001 0.8833784 0.8241942874999999 0.8909707078125001 0.8100158671875001 0.8884127234375001 0.7992580515625 0.8799889578125001 0.7868182499999999 0.8628582 0.777685315625 0.8483326296874999 0.7766857515625001 0.8271479109375001 0.78169065 0.8123409359375 0.7890519312500001 0.7939937859375 0.8038396234375 0.78072269375 0.8132241 0.7611646249999999 0.82977495 0.7617673500000001 0.83997210625 0.7694467734375 0.8500880859375 0.793372828125 0.8675006937499999 0.8058977546874999 0.8631782171875001 0.808691765625 0.860813809375 0.836394015625 0.857677784375 0.8389556468749999 0.8536639546875
0 0.911463134375 1 0.9369690546875 0.9988951796875 0.9595970703125 0.9937765453124999 0.961928146875 0.980727471875 0.945029765625 0.973243959375 0.91248748125 0.9686609734375 0.8970287515625 0.97583536875 0.889158684375 0.9836029890625 0.9031040171875 1 0.911463134375 1