0 0.945796140625 0.2277584546875 0.9408720828125 0.23020160937499998 0.9386351734374999 0.2392716109375 0.940143534375 0.2500041546875 0.9504124781250001 0.2564410078125 0.967932134375 0.25616768749999996 0.9750621765625 0.2485989078125 0.9754860296875 0.243285965625 0.9753668718749999 0.23410930625 0.969689390625 0.22702716406249998 0.955552996875 0.22638721718750002 0.945796140625 0.2277584546875
0 0.8747846015625 0.20972048124999998 0.8766255562499999 0.21865515625 0.8878613640624999 0.2236427828125 0.8955034921875 0.223882096875 0.9039314812500001 0.221384275 0.9050499359374999 0.2168492765625 0.9048395203125 0.2111876921875 0.9027263046874999 0.20448018750000002 0.89713856875 0.20220102343750002 0.8859321734375 0.2015870734375 0.8747846015625 0.20972048124999998
0 0.8276972359375 0.187006840625 0.8182435625 0.18220653125 0.8028077124999999 0.184813678125 0.791720475 0.1933763875 0.8033477 0.20531350312500002 0.8144025031250001 0.20901322812499998 0.8238576875 0.20549548125 0.8295381921875 0.195941515625 0.8276972359375 0.187006840625
0 0.776773346875 0.16614573125 0.7715785390625001 0.162498003125 0.75795574375 0.1613480921875 0.7434558328125 0.166450390625 0.7375030671875 0.17823152656250002 0.7475600859375 0.187324853125 0.7634786109375 0.1881521171875 0.7741729187499999 0.18095797656249998 0.776773346875 0.16614573125
0 0.8717319234375 0.58920355 0.8678347203125 0.587678065625 0.8614395281249999 0.58709599375 0.857991321875 0.5887652921875 0.8562541640625 0.59137880625 0.8592827890624999 0.5942110484375001 0.8651212390625 0.59457519375 0.871067434375 0.5919624796875 0.8717319234375 0.58920355
0 0.8791446015625001 0.6793825734375 0.8873585875 0.6779320015625 0.8934941656250001 0.6729233015625 0.8944035609375 0.6719069796875 0.8928818953125001 0.6685667796875 0.885629525 0.6618855765625 0.8771298140624999 0.6613031031250001 0.8682774484375001 0.6619548796875 0.8621271625 0.6631154171875 0.8586789578125 0.6647847171875 0.852190728125 0.6710276640624999 0.84919151875 0.675891746875 0.8533744484374999 0.679450275 0.8630692812499999 0.6810494703125001 0.870930615625 0.6808331453124999 0.8791446015625001 0.6793825734375
0 0.8463769046875 0.7082738328125 0.8489451296875 0.7153171781250001 0.849271671875 0.7176406562500001 0.8603510125 0.7178605874999999 0.8670172218750001 0.716627540625 0.8739544499999999 0.713579378125 0.8780671453125001 0.709151146875 0.8933669234374999 0.7019659875 0.8987971937499999 0.699425784375 0.8938126140625 0.693906721875 0.8814157 0.6917987640625001 0.8745045812500001 0.6912892015625001 0.8662905953125 0.6927397734375 0.8598284734374999 0.69542499375 0.85404555 0.6991994453125 0.846959759375 0.70493403125 0.8463769046875 0.7082738328125
0 0.8821015093750001 0.7153960968749999 0.8742140656249999 0.719170146875 0.8687837953124999 0.7217103515625001 0.861969021875 0.72562981875 0.8561191718750001 0.7326715625 0.8526040390625 0.7376081546875 0.8507852437500001 0.7396407984375 0.8495231953125 0.7418913671875 0.8550089921874999 0.743489759375 0.86437728125 0.7427654765625 0.8687756999999999 0.7403702890625 0.8780068312499999 0.7349265390624999 0.8799480781250001 0.7337652015625 0.8854599828125 0.7318058656249999 0.8920853765625001 0.7302823843749999 0.895845415625 0.727088403125 0.8974601203124999 0.7236035859375 0.8980837906250001 0.7205542203124999 0.8964804890625 0.7166331484375 0.8894060984375001 0.714961846875 0.8821015093750001 0.7153960968749999
0 0.918038640625 0.7989007265625 0.9113577218750001 0.7962856109375 0.9062653984375 0.7937434046875 0.8989052828125 0.790039059375 0.8845115953124999 0.7849538453125 0.880384190625 0.7855339140625001 0.87165428125 0.78705699375 0.8661831921875001 0.7893067625 0.8606043578125 0.7945333890625 0.8554189953125 0.7988162 0.8498809812499999 0.8043332609375 0.8487969109375 0.8115937328125 0.8485406 0.8172570125 0.85656520625 0.8182024265625 0.8654992078125 0.8181315203124999 0.8769573078124999 0.8135594749999999 0.8820349249999999 0.8122535203125001 0.8906979078124999 0.81399773125 0.8990490578125 0.8172666265625 0.90385565625 0.8177757874999999 0.9105626843750001 0.8168331765625 0.9154362125000001 0.814075046875 0.9182052203125 0.811316515625 0.9193039984375 0.8079042078124999 0.922941584375 0.8038389203125 0.918038640625 0.7989007265625
0 0.8816333578125001 0.8318572734374999 0.8762700156250001 0.831130184375 0.868694409375 0.8333795515625001 0.86330495625 0.836210190625 0.8559334375000001 0.83991173125 0.8519023812500001 0.8449208328125 0.8509260578125 0.8492044468750001 0.8591547515625001 0.8516020359375001 0.8686454953125 0.8517490562500001 0.87657375625 0.8482654406249999 0.8797362359375 0.8445630968750001 0.8824497171875001 0.8376659703125 0.8816333578125001 0.8318572734374999
0 0.833447125 0.5995517859375 0.8298015781249999 0.6020633984375 0.8278219640625 0.6107385296875 0.8405771390625001 0.616143259375 0.8436525406250001 0.6181101578125 0.8432964671875001 0.62695696875 0.8401532421875 0.630197690625 0.8352148015624999 0.634890275 0.8337989734375 0.64188675625 0.8342334749999999 0.6478234875 0.8382520546875 0.653656359375 0.8490042984375 0.6533447906250001 0.858807003125 0.651967109375 0.8660917375 0.649743746875 0.8724205749999999 0.649254140625 0.8773950515625 0.653353259375 0.8875284000000001 0.654328228125 0.8910510171875 0.6566321281249999 0.8958050640625 0.6591628140625 0.9063305203124999 0.6600826765625001 0.9106500687500001 0.6566766328125 0.910840821875 0.6466534984375001 0.9064852406250001 0.6412678406250001 0.8913223078125 0.63580164375 0.88734611875 0.6359606078125 0.8847857546875 0.6291230890625 0.8867717265625 0.6176480953125 0.889467734375 0.614070371875 0.888923021875 0.607349425 0.8842304375 0.60241098125 0.8797519265625 0.6018408359375 0.8694532562499999 0.59968954375 0.8634063109375001 0.5993398265625001 0.8610536625 0.5996704703125 0.852709175 0.6000435046875 0.847060696875 0.5968388171875 0.8398925359374999 0.59704653125 0.833447125 0.5995517859375
0 0.8590515515625 0.7848476328125 0.8629263171874999 0.781661515625 0.8660984296875001 0.7768931593749999 0.8747530046875 0.7718345765625 0.8830689843749999 0.767784146875 0.888956234375 0.766956746875 0.8946741875 0.7666334234375001 0.9033211265625001 0.76493789375 0.9076452312500001 0.756405515625 0.905842775 0.7504151593749999 0.8996576609375 0.7491231484374999 0.8908490609375 0.7479597015625 0.88513110625 0.748283025 0.8813632671875 0.7488125609375 0.8745302374999999 0.7514538703125 0.8695149375 0.75335943125 0.8650037125000001 0.7554342890625 0.8601207953125 0.7582818109375 0.8560105421875001 0.7615010265625 0.851966478125 0.7651912203125 0.8494053656249999 0.767472290625 0.8462994453125001 0.7727116265625 0.8456808062500001 0.7785619625 0.8458271953125 0.78814704375 0.8516444375000001 0.788530190625 0.8590515515625 0.7848476328125
0 0.3307571671875 0.5044034328125 0.31610493281249996 0.51897125625 0.30688271875 0.53652851875 0.3055935078125 0.5390625 0.37465222656249997 0.5390625 0.3766968984375 0.5342219265625 0.3770415734375 0.52479204375 0.368120784375 0.514788053125 0.3467454875 0.5052835703125 0.3307571671875 0.5044034328125
0 0.326059546875 0.47691932656249997 0.3250684546875 0.4876909125 0.3313604296875 0.4968135 0.3538130140625 0.4961597109375 0.3647159921875 0.48462053281250006 0.3575190109375 0.47499970312500006 0.34109971093749997 0.4710529890625 0.326059546875 0.47691932656249997
0 0.37398807343749996 0.3864096078125 0.356311590625 0.3874110171875 0.3467411859375 0.3991360515625 0.3491594671875 0.411647615625 0.33969120468749997 0.419404009375 0.33563833125000003 0.432825034375 0.33533191093750003 0.4447309625 0.3339696390625 0.4538195625 0.339180665625 0.45803005781249995 0.3612847359375 0.450969246875 0.3664275546875 0.4453036109375 0.3669723640625 0.4303984703125 0.36819847031249997 0.4297318671875 0.3829458 0.41727926249999997 0.3922437140625 0.40361537812500003 0.39193712187499996 0.39673846562500004 0.39173275625000004 0.395284328125 0.38716885 0.3909828875 0.38597675625 0.3871961359375 0.37398807343749996 0.3864096078125
0 0.4728930828125 0.20741794218749998 0.46812472656250004 0.19227094218750002 0.45525045468750003 0.1851831578125 0.4404689421875 0.183306278125 0.4235417953125 0.18963951875 0.41097419999999996 0.19882006875 0.40116541093749997 0.2135443234375 0.3955118046875 0.2296617453125 0.38382978749999996 0.2451435515625 0.3898242578125 0.2596239421875 0.4027666515625 0.2671964375 0.40886317656250004 0.2683167734375 0.4084204265625 0.26986185156250003 0.42613093125 0.2644070875 0.44132109062499997 0.259800825 0.4550126578125 0.253922309375 0.4667968953125 0.2438632859375 0.47197373125000003 0.2337442984375 0.4732678828125 0.22417098593749998 0.4728930828125 0.20741794218749998
0 0.4126099609375 0.304367346875 0.41158813437499997 0.29709666874999996 0.397828278125 0.28370762968749996 0.3790960359375 0.29128313437500003 0.3662560328125 0.3079162515625 0.3668351109375 0.31673201406249996 0.3703432625 0.3276075484375 0.3707180546875 0.344360596875 0.3669035703125 0.3547824046875 0.36199921874999996 0.3668402375 0.36114781875 0.374868471875 0.3645878484375 0.38525929375 0.3713314890625 0.38628868125000004 0.38103821875 0.3849244890625 0.39207320156250003 0.37892505 0.4081487765625 0.3618372015625 0.4108052765625 0.3525667078125 0.40634350625 0.344296621875 0.4056281890625 0.3345114375 0.41100930625 0.3164551671875 0.4126099609375 0.304367346875
0 0.4693304796875 0.1088385546875 0.45509949687500006 0.10923343125 0.4408316859375 0.11444896093750001 0.4311355078125 0.12169725625000001 0.43080381093750003 0.1345851578125 0.43644463437500003 0.1391429296875 0.4435601703125 0.14402849375 0.4469888703125 0.14301156875 0.4657913953125 0.134483453125 0.46925691875000003 0.1286458734375 0.47062098125 0.12310363124999998 0.4693304796875 0.1088385546875
0 0.43876686718749996 0.08959163906249999 0.4456243546875 0.0977237921875 0.45591045937499997 0.0946730125 0.4605189125 0.09188512343750001 0.461403709375 0.088015396875 0.455836628125 0.0839823203125 0.45023272031249995 0.0847698984375 0.44462881875000004 0.08555747500000001 0.4398728796875 0.087295984375 0.43876686718749996 0.08959163906249999
0 0.45567346875 0 0.45454558125 0.0087212203125 0.45565168749999996 0.01659156875 0.4600021890625 0.027216270312500002 0.460370978125 0.0400057234375 0.4611822140625 0.055943318750000005 0.47589255625 0.06404193124999999 0.49657541250000004 0.0638104125 0.5088154046875 0.049248909375 0.5081515624999999 0.024194690625 0.50649245 0.0174721703125 0.5060130921875 0.008978681249999999 0.5116706875 0 0.45567346875 0