0 0.24142843125 0.7726200265625 0.244579625 0.7644015078125 0.24262824218749998 0.747033509375 0.23461190781250002 0.7473240609375 0.229453475 0.7635387375 0.23231137500000001 0.7794628593749999 0.23883125781249998 0.7836887390625 0.24142843125 0.7726200265625
0 0.20242753906250002 0.7869619109375 0.2023051578125 0.7802248203125 0.2033180890625 0.7719993796875 0.2026503328125 0.7636780796875 0.1938152734375 0.7670856609375 0.1921419109375 0.7792424703124999 0.20242753906250002 0.7869619109375
0 0.15938288125 0.7682854265625 0.16035857343749998 0.7769694265625 0.1602781015625 0.7875489421874999 0.167852821875 0.8008659874999999 0.175482071875 0.79980556875 0.17822024375 0.7870192281249999 0.17637394687500002 0.773856353125 0.1675229203125 0.763745278125 0.15938288125 0.7682854265625
0 0.071285003125 0.7499153046875 0.0713787921875 0.7748278156249999 0.07911180625 0.788959203125 0.07615481406249999 0.7920693125 0.0677154875 0.7975127468750001 0.0637369203125 0.8075823109375 0.0702455046875 0.832515578125 0.08587379687499999 0.828632634375 0.089694071875 0.8177487296875 0.0927042671875 0.8112478375000001 0.10423028906250001 0.82168405625 0.113935953125 0.8227553500000001 0.12012195781249999 0.8228205765625001 0.13115713281250002 0.8172951171875 0.1412339125 0.8056176234375 0.141720084375 0.7873532609375 0.12119206874999999 0.7782443 0.1124720671875 0.7761363015625 0.0989401328125 0.76270955625 0.08603271875 0.7512741875 0.071285003125 0.7499153046875
0 0 0.837702278125 0.0093665515625 0.8381227687499999 0.01786559375 0.8354296609375 0.02496209375 0.832662159375 0.0323185859375 0.8312322015625 0.0376037640625 0.829857846875 0.045248434375 0.82455465 0.0495680375 0.8164275765625 0.050432575 0.8048078562500001 0.049596996875 0.798723909375 0.0438944140625 0.7908098515625 0.041693104687499996 0.7901966828125 0.033667840625 0.7917566359375 0.027899490625000002 0.796001071875 0.028446890625 0.8059582578125 0.019260282812499998 0.8122552171875 0.0087087203125 0.8115300718749999 0 0.8136910171875 0 0.837702278125
0 0.9340070296875 0.48458932343749994 0.9463592953125 0.4821882859375 0.9493073171875 0.4763711203125 0.9556254359375 0.4489223640625 0.95127439375 0.444523996875 0.94600319375 0.440625 0.9194364609375001 0.440625 0.9187566625000001 0.44210459062499996 0.914474671875 0.45604724531249996 0.9228953734375 0.4753869328125 0.9340070296875 0.48458932343749994
0 0.19119036250000002 0.17562418125 0.1909923265625 0.18930960624999998 0.1973095109375 0.20500386406249999 0.207641459375 0.203541415625 0.2131898953125 0.19427475 0.20972910625000002 0.17857114062499999 0.1973677921875 0.1716940234375 0.19119036250000002 0.17562418125
0 0.098551096875 0.0855477328125 0.103058934375 0.096134921875 0.10969192812499999 0.100850246875 0.12337596875000001 0.0998279703125 0.1314028765625 0.0928089265625 0.1303183171875 0.078826934375 0.125023578125 0.0683927046875 0.1150229671875 0.0610567125 0.1021258265625 0.06192603125 0.0952792703125 0.0687156390625 0.098551096875 0.0855477328125
0 0.0607514453125 0.061234360937499996 0.069980684375 0.07090380156250001 0.07307262656249999 0.07630743749999999 0.085938709375 0.0710771390625 0.08842625937500001 0.060767817187499996 0.0886398234375 0.0492628828125 0.0831405953125 0.037776646875 0.070370303125 0.02879551875 0.0581578203125 0.028985875 0.054403203125 0.0411791203125 0.0607514453125 0.061234360937499996
0 1 0.0031231578125 0.9902961124999999 0.005009403125 0.98146775625 0.015215046874999999 0.975211365625 0.0588790984375 0.972670321875 0.0812033921875 0.9803937984375001 0.12093723281249999 0.9845404343749999 0.1346847859375 0.9896342031250001 0.14824823125 0.9976848515625001 0.14668334375 1 0.1438808234375 1 0.0031231578125
0 0.5890625 0 0.5890625 0.2657184984375 0.5902050140624999 0.26798928125 0.621964403125 0.294474953125 0.6399008687500001 0.2934076484375 0.6365679515625 0.2638156203125 0.6320367265625 0.2405044953125 0.62931799375 0.226517821875 0.6482589546875 0.21194971406250002 0.6515618125 0.20405013125 0.6490696390624999 0.19122901406249998 0.6614703859375 0.1803513859375 0.66506530625 0.1615086765625 0.6776926140625 0.1517966046875 0.6956618296875 0.14467495625 0.7020082328125 0.133764578125 0.7095529453125 0.116573296875 0.709424634375 0.0972447140625 0.7044402875 0.07160247656249999 0.7005887484375 0.051788021875 0.697643453125 0.036635790625 0.680776984375 0.0120936078125 0.6729827640625 0 0.5890625 0
0 0.76104365625 0.125260921875 0.755196940625 0.1159178359375 0.7491555828124999 0.1138676734375 0.73951051875 0.11816084687499999 0.7331017046875 0.12666168125 0.7324322703124999 0.1356591375 0.7315681953125 0.151949515625 0.72865395625 0.17428125 0.7299692062500001 0.1893418890625 0.7392031609374999 0.20366940625000002 0.7481787890625 0.2083736890625 0.7601541671875001 0.2036275484375 0.7647729375 0.18177060625000002 0.7626590906249999 0.1708958046875 0.7627463953125 0.154756415625 0.763157503125 0.1361357234375 0.76104365625 0.125260921875