0 0.490625 0.3652397921875 0.4960026234375 0.36556985625 0.517124296875 0.37094297656249997 0.535200471875 0.3718364609375 0.55336555625 0.363879996875 0.5647554593749999 0.34670628125 0.56725013125 0.33765301875 0.5621084296875 0.325350240625 0.5425099078125 0.31647985 0.5387579984374999 0.3139547203125 0.52238198125 0.3033382484375 0.51467973125 0.295252015625 0.501151596875 0.2746050265625 0.490625 0.265955684375 0.490625 0.3652397921875
0 0.5128320625 0.20572062500000002 0.5108009234375 0.2142083796875 0.529648578125 0.22945825156250002 0.5523600875 0.224696640625 0.53753025625 0.1968962328125 0.5128320625 0.20572062500000002
0 0.580040103125 0.9044592671875 0.6040658015625 0.918119171875 0.64525053125 0.91981221875 0.6712378906249999 0.9007903828125 0.670548734375 0.8822173109375001 0.6480207328125 0.8661463390625 0.622014134375 0.869095275 0.5825138203125 0.8816891078125 0.580040103125 0.9044592671875
0 0.6157356171874999 0.7776588484375 0.573885775 0.77748385625 0.5570809484375 0.8067736999999999 0.5671201124999999 0.8362398296875 0.5998162812500001 0.8502561671875 0.6279953046875 0.8514145671875 0.6573274484375 0.8408753656249999 0.674304571875 0.8162287859375 0.6601072718750001 0.7952459375 0.6264062203125 0.7774793468750001 0.6157356171874999 0.7776588484375
0 0.22329739218750003 0.067141240625 0.24617250781250002 0.07538317343749999 0.2729814296875 0.08644024375 0.2932678078125 0.090953890625 0.31686167187500003 0.084079190625 0.3151805671875 0.0629726859375 0.29949604218750003 0.0489348421875 0.2852947734375 0.0344995609375 0.2599691046875 0.023045053125 0.23040543906250002 0.025439190625000004 0.2135597921875 0.04266604375 0.2152548078125 0.054924942187500006 0.22329739218750003 0.067141240625
0 0.2879305515625 0.39141765 0.298423690625 0.40684652187500003 0.30605171875 0.41751567500000003 0.3099716125 0.42917841718750005 0.3293781796875 0.4333750625 0.3419858328125 0.429996853125 0.35464418124999997 0.4238413484375 0.36540472031250004 0.41653613125 0.37328624375 0.41331879687499995 0.3908963953125 0.410811140625 0.40109028281250003 0.4102906671875 0.41430137499999997 0.40619802343750006 0.42766456093749994 0.3937734890625 0.430368609375 0.383099578125 0.44854541406250004 0.3738071796875 0.45371392187500004 0.35749823593749996 0.4359934015625 0.341794965625 0.421828921875 0.33342999375 0.40257445000000003 0.32090145625 0.383458165625 0.3088886359375 0.3737602671875 0.316034921875 0.3739607609375 0.322189 0.37665724218749996 0.3268465765625 0.3728135125 0.331808109375 0.37004872031249997 0.33461819843749996 0.3664839421875 0.33598723124999996 0.36484981875 0.336838946875 0.3614642453125 0.3373322546875 0.350417940625 0.337808984375 0.3463459953125 0.33496845 0.34279408437500003 0.3255738453125 0.3316821859375 0.3250335140625 0.31394890000000003 0.3430284453125 0.2925463171875 0.37304584375 0.2879305515625 0.39141765
0 0.21143942187500003 0.1830780265625 0.20791523281250002 0.21442316250000001 0.20311058124999998 0.23505655 0.20317025000000002 0.2560447734375 0.21601254375 0.2802408125 0.23608221718750003 0.30471125 0.2596114734375 0.309461453125 0.2632917859375 0.3261630734375 0.2833524890625 0.3268679921875 0.298548878125 0.32721806875000004 0.3290430546875 0.322363634375 0.36686601093750004 0.3122290046875 0.4026529671875 0.3004289484375 0.4045418109375 0.2778131359375 0.38291530625000003 0.24159951875000002 0.35897643437500004 0.20268903906250002 0.348359021875 0.17789684687500001 0.32818795 0.15898100312500002 0.289439428125 0.1389628078125 0.2571627484375 0.12826533125 0.2263136828125 0.15256084375 0.21143942187500003 0.1830780265625
0 0.2110437171875 0.140070146875 0.221288303125 0.13677237656250002 0.20939940156249998 0.125033953125 0.197482675 0.130990740625 0.1990902046875 0.139956625 0.2110437171875 0.140070146875
0 0.1729583015625 0.1403257390625 0.16432124374999998 0.1525893953125 0.17060420468749998 0.1641717 0.18483329531249998 0.1609117671875 0.18934766249999999 0.14809455625 0.1729583015625 0.1403257390625
0 0.2049824015625 0.0759179234375 0.20116390312500002 0.0587005875 0.1820337078125 0.055535371874999996 0.17084470000000002 0.070141046875 0.17712766093750001 0.08172335 0.189633915625 0.083899734375 0.2049824015625 0.0759179234375
0 0.1842397375 0.09639994843750001 0.176823471875 0.09838712968749999 0.1824522921875 0.11346116718749999 0.19514743125 0.11337596875 0.19757510312499998 0.1016706265625 0.1842397375 0.09639994843750001
0 0.30585660937500003 0.1290364109375 0.3210301203125 0.11446857656250001 0.29265045624999997 0.10051592812500001 0.285045309375 0.10476469375 0.28396270156250003 0.11555688125000001 0.2952481640625 0.1280097390625 0.30585660937500003 0.1290364109375
0 0.252982771875 0.806697784375 0.2477904578125 0.8104646828125001 0.2435732234375 0.81456421875 0.2432363390625 0.826532603125 0.250126153125 0.8324072609375 0.2641584390625 0.8351802828125001 0.27392919843749997 0.8319683109374999 0.28679363750000003 0.8237700484375001 0.2943372546875 0.81224625 0.29172892968749997 0.805818275 0.27409327656250004 0.802822959375 0.252982771875 0.806697784375
0 0.4139881609375 0.9215354796874999 0.41354273125 0.9198731140625 0.4127803859375 0.92364081875 0.41560143906249997 0.93416913125 0.42272394531249996 0.9376058140625 0.428807121875 0.9371636421874999 0.44601731093749997 0.9319582828125 0.4542190828125 0.9261971890625 0.45822358750000003 0.917997315625 0.45472440625 0.9082446109375001 0.43655910468750003 0.9065790249999999 0.4139881609375 0.9215354796874999