0 0.7107908875 0.598328596875 0.7109487921875 0.6083685609375 0.724621290625 0.622562609375 0.735736096875 0.6264644671874999 0.7477034390624999 0.6222549953125001 0.756671046875 0.6177302375 0.76418613125 0.6039406640625 0.764217678125 0.59209818125 0.764438678125 0.5784531828125 0.76071268125 0.5735054890625 0.752692334375 0.5690176578125 0.7423669265624999 0.5633763375 0.7347570734375 0.5607540796875 0.7269893578125 0.56540495 0.721053071875 0.5757156015625 0.714137934375 0.5895682343749999 0.7107908875 0.598328596875
0 0.3758654796875 0.54267829375 0.37865530937499997 0.5422794265624999 0.38110008125 0.5408061578125001 0.382869403125 0.532687040625 0.3737525140625 0.5279223234375 0.36708702031249996 0.5303361546875001 0.36745338125 0.5355653375 0.3758654796875 0.54267829375
0 0.37211903749999997 0.547821246875 0.3639440828125 0.5428094859375 0.35047725 0.5358573437499999 0.3394111703125 0.5409230625 0.3419345140625 0.5474170859374999 0.349203509375 0.5523336265625 0.35783144375 0.557393 0.36817805625 0.5591725624999999 0.37083866875 0.555645709375 0.37375109375000004 0.5497230078124999 0.37211903749999997 0.547821246875
0 0.3214770109375 0.5677598390624999 0.32865275625 0.5692061296875 0.33611629062500004 0.5679143078125 0.3450613609375 0.561241484375 0.34184789375 0.55259865625 0.33816677500000003 0.5484052593750001 0.32671303281249997 0.5440870171875 0.31810639687500003 0.5431824234375 0.3148129375 0.5483729859375 0.31291439374999996 0.5533641171875 0.3126479078125 0.5602570078125 0.3161851328125 0.565819459375 0.3214770109375 0.5677598390624999
0 0.2838942734375 0.5593111484375 0.29217715 0.5632961187500001 0.297993953125 0.5645995796875 0.3049325609375 0.5639446765625 0.3098580734375 0.5606558734375 0.31144753125 0.5542480796875 0.311951159375 0.5494563828125 0.31095195000000003 0.5458909109375 0.30132480625 0.5372660687499999 0.289295490625 0.5384240515625 0.281019240625 0.5430909015625 0.2785238234375 0.5494034765625 0.2838942734375 0.5593111484375
0 0.31608667968750004 0.5318967046874999 0.3176401640625 0.5258311703125 0.3164610875 0.5239770218750001 0.310479090625 0.5198878390624999 0.300822596875 0.5202570796875 0.30010312968749997 0.5271023609375 0.30458229062500003 0.53241776875 0.31608667968750004 0.5318967046874999
0 0.34586271874999996 0.5273110375 0.3411020375 0.5246693015624999 0.33199562031249996 0.5244259687499999 0.3295332671875 0.52987748125 0.33380935312500004 0.5341337921875 0.342792096875 0.5355537765625 0.3432904265625 0.535606153125 0.3462529328125 0.5325865078125 0.34586271874999996 0.5273110375
0 0.3200537609375 0.505218265625 0.31752161874999996 0.5030771781250001 0.314651796875 0.50152558125 0.30707217343750004 0.50281220625 0.30391198125 0.5066466109375 0.305868221875 0.51164375625 0.31030930625 0.51398548125 0.31505358906250003 0.5134424890625 0.3202005171875 0.511691846875 0.32170282031249997 0.5078915203125 0.3200537609375 0.505218265625
0 0.32575640625 0.5776632734375 0.3216621671875 0.58207384375 0.32101694062499997 0.585334140625 0.3230649625 0.5888775109375 0.32670359375 0.5916803921875 0.3303736765625 0.594184025 0.334201021875 0.5951914046875 0.3390519265625 0.5950961453125 0.3412095796875 0.5947178125 0.3459814015625 0.5924963484375 0.3479970703125 0.5905903140625 0.3515089859375 0.588841540625 0.351619521875 0.59066849375 0.351304996875 0.5936609921875 0.3525496265625 0.5962122546875 0.3559204609375 0.5986844328125 0.361748196875 0.6008097328125 0.36680399375 0.601643675 0.37444250625 0.6009337343750001 0.38089929218749996 0.5970740343750001 0.3831980296875 0.5924747484374999 0.3812910921875 0.584710428125 0.3788970921875 0.5844588078124999 0.3665649390625 0.5837677578125 0.36550902343749997 0.5794209968749999 0.3651459640625 0.5742393890625 0.362153465625 0.573924865625 0.3543100609375 0.5737056015625 0.350168190625 0.57569071875 0.349333346875 0.5749978609374999 0.34566326406250003 0.57249423125 0.34150521718750004 0.571754646875 0.3378198578125 0.5722749671875 0.33317384687499996 0.5732994296875 0.3293626796875 0.5750167515625 0.32575640625 0.5776632734375
0 0.6707056546875 0.22394196875 0.680489584375 0.2184769453125 0.68704471875 0.2061792 0.7012962828125 0.1665525078125 0.7064675609375 0.20497394375 0.7106276015625 0.22380902656249999 0.722050315625 0.21526956875 0.7256328796875 0.2145638859375 0.7293929765625 0.19547901406249998 0.73164305 0.174070984375 0.7321906109375 0.143826203125 0.732979434375 0.10711342187499999 0.7311006859375 0.0874358828125 0.7184267703125 0.0536370140625 0.703405234375 0.0672093546875 0.6946650562500001 0.08360634375 0.6864236640625 0.0827401390625 0.6728822328125 0.048850090624999995 0.661154521875 0.051946367187499995 0.6609375 0.0523167765625 0.6609375 0.2266568546875 0.662014246875 0.22735736874999998 0.6707056546875 0.22394196875
0 0.8492730984374999 0.11081178750000001 0.84003268125 0.11103765000000002 0.8284278468749999 0.133759396875 0.8267561421874999 0.1635105234375 0.8229164015625001 0.195427928125 0.8263813796875 0.1993833328125 0.8444004140624999 0.19409476718750002 0.858137321875 0.1787795515625 0.8599514484374999 0.14305803125 0.8492730984374999 0.11081178750000001
0 0.9397883765625 0.2280619109375 0.9297502203124999 0.1851092953125 0.9200659796874999 0.1757119296875 0.909510634375 0.17460251875 0.89568525 0.1815289234375 0.89234328125 0.20871035 0.8907780359374999 0.2420638875 0.8976360624999999 0.2691203078125 0.8979979437500001 0.2703125 0.942138896875 0.2703125 0.944265440625 0.2500797890625 0.9397883765625 0.2280619109375
0 1 0.091649246875 0.9982748515625 0.0931408578125 0.9901569562500001 0.0946746390625 0.9752445937499999 0.085150596875 0.96339741875 0.0767443875 0.9527531671875 0.0796039765625 0.9414897468750001 0.0959248609375 0.9361487234375 0.10888986875 0.9339981484375001 0.1293512265625 0.9372736859374999 0.15117856093749998 0.942702175 0.1676624984375 0.9551708968750001 0.17772537187499998 0.9620480765625 0.18799622031250002 0.9612634765625 0.203031465625 0.968970178125 0.2205505203125 0.9809426140624999 0.235335246875 0.991173290625 0.23641053437499998 1 0.23674745000000003 1 0.091649246875
0 0.21546040937500002 0 0.21695117343749998 0.005481271875000001 0.2256553765625 0.0069814953125 0.231381521875 0.0011442140625 0.23141822343750001 0 0.21546040937500002 0
0 0.253826034375 0 0.2534767203125 0.0017103906249999999 0.256515628125 0.008468915625 0.271072534375 0.00941353125 0.2751459453125 0.0063294171875 0.27721563125 0 0.253826034375 0
0 0.5155496875 0 0.51441911875 0.006306925 0.5137825859375 0.01560601875 0.5145553781250001 0.024467865624999998 0.5189756046875 0.034298446875 0.5233301328125 0.038268373437499996 0.520212071875 0.0484774 0.5137508359375 0.054822792187500004 0.51774509375 0.068706225 0.5234152390625 0.06988755625000001 0.5307381203125 0.068315721875 0.5384212671874999 0.056830384375 0.5438662984375 0.043939059375 0.5446293890625 0.0399216390625 0.545973009375 0.033623739062500005 0.549517040625 0.0193618609375 0.5491422218750001 0.0099564703125 0.542764990625 0.0057739484375 0.5384433171875 0.0047343453125 0.531700965625 0.0040256953125 0.52676413125 0 0.5155496875 0
0 0.5845018578125 0.0043069218749999996 0.5780966265624999 0.0036337046875000003 0.573442684375 0.008998303124999999 0.5714856828125 0.0146463625 0.5698329453125 0.017399525 0.5622715031250001 0.027726909374999997 0.5580252359375 0.0454272234375 0.559317703125 0.052587567187499996 0.564257609375 0.0607166421875 0.5740948703125001 0.06116520625000001 0.5807715171875001 0.056013201562500003 0.586277403125 0.0425428984375 0.5896717265625 0.0329482859375 0.58905349375 0.025858809375000003 0.5885898218750001 0.020541703124999998 0.588215 0.011136312499999999 0.5845018578125 0.0043069218749999996
0 0.5966014875 0.03835963125 0.5933008656250001 0.05030559062499999 0.5925754796875 0.0636929703125 0.598095915625 0.069541565625 0.6034569453125 0.067178159375 0.6129193859375001 0.058221331249999994 0.6145392703125 0.0525378375 0.615424065625 0.047362459375 0.6166131265625 0.039292190625 0.6173993671875 0.025325832812499997 0.613995340625 0.022041179687500002 0.6083580484375 0.0237901765625 0.6008854578125 0.030029271875000003 0.5966014875 0.03835963125
0 0.6175221750000001 0.06631497343750001 0.622152965625 0.0708993140625 0.6225509359375 0.0703557671875 0.6263480828125 0.066657240625 0.6295646984375 0.0652391953125 0.63235049375 0.0614343703125 0.6344292031250001 0.054628353124999994 0.6344852046875 0.0476097421875 0.6282296796875 0.0422692625 0.62682035625 0.0427065109375 0.6209725046875 0.04970175 0.6187112359375 0.0582447015625 0.6175221750000001 0.06631497343750001
0 0.4418875375 0.0388884671875 0.4470168671875 0.0412190078125 0.44981297812500004 0.0316600484375 0.455873453125 0.025131328125 0.46056115468750003 0.0359247234375 0.4634064984375 0.042941628125 0.46716038125 0.0455754578125 0.480682059375 0.044757362499999995 0.48755929218749994 0.04324090625 0.4909619875 0.036432840625000004 0.489468140625 0.02507941875 0.486902140625 0.015404737499999998 0.47948749218750003 0.009251148437499999 0.46941506562499996 0.0028182171875 0.45983349687499997 0.0044982921875 0.4566170328125 0.00953450625 0.45211823281249996 0.0139880828125 0.4509755734375 0.012076559375 0.44572918437500003 0.0065987203125000005 0.441299553125 0.0061331484375 0.43766273437500003 0.006646615625 0.4339328015625 0.008046009375 0.4331173796875 0.01154315625 0.43246557656249995 0.017744640625 0.4343784390625 0.02511139375 0.43589489375 0.031988625 0.4418875375 0.0388884671875
0 0.3065546703125 0 0.3064944078125 0.0005733578125 0.3098549796875 0.002548459375 0.3161194328125 0.0015849890625000002 0.31728523124999997 0.0059244375 0.31524365625 0.016089967187500002 0.31858785 0.02130713125 0.3266761453125 0.021508490625 0.331133134375 0.016138128125 0.330389334375 0.010869896875 0.3281935921875 0.0070709515624999995 0.3271800234375 0.0043693953125 0.327639265625 0 0.3065546703125 0
0 0.3854547546875 0 0.38388191250000003 0.001895165625 0.38403510937499996 0.00969635 0.3853695125 0.012431628125 0.391617590625 0.01471021875 0.3947584890625 0.015689096875 0.3965996765625 0.019775154687499998 0.395874190625 0.0235914421875 0.39133241406249997 0.026682245312500002 0.3805762828125 0.0271736234375 0.37600078593749997 0.0305852578125 0.37721765 0.0375251015625 0.38128733125 0.038925978124999996 0.38805856875 0.0393132859375 0.393833584375 0.0399202640625 0.40028398750000005 0.04027385 0.40695309375 0.03546036875 0.4082364296875 0.035595253125 0.4141636734375 0.0378401234375 0.42030962031249997 0.034917925 0.421676775 0.0311690796875 0.422283753125 0.025394065625 0.4220293921875 0.018555384375 0.4199010921875 0.014114771875000001 0.41765525468750003 0.013878725 0.41338324687499994 0.0144028546875 0.40975290937500003 0.0149944265625 0.4077768375 0.01219170625 0.4024912609375 0.0100142765625 0.3979658640625 0.0098630171875 0.3964158140625 0 0.3854547546875 0