0 0.7251976640625 0.93076036875 0.731031684375 0.925183403125 0.732204065625 0.9236208703125 0.7411830265625 0.9123866843749999 0.7290773234375 0.8970086671875 0.725141303125 0.8890633296875 0.71358480625 0.8912744578125 0.6965664874999999 0.9000321734375 0.685028778125 0.916142315625 0.6807581265625 0.93502538125 0.691616890625 0.9425383203125 0.7137993796875 0.9356920078125001 0.7251976640625 0.93076036875
0 0.7280364453125 0.9958642890625 0.7367177625 0.9930880921874999 0.7549084609375 0.9827678421874999 0.75390339375 0.9709161734375 0.748078475 0.9603584250000001 0.7317857765625 0.9571563734374999 0.7188707953125 0.9604452234374999 0.7041881421875 0.9822125859374999 0.7107574703124999 0.9947095796875001 0.7280364453125 0.9958642890625
0 0.65513069375 0.6568655453125001 0.64884276875 0.6424748078125 0.643173375 0.62173593125 0.6424067140624999 0.619738709375 0.6434891421875 0.608629465625 0.6414595828125 0.6 0.5838975343749999 0.6 0.5853808828125 0.6064923062500001 0.5900345640625 0.6146358265625 0.5958650921875 0.623855271875 0.5966317546875 0.62585249375 0.59031781875 0.6511913390624999 0.5945076015625 0.6640959625 0.6059196078125 0.6719367171874999 0.6103177359374999 0.6794144953125001 0.6149177046875 0.691397825 0.6181389828125 0.6977996765625 0.6236130359375001 0.70410060625 0.626269496875 0.7130107875 0.62442040625 0.722122809375 0.6248712984375 0.737226496875 0.6329073937499999 0.740252434375 0.63622959375 0.7489070625 0.637198096875 0.755409834375 0.6358601125 0.7658533390625 0.635550846875 0.76902740625 0.639639709375 0.77967925625 0.6436813609375001 0.7842385171874999 0.645880425 0.7879774078125 0.6502248390625 0.7992949953124999 0.6535470390625 0.807949621875 0.6592164328125001 0.8286884984375 0.6575756859374999 0.832373675 0.6613959890625 0.8622245749999999 0.6627746796875 0.867806053125 0.6637968937500001 0.8704690140625001 0.6769977765624999 0.882969953125 0.68293573125 0.8845097796875001 0.6932783125 0.8835949875000001 0.700601459375 0.8807838953125 0.7088996109375 0.8745431796875 0.7175135296875 0.8551959984374999 0.7158857875 0.839016384375 0.7115950843750001 0.8238589859375001 0.7071432468750001 0.8202210187500001 0.705616425 0.8062941796875001 0.70178311875 0.796308071875 0.6888442921875 0.774540478125 0.6844998765625 0.7632228875 0.6812313875 0.7507284515625 0.67756571875 0.71929051875 0.6725083546875 0.7021358984375 0.667908384375 0.6901525687500001 0.6635639703125 0.67883498125 0.6599862171875001 0.6695146140625 0.65513069375 0.6568655453125001
0 0.566063384375 0.30942587499999996 0.5583336453125 0.28076598124999996 0.5371960984374999 0.2654759015625 0.48205121249999994 0.263872553125 0.4529077 0.28454781875 0.440625 0.301245471875 0.440625 0.37396640468750003 0.4622622640625 0.37710320625 0.4907852328125 0.3775400078125 0.5096953296875 0.3785041375 0.5411667328124999 0.36389323125 0.5650267546875 0.340818321875 0.566063384375 0.30942587499999996
0 0.749518715625 0.0770734140625 0.720156409375 0.0858143828125 0.715726590625 0.09700295 0.7080291062499999 0.11956651562500001 0.74066983125 0.11652503437499999 0.769601715625 0.0952984640625 0.7660004859375 0.08023477500000001 0.749518715625 0.0770734140625
0 0.7891501828124999 0.2712314703125 0.7887197625 0.2587458671875 0.78111555 0.2616648515625 0.7632600015625 0.257765753125 0.7505910890624999 0.27021938749999996 0.7466885453125001 0.27994046875 0.7602147140625 0.2867665453125 0.7782747203125 0.2798339578125 0.7891501828124999 0.2712314703125
0 0.8094734828125001 0.3355397890625 0.7895088359375 0.337510625 0.77387715625 0.3422459828125 0.7709287218750001 0.3572936875 0.790161634375 0.36762201875 0.814455659375 0.3627242046875 0.82765184375 0.3488030875 0.8094734828125001 0.3355397890625
0 0.6879315859374999 0.4138224109375 0.6935343078125 0.4198947640625 0.7205723078124999 0.41078093125 0.7397837171874999 0.3869602890625 0.748639771875 0.3588916609375 0.7412400156250001 0.3509789609375 0.715787421875 0.3613818375 0.6919309828125 0.39014824375 0.6879315859374999 0.4138224109375
0 0.7522696718749999 0.4194873140625 0.77657445 0.4316639859375 0.8044589562500001 0.424755375 0.79398524375 0.40031150000000004 0.764619353125 0.4033609734375 0.7522696718749999 0.4194873140625
0 0.8660566515625 0.44032779062499994 0.8517987515625001 0.445800884375 0.8419814203125 0.457159903125 0.8519171078125 0.465996771875 0.8781121859375001 0.4603692125 0.8830692796875 0.4477131640625 0.8660566515625 0.44032779062499994
0 0.71725079375 0.5044069625 0.72866428125 0.5114114765625 0.7503111859375 0.49677659687500003 0.74301186875 0.4806023046875 0.72875396875 0.4860754 0.7118561140625 0.4931944203125 0.71725079375 0.5044069625
0 0.7899570828125 0.54607716875 0.7994623484375001 0.5424284390625 0.8329459937499999 0.5359006843749999 0.8556438625 0.5126393390625 0.8443308140625 0.4973732359375 0.8142260218749999 0.5013388859375 0.7895123265625 0.510825584375 0.7633208312499999 0.522144640625 0.7415663234375 0.5336581203125 0.7224517671874999 0.5435256765625 0.7059843328125 0.563130296875 0.7143346125 0.5706781265624999 0.7344068625 0.5718286890625001 0.767886925 0.5596094375 0.7899570828125 0.54607716875
0 0.489609065625 0 0.48805194375000005 0.0031387359375 0.4919966546875 0.0293020390625 0.502330234375 0.046445334375 0.5203742453125 0.053123103125 0.5345525375 0.057062779687499995 0.53677880625 0.06652863437499999 0.5385302359375 0.08086786875 0.5377665015625 0.0947652515625 0.5429338109375 0.12655768437499998 0.54447030625 0.133004540625 0.5632700640625 0.1379848703125 0.576572640625 0.1347549328125 0.590791909375 0.1241364484375 0.5952644140625 0.11256828906250001 0.598287403125 0.1057785421875 0.6115939734375 0.09644863125 0.6234550249999999 0.085797159375 0.628464346875 0.0707391578125 0.6375293234375 0.056469890625 0.6463054046875001 0.051224628125000005 0.6513107328125 0.0422666 0.6528262218750001 0.032771753125000004 0.650603946875 0.0172059265625 0.652214403125 0.0067364046875 0.64620709375 0 0.6272915828125 0 0.6153916421875001 0.0110200109375 0.6064546187500001 0.021956384375 0.5971747078125 0.0283332734375 0.5878368093749999 0.02722665 0.5834132671875001 0.012036700000000001 0.5847650093750001 0 0.489609065625 0
0 0.7238983140624999 0.2163947984375 0.73305654375 0.2091237875 0.7399725046875 0.2013478640625 0.7359506734375 0.1926494359375 0.7300292421875 0.1843387859375 0.7320910796875 0.18081605 0.739689475 0.179264934375 0.7444111796875 0.1675515859375 0.74089425625 0.1566108859375 0.7300044781249999 0.152255859375 0.7208040484375 0.1540805296875 0.718718203125 0.159319525 0.714294059375 0.1709186515625 0.707447215625 0.1779852234375 0.6987938953125 0.18301396718750002 0.687558540625 0.18220568125 0.6781594828124999 0.17284010625 0.6707080359375001 0.1596542328125 0.6681289109375 0.149377775 0.6664904859375 0.1353261265625 0.6641878203125 0.1222122734375 0.6601899953125 0.11179758437500001 0.6481790828125 0.1071901015625 0.6340343125000001 0.1112541359375 0.6239593875 0.1205840796875 0.61433845 0.135543703125 0.6154268578125001 0.150830709375 0.622051825 0.1680893359375 0.6229627062499999 0.17490926874999999 0.6238044734375 0.182438546875 0.6209641718750001 0.1866015171875 0.6146913515625 0.1907164703125 0.61420173125 0.204560771875 0.620901625 0.212231190625 0.622588065625 0.22285031875 0.6222635890625 0.2291202328125 0.6212086625000001 0.23259786093749998 0.6206979421875001 0.24371899218749998 0.625564446875 0.2555072703125 0.6281915890625 0.2623512078125 0.6326943203125001 0.2705236265625 0.647040625 0.2732104109375 0.6566499359375 0.27600850781249997 0.6657092312499999 0.28004196718749996 0.6633920328125 0.28912526875 0.6624273234375 0.2946167171875 0.663707790625 0.2961736453125 0.67297443125 0.2980790578125 0.68221996875 0.2972612984375 0.6888805687499999 0.2950459421875 0.7003050749999999 0.2865635796875 0.707906378125 0.28057303437500003 0.718900903125 0.26474472968749996 0.7150835109375 0.25835768593749997 0.6997062875 0.2574322703125 0.6922250234375 0.2548415171875 0.6993963437499999 0.24150503125 0.7065167437500001 0.23604049531250001 0.7105502015625 0.2269812 0.7238983140624999 0.2163947984375
0 0.7667385140625 0.574305221875 0.7569621765625001 0.5794839796875 0.7515608406250001 0.5812008640624999 0.743601659375 0.5846126015625 0.740899475 0.5877888328124999 0.7427544171875 0.6 0.8228204421875001 0.6 0.8226359109375 0.5991923453125 0.8196792234375 0.5896325140625 0.8129028500000001 0.57476555 0.8026334671875001 0.5665868265625 0.792119471875 0.5670578374999999 0.7771112062500001 0.5706800125 0.7667385140625 0.574305221875
0 0.5008155125 0.57122179375 0.5220970968749999 0.57012899375 0.5353461890625 0.5702325296875 0.5494719296875 0.5836806625000001 0.55319363125 0.598291959375 0.5539340640625 0.6 0.6149050109374999 0.6 0.6160250265625 0.597289603125 0.6100604578125 0.579293403125 0.5957145500000001 0.564042734375 0.581239965625 0.552143796875 0.5754000593749999 0.5369303203125 0.576766278125 0.5269706281250001 0.5854089874999999 0.5113871796875 0.5744148124999999 0.49626518906249995 0.562274584375 0.4929054265625 0.5521067765625001 0.4713333125 0.5420596140625 0.45867837187499994 0.5317219203125 0.45509844218750006 0.5438741968749999 0.44005484531250005 0.5403726625 0.42724608750000004 0.5200501390625 0.4124025765625 0.50996176875 0.414388090625 0.49898872031249997 0.4152979125 0.48678214375 0.4166812390625 0.475049075 0.41929809375 0.459424421875 0.42529583593750003 0.45047005625000003 0.4339224828125 0.4533694078125 0.448849446875 0.4606298328125 0.4677635015625 0.4696013078125 0.4813031234375 0.48483992656249997 0.48536057499999996 0.499152659375 0.5029827906250001 0.496519740625 0.5157875328125 0.5071982453125 0.5300871734375 0.50880575625 0.53796183125 0.4968485046875 0.5449106015625 0.48894067343750003 0.548889659375 0.4904154890625 0.5662505015625 0.5008155125 0.57122179375
0 0.29824916562500003 1 0.304900796875 0.9850063468749999 0.296957215625 0.9643126109375 0.2774704859375 0.9557314296874999 0.257330884375 0.9508924796875 0.2385930890625 0.9497053640625 0.22625298124999998 0.9488557015625 0.2116365609375 0.948879834375 0.2052268671875 0.94715034375 0.18662665 0.9354355703125 0.1710276625 0.9274569937500001 0.15578238125 0.9340074312500001 0.1451017296875 0.9402023203125 0.14086679375 0.952302809375 0.1491815859375 0.9630775265624999 0.1600183328125 0.974979125 0.1879934515625 0.987983475 0.2107030375 0.9995174578125001 0.21316845468749998 1 0.29824916562500003 1
0 0 0.35557875 0.0056046796875 0.359754946875 0.015421067187500002 0.34414044062500004 0.0152860109375 0.32896126406250004 0.0129612015625 0.31631499375 0.012588064062500001 0.305458046875 0.013272292187500001 0.289118209375 0.007149173437500001 0.2846993140625 0.000817984375 0.28797579687499997 0 0.2948209140625 0 0.35557875