0 0.44102391562500004 0.4609375 0.44120476249999996 0.455372021875 0.43419339843750004 0.450905209375 0.43126943281249996 0.451092103125 0.420596028125 0.4562929171875 0.41636884218750003 0.4578314875 0.4184913578125 0.4609375 0.44102391562500004 0.4609375
0 0.398072571875 0.389477978125 0.3910280625 0.396428684375 0.3938465859375 0.3975961828125 0.39839249374999997 0.40515370624999997 0.4130822046875 0.40112310312500005 0.417554615625 0.392037865625 0.4052237234375 0.387752515625 0.398072571875 0.389477978125
0 0.39698190625 0.40866855625 0.391668803125 0.41033120937499995 0.39190901875 0.41403999999999996 0.395676903125 0.4172783 0.3984429484375 0.41979660625 0.40338622500000004 0.42016667031250005 0.40852503125000006 0.4180251390625 0.407936221875 0.413358590625 0.399290234375 0.408913028125 0.39698190625 0.40866855625
0 0.43424029375 0.40432700937500005 0.42596561718750003 0.4059829515625 0.42130650000000003 0.4114749546875 0.4210245671875 0.4178142203125 0.4237686375 0.41925588906250005 0.4334589234375 0.4184405 0.439228259375 0.41091745937499996 0.43424029375 0.40432700937500005
0 0.29505131875 0.4161584796875 0.29253243125 0.41758141249999997 0.29111031875000004 0.41784595312499995 0.285198409375 0.4189854484375 0.284124634375 0.42924584687499995 0.28516225624999997 0.434182571875 0.28386419687500003 0.441740875 0.28415009687500004 0.44669813906250005 0.29158763125 0.45183614531250005 0.295833428125 0.45029080156249995 0.299145115625 0.4503507765625 0.301909646875 0.4551650890625 0.3030277828125 0.457541846875 0.3077418640625 0.4593689875 0.310525290625 0.4593681671875 0.3167411765625 0.455587371875 0.3205803046875 0.45292471562500003 0.3233423734375 0.44938874375 0.3255753625 0.4430085484375 0.3258785171875 0.43758382031250004 0.32345821875 0.42884822656250005 0.32207554374999997 0.42504935625 0.31741979531250003 0.4143436734375 0.3173992546875 0.41359195 0.322538084375 0.40893784375 0.325137484375 0.40495494687500005 0.324771071875 0.40255764843749997 0.32452542968750003 0.396320403125 0.3252155359375 0.394044696875 0.32641336249999997 0.3910780625 0.3273671890625 0.3874410390625 0.327447703125 0.384881075 0.3273047546875 0.38240244218749997 0.3255975640625 0.380493146875 0.3216154859375 0.380677175 0.31783715468749996 0.3828115734375 0.313814821875 0.3842755828125 0.31233027343750003 0.3795015265625 0.3125726328125 0.374605059375 0.3104176953125 0.3700750046875 0.308019578125 0.36765798906249997 0.300826865625 0.3659738 0.28386421875 0.3729068953125 0.2802690921875 0.3762399453125 0.27636999218749997 0.3822142890625 0.275559115625 0.3883299453125 0.276861278125 0.39468878125 0.2810701 0.40555713125 0.288303890625 0.4087447671875 0.2953339359375 0.40998203125000005 0.29505131875 0.4161584796875
0 0.3613524359375 0.4390971375 0.36984402968749996 0.43600645 0.37447595625 0.434826696875 0.3824992640625 0.42836352812499995 0.3848949203125 0.422430259375 0.3820687734375 0.415360778125 0.376418940625 0.4095721 0.3675206796875 0.41154547187499996 0.36258395625 0.4125830953125 0.359840784375 0.4113039328125 0.35994101562499997 0.4067122625 0.3584367484375 0.4039699109375 0.3551045234375 0.40315821406249996 0.34903076718750004 0.4066342109375 0.345375665625 0.41327894687500005 0.3421658515625 0.41419415624999995 0.339990375 0.40891237968749994 0.3375520015625 0.4077753484375 0.33434218437499996 0.408690559375 0.330990240625 0.40991056718749996 0.3276399375 0.41669743124999997 0.328516534375 0.426754084375 0.3297365421875 0.4301060296875 0.3304291109375 0.4361806078125 0.3308366 0.44008135 0.3308784984375 0.44436822343750004 0.333582234375 0.4497107953125 0.3394538859375 0.44985128281250003 0.3471329609375 0.44730939531249997 0.3503830328125 0.4451142015625 0.353998696875 0.4425328765625 0.3613524359375 0.4390971375
0 0.471133159375 0.8868243671875 0.459375 0.8923896234375001 0.459375 0.9278186234374999 0.46329987499999997 0.9346990671875 0.47342717187499994 0.934765 0.48553701250000003 0.9341093468749999 0.49356022031249996 0.9206836265625 0.48486474218750003 0.8983351390625 0.471133159375 0.8868243671875
0 0.6265764546875 0.6554059203125 0.62109788125 0.6604015328124999 0.611508015625 0.68340219375 0.6079189406250001 0.69821559375 0.6075714343749999 0.7095979812500001 0.616601128125 0.7220697078125 0.6387850984375001 0.7275024875 0.6620400890625 0.723540725 0.6683750953125001 0.7054767046875 0.6680389609375 0.6875896015625 0.6563829609375 0.6648178671875 0.6420892828125 0.6610156171875 0.6265764546875 0.6554059203125
0 0.802004975 0.7904094703125 0.80351654375 0.7590931656250001 0.79973754375 0.7394575875 0.7884841390624999 0.7270448328125 0.7638637859374999 0.745761025 0.7622572546875 0.759852840625 0.76554061875 0.779668815625 0.7699082953125 0.7885846203125 0.780652775 0.8026833984374999 0.7922403953125 0.8052193921875 0.802004975 0.7904094703125
0 0.7893101453125 0.6614599453125 0.7857723187500001 0.64248698125 0.782637084375 0.633872996875 0.7762735734375 0.627184403125 0.7636282234375 0.6325373265625001 0.7623691984375001 0.6352467546875 0.7558860609375 0.642108784375 0.7551492546875 0.6416265671875 0.765800690625 0.66626471875 0.773597940625 0.678434625 0.78495768125 0.6788023796875 0.7893101453125 0.6614599453125
0 0.82191336875 0.845727334375 0.8111933718750001 0.8475588046875 0.8014496015624999 0.8485173828124999 0.7973380265625 0.8557071734375 0.7952209109374999 0.8626886109375 0.791233675 0.8687979984374999 0.7826728015625 0.8651854578125 0.7761282265625 0.8649796249999999 0.7703112015625 0.8660617046875 0.7654939203125 0.8755786406249999 0.76541410625 0.8867355015625 0.765292284375 0.8963549328125 0.767621109375 0.9027533249999999 0.7750604156249999 0.9075504421874999 0.785011696875 0.9057399765625 0.7936112171875 0.8995045703125 0.7969129125000001 0.8936446984374999 0.8004439578125 0.8905479984375001 0.8063861640625 0.8912318625 0.8141984843750001 0.8927877765625001 0.8207632234375 0.8909159796875 0.8246471218750001 0.8866557078125 0.824914284375 0.8767245890625001 0.8284234890625 0.8700128312500001 0.8354435765625 0.8622820015625001 0.8350882078125 0.8549065453125 0.8271078609375 0.847200915625 0.82191336875 0.845727334375
0 0.9645358828124999 0.3633406328125 0.9618858625 0.35373686875 0.9587693375 0.3405285 0.9573323859375 0.3342576078125 0.95149094375 0.3205312765625 0.9455188359375001 0.30760737968749996 0.935589628125 0.30820180625 0.9266495921875 0.30919107968750004 0.922132765625 0.31536433750000004 0.9219084796875 0.327524021875 0.92476366875 0.3423372609375 0.9253233921874999 0.3496823203125 0.92685356875 0.35969367343749997 0.930604709375 0.371161303125 0.93756599375 0.38448004375 0.9431090484375 0.3892564390625 0.9540274343749999 0.3890568625 0.9614930625 0.3863395953125 0.9660286156250001 0.3778948890625 0.9645358828124999 0.3633406328125
0 0.8610066234374999 0.38667951718750004 0.8693678109375 0.3957143453125 0.8795209125 0.39805794375 0.8929028750000001 0.3999812078125 0.9039519296874999 0.39897919531250003 0.914142478125 0.3967798984375 0.91931264375 0.3865944453125 0.9231578046875001 0.3716071203125 0.9226542500000001 0.35744770937500003 0.919332559375 0.339029871875 0.9125210640624999 0.3075395359375 0.9024986343749999 0.304393503125 0.891561521875 0.30686452656249996 0.8867646375 0.316914109375 0.8849727265625 0.3236053359375 0.8787388843749999 0.327384028125 0.873363553125 0.33236000312499997 0.8549050359375 0.32926493749999997 0.8463008375 0.33466124375 0.8466924453125 0.3473516359375 0.8512459265625001 0.366830896875 0.8610066234374999 0.38667951718750004
0 0.8130963140624999 0.3897747609375 0.823902753125 0.38810617187499996 0.8326563453125001 0.379635975 0.8367628375 0.36304376718750003 0.8270953609375 0.3469356140625 0.81615865 0.334308928125 0.81345245625 0.3315195109375 0.8092344140625001 0.331545 0.8015632187499999 0.344150496875 0.7998458109375 0.3568536390625 0.803876615625 0.379542646875 0.8130963140624999 0.3897747609375
0 1 0.319881275 0.9997843468750001 0.319134103125 0.9922373734375001 0.3088183953125 0.9849284234375 0.302629790625 0.976708415625 0.3043575078125 0.9674063578125001 0.3077431796875 0.9613873796875 0.31667588750000003 0.9616267671875001 0.32543760312500003 0.9633886828125 0.334909284375 0.9655568796875 0.3454972125 0.9663708078125 0.35236431874999996 0.9685732015624999 0.364203921875 0.9710108843749999 0.3709014015625 0.9743609921875 0.374317171875 0.983697246875 0.37218317343749996 0.9928296781249999 0.367173746875 0.9996954171875 0.36172520625 1 0.3614600859375 1 0.319881275