0 0.37668941875 0.7076186984375 0.3884495671875 0.686696759375 0.36485465625 0.6783266359375 0.3307284625 0.6724788687500001 0.28812685625 0.688535996875 0.2764420109375 0.7024972843749999 0.2778961109375 0.720390396875 0.2963256796875 0.7302699359375 0.3309660109375 0.726669671875 0.37668941875 0.7076186984375
0 0.485608228125 0.8080991718750001 0.48691583437499997 0.8180316453125 0.5023501421875001 0.81828868125 0.5264844453124999 0.8110628046875 0.5583870015625 0.7873518374999999 0.5703132625 0.7789261484375001 0.5757322671875 0.7655545140625 0.5664451734375 0.755960228125 0.5468370421875 0.76099669375 0.5289829328125 0.770374521875 0.5183565890625 0.7775535765625 0.5091554390625 0.7837960984375 0.4932041609375 0.7956515828125 0.485608228125 0.8080991718750001
0 0.5365869921875001 0.7333949203125 0.5627729312499999 0.726782996875 0.5629375609375 0.7115663828125001 0.5625304875 0.7016307859375 0.5506435734374999 0.6945297625 0.528059753125 0.7011292015625 0.5125313734375 0.709567375 0.5021085656250001 0.7217142265625001 0.50614128125 0.7294635375 0.5162506546875 0.7343970015625 0.5365869921875001 0.7333949203125
0 0.582569215625 0.7043561125 0.581073459375 0.7118140546875 0.5899299578125 0.7136465453125 0.5949572796875 0.712697525 0.60660944375 0.705825446875 0.61505886875 0.697722340625 0.62515285 0.6802975906250001 0.613492990625 0.675990565625 0.594910678125 0.6813340078125 0.582632075 0.6866556 0.5830626703124999 0.6944173953125 0.582569215625 0.7043561125
0 0.6042905375000001 0.7893664515625 0.5837583578125 0.7965798421875 0.5643302421875 0.8087579093749999 0.5631868296875 0.8193199421875 0.5578148625 0.8283439749999999 0.5516988609375 0.8466865312499999 0.5627558046875001 0.8472692687500001 0.5709858640625 0.8475512765625 0.5856214078125 0.8502953296875001 0.6056759578124999 0.8396677499999999 0.6129742765625 0.8309475718750001 0.6106173359375 0.8228819218750001 0.616913353125 0.81168096875 0.62135358125 0.7936547515625 0.6042905375000001 0.7893664515625
0 0.6705468531250001 0.6798497828125 0.6641920578125 0.682717828125 0.6549208296875 0.68766581875 0.6569237796875 0.6907636265625 0.66311540625 0.693070728125 0.669470203125 0.6902026796875 0.676072965625 0.6842290234374999 0.679550521875 0.679818575 0.6705468531250001 0.6798497828125
0 0.7001410296875 0.6592610484375 0.70200126875 0.6554202140625 0.702053253125 0.6550589953125 0.69672034375 0.6541451625 0.6951059640625 0.65461691875 0.6911013609375 0.6558738859375 0.6877981390625 0.6577499671875 0.6865481453125 0.6602404765625 0.6892282953125 0.6624065921875 0.696187353125 0.6617609265625 0.7001410296875 0.6592610484375
0 0.7005554671875001 0.7340003015625001 0.69737763125 0.7361867203125 0.690308809375 0.7410281859375 0.6914881953124999 0.7450641375 0.6953948015625 0.746915228125 0.7027417796875 0.746112834375 0.707408609375 0.743144325 0.7129375109375 0.7378420343750001 0.708979984375 0.7347480296875 0.7005554671875001 0.7340003015625001
0 0.732367840625 0.7953538046874999 0.743652246875 0.7900538796875 0.753537653125 0.785874734375 0.7597366671875 0.7805924359375 0.763238225 0.7743629750000001 0.755801125 0.771997475 0.7429208109375 0.7722015375 0.7298354671875 0.773043984375 0.7152786828125001 0.781703040625 0.7085168187499999 0.7901756625 0.7132081703125001 0.7960578875000001 0.7237126218750001 0.7957026421875 0.732367840625 0.7953538046874999
0 0.7704702984375 0.7773668609375 0.7721948421875 0.782781115625 0.7819153921875001 0.7816314921874999 0.78449628125 0.7811442921875 0.7941766593749999 0.7776035296875 0.8005565562499999 0.773914790625 0.8030972765625 0.7710364484375 0.7986390546875 0.7680229484375001 0.7904059734375 0.7659790453124999 0.7743577734375 0.7720925750000001 0.7704702984375 0.7773668609375
0 0.8533857265625 0.658312646875 0.8451647187500001 0.6551527703125 0.840376775 0.65819831875 0.832609953125 0.6618918671875 0.8215305796875001 0.6665534046875 0.8186561890625 0.6697517390625001 0.8194681921875 0.674053225 0.8211806609375 0.6805834515625 0.833868015625 0.6799018015625 0.85128711875 0.66916038125 0.8533857265625 0.658312646875
0 0.8027370734374999 0.639517390625 0.7949542265625 0.63858785625 0.7825120765625 0.641022259375 0.770355296875 0.64760055625 0.7682929125 0.655100375 0.7729199453125 0.66082340625 0.7852334562500001 0.6580706125 0.805474703125 0.642855690625 0.8027370734374999 0.639517390625
0 0.9122913875 0.6952529984375 0.9054050578125 0.690813146875 0.8941930953125 0.68941724375 0.8852845515625001 0.6948683499999999 0.8607137187499999 0.7073881609375 0.844323725 0.7206767125 0.8468442484375001 0.72576936875 0.8585185203125001 0.727163671875 0.868432025 0.7264916375 0.8811716234375 0.7270851546875 0.8971313562500001 0.7230443734375 0.9083997390624999 0.7131213671875 0.9159575828125 0.7043271484375 0.9122913875 0.6952529984375
0 0.205618815625 0.7985045093750001 0.2110497421875 0.792100703125 0.20113673125 0.7898916921875 0.1886431171875 0.7949394390625 0.183086015625 0.7997905796875 0.1829510453125 0.8056583265624999 0.20028365625000003 0.8026646109375 0.205618815625 0.7985045093750001
0 0.4755954 0.7225020796875 0.47638313125 0.715769234375 0.467958371875 0.7147630328125001 0.45592170625 0.7172206921875001 0.453227990625 0.7217167718749999 0.454955521875 0.7272329296875 0.468536984375 0.7273584234375 0.4755954 0.7225020796875
0 0.47215792187499994 0.6966289359375 0.46559994531250004 0.70148354375 0.4639593796875 0.701144096875 0.463780925 0.7044234875 0.46932922968749996 0.7069927625 0.4746251828125 0.7064567046875 0.48229714531249995 0.7043593109375 0.48966019687499995 0.6977762421875 0.48971247656249994 0.692944184375 0.48120502343749993 0.69297366875 0.47215792187499994 0.6966289359375
0 0.34008706875 0.7777456218750001 0.345928396875 0.765721665625 0.344921596875 0.749561746875 0.331848615625 0.7496664828124999 0.31641393125 0.754176803125 0.29169135 0.770723025 0.2910258453125 0.7844523437500001 0.3024022125 0.8091928453125 0.31058093593749997 0.8200391421875001 0.3327769328125 0.8117616562500001 0.33504862343749997 0.8156757859375 0.351061578125 0.8237019875 0.3619946953125 0.823426396875 0.373943778125 0.8248111640625 0.3907030828125 0.8252878921875 0.3973114578125 0.8288304453125 0.4067160375 0.8333140968749999 0.422510353125 0.82969389375 0.42799802343750004 0.8185031046875 0.425645490625 0.808409128125 0.41083130468749995 0.8033499859375001 0.4100941234375 0.7963998984375 0.42266370625 0.788215203125 0.42970380625000004 0.7791583078125 0.4335370921875 0.7707067703125 0.425876909375 0.7551641546875001 0.4171286671875 0.751450746875 0.40607567343750006 0.7514296328125 0.3876739296875 0.7571387234375 0.37967481406250003 0.7638219687500001 0.3736327640625 0.769369371875 0.364048159375 0.7815251484375 0.3492128609375 0.7875189984375 0.34008706875 0.7777456218750001