0 0.1347078609375 0.719108603125 0.143438709375 0.729968021875 0.15275435625 0.732861290625 0.16101290625 0.7294630171875001 0.16853946875 0.7191066265625 0.1746347625 0.698150509375 0.18341269531249998 0.6801530765625 0.192889909375 0.6657972578125 0.2020093046875 0.64879150625 0.2142182234375 0.642369128125 0.229661871875 0.627622784375 0.22826331249999998 0.620339559375 0.22517379218750003 0.6097561875 0.22663579218750002 0.5898408109375 0.20897982499999998 0.58205455625 0.19402285 0.5788852421875 0.1838954203125 0.5945742046875 0.179994115625 0.6025730625 0.1734919421875 0.61590449375 0.1695906390625 0.623903353125 0.16669736875000002 0.6332189984375 0.1608617671875 0.6468755390625 0.14915785625 0.6708721140625 0.14265568125 0.6842035453124999 0.13852739375 0.702818484375 0.1347078609375 0.719108603125
0 0.1149143859375 0 0.1079140078125 0.007414603125 0.1129038671875 0.02772114375 0.138758290625 0.051054881249999996 0.1835108546875 0.0722864046875 0.20692796093750002 0.0670263890625 0.1973600984375 0.043891246875 0.1788709546875 0.0146176234375 0.1506078109375 0 0.1149143859375 0
0 0.1960532515625 0.2177792296875 0.18172021875 0.2204634140625 0.1752139125 0.22808127812499998 0.185350465625 0.23972319375 0.2068693390625 0.2528234203125 0.2458369984375 0.2606659078125 0.26007873125000003 0.26389095937499996 0.273641815625 0.2589706953125 0.27455748125 0.245649209375 0.25769425625000003 0.23444758281250003 0.23877844062500003 0.227454384375 0.22633295156250002 0.22436119687499997 0.2155370828125 0.22170047343750002 0.1960532515625 0.2177792296875
0 0.30520148593749996 0.21333726406250003 0.3123126875 0.20638653749999997 0.30963587812500004 0.192801328125 0.2896200140625 0.180434165625 0.272958715625 0.1745405703125 0.25695762499999997 0.17492274531250002 0.253897178125 0.1831049375 0.2569953921875 0.193918796875 0.2713477484375 0.2083611171875 0.293783178125 0.22339682343749998 0.30520148593749996 0.21333726406250003
0 0.3171527140625 0.2269805875 0.3217170625 0.234788425 0.32578625625 0.237889434375 0.3386900265625 0.2419503625 0.3503655765625 0.2428074734375 0.37006888125000004 0.2386493296875 0.36546765625 0.2271024015625 0.349062709375 0.2168685125 0.3368920078125 0.211304575 0.33141199375 0.2168182234375 0.3236959015625 0.22310181562500003 0.3171527140625 0.2269805875
0 0.2669187046875 0.3204388296875 0.2832858859375 0.3116766671875 0.275055309375 0.296126921875 0.25595600625000003 0.285695240625 0.23390599218750002 0.279406053125 0.22529177968749997 0.28562371249999996 0.21499106875 0.28766981875000003 0.1972674890625 0.2953983109375 0.2042329703125 0.304005146875 0.20953038125 0.3103099734375 0.2172842421875 0.3230224328125 0.23860118749999998 0.3308146296875 0.24996507031249998 0.3304033984375 0.254381915625 0.323254878125 0.2669187046875 0.3204388296875
0 0.3859784984375 0.27540790312499996 0.3923620625 0.2782113390625 0.40121946406250003 0.2791209921875 0.40682400625000004 0.278754153125 0.400776184375 0.27208400625 0.394392621875 0.26928057031249997 0.3845118875 0.26570155624999997 0.3835500015625 0.2692628765625 0.3859784984375 0.27540790312499996
0 0.440281225 0.27890955 0.4373919234375 0.2743349515625 0.435961109375 0.2734509 0.43234739843750003 0.271315975 0.4287429109375 0.27011654687500003 0.42605569218749995 0.270854096875 0.42623932499999995 0.27429525 0.4313756671875 0.279034803125 0.4358789640625 0.2803002125 0.43997800312499996 0.2791126203125 0.440281225 0.27890955
0 0.3663249671875 0.3312833765625 0.36756336875 0.335425171875 0.37307575000000004 0.340348134375 0.3784045015625 0.34182994375 0.386044428125 0.3423907953125 0.38569562031250004 0.337379484375 0.3806141890625 0.330618521875 0.376862975 0.329719928125 0.3685351 0.32770634374999996 0.3663249671875 0.3312833765625
0 0.3563062828125 0.3953132296875 0.367795634375 0.40015283437500004 0.3775159734375 0.404702728125 0.3855894359375 0.405774946875 0.39256182812499996 0.4042087890625 0.38934334531250003 0.3970991171875 0.3805730859375 0.3876637234375 0.37119122187500003 0.37850312656249996 0.3550158984375 0.373479365625 0.34419494375 0.3741236109375 0.34296272499999997 0.3815459421875 0.3502555734375 0.389114565625 0.3563062828125 0.3953132296875
0 0.39965773125 0.42295221562499996 0.40174674374999997 0.424544190625 0.41085547968749997 0.42936887968750004 0.41786573125000004 0.4316418203125 0.4217048296875 0.43160395625000003 0.42096116562499997 0.4262744265625 0.4169710734375 0.418788415625 0.40168949375 0.41095302968749997 0.3951687078125 0.411593259375 0.39229907656249996 0.4164976875 0.39965773125 0.42295221562499996
0 0.53050475625 0.3838045765625 0.522562896875 0.38050416875000004 0.51168515 0.3753897671875 0.5073849828125 0.3753937828125 0.5047316921875 0.3788754734375 0.501024653125 0.3845176609375 0.5100207140624999 0.393490090625 0.5296588 0.3992475921875 0.53912448125 0.39354861093750004 0.5359717984375 0.3853248421875 0.53050475625 0.3838045765625
0 0.48457345781249994 0.328162896875 0.48341650625000004 0.3354309078125 0.4937015765625 0.34273965156249997 0.5185525046875 0.34760105937499997 0.519201515625 0.3433328453125 0.5146845515625 0.3369270828125 0.5045500140625 0.329309696875 0.4915269140625 0.324677190625 0.48457345781249994 0.328162896875
0 0.5467977859375 0.4708382734375 0.55108803125 0.46204196875000003 0.5497796296875 0.45395358750000003 0.5433147203125 0.444687434375 0.5333027796875001 0.4417145984375 0.5075576515625 0.43183230000000006 0.4867152859375 0.4285439359375 0.48461726250000003 0.433824703125 0.4913927078125 0.44343334843750004 0.49852555625 0.4503508390625 0.506608940625 0.460215346875 0.5202909734375 0.46937192968749997 0.5352052234375 0.47110618125 0.5467977859375 0.4708382734375
0 0.221304884375 0.1435739375 0.2302993984375 0.153750903125 0.238631365625 0.15574680000000002 0.2441619390625 0.1518270453125 0.2392724296875 0.1448929484375 0.22939193125 0.1375924578125 0.2242482453125 0.1385991 0.221304884375 0.1435739375
0 0.24671742343749997 0.1328082703125 0.2441609515625 0.13486999375 0.2459641484375 0.14071236874999998 0.24990620156249999 0.14428933593749999 0.2565984140625 0.148587284375 0.26641743125 0.149654165625 0.27004333125 0.1464597390625 0.264328821875 0.14015719843750002 0.2555587359375 0.1358797421875 0.2475629171875 0.1342545828125 0.24671742343749997 0.1328082703125
0 0.0876162734375 0.138856571875 0.0945826890625 0.1486630625 0.1054425734375 0.1614366453125 0.10723180937500001 0.16871805625 0.1101927 0.17870716874999998 0.12345149375 0.18802224375 0.13543983906249998 0.1846122796875 0.1413669734375 0.17610981875 0.135214025 0.16171550625 0.1398856765625 0.15651715625 0.1543787828125 0.160381546875 0.1658201125 0.1595531140625 0.17466579843750002 0.15674661875 0.18109055000000002 0.1406539546875 0.1779964328125 0.1316679875 0.170616228125 0.1234398859375 0.1540603765625 0.1135848515625 0.1437413046875 0.11211231562499999 0.13557586093750001 0.11133413437499999 0.12012900468750001 0.1123451875 0.105747953125 0.1053310796875 0.1069046421875 0.09200962812499999 0.11974879375 0.08830498437499999 0.1310842734375 0.076743690625 0.1222589078125 0.06709865312499999 0.108579265625 0.0586464421875 0.0797403921875 0.051345565625 0.069092209375 0.06003770625 0.0583187109375 0.08504662187499999 0.055730975 0.0983821890625 0.076734365625 0.109338309375 0.0753456578125 0.1136455671875 0.0800957859375 0.130916090625 0.0876162734375 0.138856571875
0 0.66875 0.7860691703125 0.674405721875 0.786815678125 0.683758278125 0.7664831859375 0.68377695625 0.751405 0.672262565625 0.7495608796875 0.66875 0.7520620984375 0.66875 0.7860691703125
0 0.7229249640625001 0.8504614281249999 0.73566691875 0.837062609375 0.7477744453125 0.8203369 0.769850275 0.8016837750000001 0.7846927859374999 0.7862920078125 0.781480671875 0.76511186875 0.7699462921875 0.76099490625 0.7499697078125 0.7603040531249999 0.7402386609375 0.7548035390625001 0.7322709656249999 0.7433737859375 0.71843744375 0.7358723625 0.7093608125 0.7359715812500001 0.7036748921875 0.76035550625 0.7100378390625 0.7785462187500001 0.6985647390625 0.79859881875 0.6991018390625 0.8252635484375 0.703542828125 0.8485517781249999 0.7229249640625001 0.8504614281249999
0 0.8377251125 0.778211184375 0.84802930625 0.762869025 0.8504057875000001 0.7406428015625 0.8412092171875001 0.7271049578125 0.8243834671875 0.72342468125 0.802207690625 0.7307135859375 0.781677946875 0.7531382484375 0.794322575 0.7630772703125001 0.806610009375 0.7668071578125 0.8239915375000001 0.782073978125 0.8377251125 0.778211184375
0 0.852856984375 0.6581038359375 0.8504778828124999 0.645628 0.8433032218750001 0.6383568578125 0.8179166390624999 0.64181665625 0.8020625203125 0.645399559375 0.778796484375 0.6491392515625 0.7634181859375 0.65521731875 0.745523478125 0.667611703125 0.7365467953125 0.67907514375 0.7318711734375001 0.6979169046875 0.7354791484375001 0.712500834375 0.7417621375000001 0.721600171875 0.757379003125 0.7254452 0.77174569375 0.7075582640625 0.7842104140624999 0.6970416890625 0.79923283125 0.70210551875 0.8090038578125001 0.71215171875 0.8137007796875 0.71293383125 0.834567725 0.6944454578125 0.8381943796875 0.6939512015625 0.8497874171875001 0.6875356671875 0.852856984375 0.6581038359375
0 0.871974990625 0.8364060312499999 0.8609364203125001 0.8370570781250001 0.8452608968750001 0.8437445453124999 0.8268916796875001 0.8709947921875001 0.821145790625 0.8885601843750001 0.8324029359375 0.895559390625 0.8513479203125 0.8821685328125 0.87488988125 0.8581955671875001 0.871974990625 0.8364060312499999
0 1 0.8195428187499999 0.9926648859375 0.814553390625 0.9806160187499999 0.8207466015625 0.96997461875 0.8321524703125001 0.9553906640625 0.8597401828125 0.9502592125 0.8783596203125 0.9712687062500001 0.9104832140625 0.9725175687500001 0.91486415 0.9954677015625 0.9268120421875 1 0.922419478125 1 0.8195428187499999
0 1 0.9462116281249999 0.9935470531249999 0.9492605890625001 0.98098369375 0.9657639734375 0.9827283687499999 0.9749129203125 0.9991769359375 0.970111221875 1 0.969171584375 1 0.9462116281249999
0 0.9649487515624999 1 0.967905846875 0.9925775328125 0.9685389640625001 0.9785533937500001 0.9624345703125 0.972558621875 0.9510401187499999 0.9843515671875 0.9507250046875001 1 0.9649487515624999 1
0 0.7597340359375 0.47412505156250007 0.763472425 0.4854337421875 0.7774633843750001 0.5055370875 0.7942029671874999 0.503741903125 0.8044011953125001 0.49638494843750003 0.8171883546875 0.475588396875 0.8201776265625 0.4599727203125 0.816011721875 0.442764303125 0.832777365625 0.43007366874999997 0.845644925 0.41453327812499996 0.8334699296875 0.402903921875 0.8200667312500001 0.3897269953125 0.8076510859375 0.3718147859375 0.7945950015625 0.3592814265625 0.775665728125 0.353368878125 0.7558026890625 0.35885759687499996 0.7479804609375 0.3640535296875 0.7437896046875 0.3767118125 0.7527612953125 0.39626416875000003 0.7539362640625 0.4006313828125 0.7593303687499999 0.4193873703125 0.759838284375 0.4305432578125 0.756502453125 0.45500099374999997 0.7597340359375 0.47412505156250007
0 0.702494859375 0.49932563593749996 0.7095962484375 0.49425239374999996 0.705376559375 0.47037799375 0.68511206875 0.4590715375 0.678065575 0.489782015625 0.702494859375 0.49932563593749996