0 0.4960903375 0.19656089375000002 0.506338025 0.21975950156250001 0.5187410156250001 0.22769956875 0.5320549203125 0.22172507187499998 0.5385834671875 0.21208786875 0.5481284234375 0.1894947828125 0.5491338906250001 0.18517615468749998 0.553111025 0.142088490625 0.531979440625 0.1332310109375 0.51912546875 0.1348295421875 0.5076193828125 0.1498426609375 0.4990798984375 0.16811711875 0.49794796406249997 0.1893822953125 0.4960903375 0.19656089375000002
0 0.5108122234375 0 0.5086261765625 0.0087784203125 0.5145650296875 0.015075492187500001 0.5286935515625 0.019712056250000002 0.5381281984374999 0.006206334375 0.534428996875 0 0.5108122234375 0
0 1 0.6346880171875 0.996922253125 0.6245505984374999 0.981291896875 0.6200396515625 0.9763067578125 0.6309882140624999 0.9777474171874999 0.6391703984375 1 0.63585936875 1 0.6346880171875
0 0.8471231156249999 0.6197049703124999 0.86265091875 0.6178952515625 0.871087484375 0.6032940671875 0.8629395843750001 0.5932596703125 0.8464910968750001 0.5892363609375 0.8341761906249999 0.5896628890625 0.8224838078125 0.5987592390625001 0.8260043593749999 0.6163380468749999 0.8401177125 0.6206895515624999 0.8471231156249999 0.6197049703124999
0 0.7609521953125 0.6077799109375001 0.763075009375 0.6240645578125 0.7819778953125 0.6266249578124999 0.7906195609375 0.624665103125 0.8039314937500001 0.6220488609375 0.8041867343750001 0.6123240437499999 0.804143815625 0.6054360203125 0.7915474625 0.6012439609375 0.7801699515625 0.6000481359375 0.76697728125 0.6015296609375 0.7609521953125 0.6077799109375001
0 0.594380203125 0.587404359375 0.5932639125 0.5907287890624999 0.6200761703125 0.6055930171874999 0.6305926281249999 0.6003884546875 0.6359355578125 0.5860357421875 0.6344352703125 0.5784209171875 0.61646978125 0.5742381625 0.6064303765625 0.5749038578125 0.5974905500000001 0.5797005046875 0.594380203125 0.587404359375
0 0.5675010953124999 0.602361659375 0.575742053125 0.5969179328124999 0.577931715625 0.5833810484375 0.5748547937499999 0.5761741390624999 0.562198809375 0.5725494359375001 0.548486165625 0.57168180625 0.5406459171875 0.5806094046875 0.5459816296875 0.5955108625000001 0.5599160890625 0.6015644421874999 0.5675010953124999 0.602361659375
0 0.24224021406250001 0 0.22653159843749998 0.015067740625000001 0.28664535625 0.025695271874999998 0.31953654062500003 0.011914990625 0.3185816171875 0 0.24224021406250001 0
0 0.27512050781249997 0.6616712484375 0.276271575 0.6450435765625 0.2689960828125 0.6291253484375 0.2522991 0.62338265 0.242048509375 0.6414465875 0.2411461734375 0.6557077375 0.2456372234375 0.6697382000000001 0.2610615078125 0.670561803125 0.27512050781249997 0.6616712484375
0 0.089800990625 0.5688183265625 0.10640538125000001 0.5697659640625 0.1207034328125 0.5529249859375 0.121439946875 0.5402415171875 0.11585170156249999 0.5252981796875 0.1122920265625 0.513758271875 0.1057820859375 0.50190828125 0.09404458125000001 0.4887112953125 0.08526701875 0.48140829687500003 0.071724840625 0.4967336109375 0.0663701734375 0.51929990625 0.07747343125 0.555559325 0.089800990625 0.5688183265625
0 0.1519387875 0.437372265625 0.14509720625 0.42867763593749997 0.128419584375 0.4341027421875 0.1276927484375 0.4523701125 0.12989681875 0.4597797640625 0.1342026875 0.464220103125 0.1336955453125 0.46336924531249996 0.15221655781250001 0.45175744843750004 0.1519387875 0.437372265625