0 0.6309482609375 0.6032794484374999 0.6416289078124999 0.6039254234375 0.6548565828124999 0.603955475 0.66139201875 0.6022828328125 0.6727333718749999 0.5951737609375 0.672208975 0.590625 0.59706446875 0.590625 0.6043763125 0.5977125203125 0.622847484375 0.6022248640625001 0.6309482609375 0.6032794484374999
0 0.6441203359375 0.631582290625 0.646667365625 0.63096636875 0.6475760140625 0.6295473859375 0.64672968125 0.6218185203125 0.6368920140625 0.619338940625 0.62573694375 0.6204681984375 0.6147313078125001 0.6273115859375 0.6103924453125 0.633311575 0.6250943296875 0.6331081359375 0.6288126875 0.6327317171875 0.6441203359375 0.631582290625
0 0.6005695203125 0.6261544156250001 0.6023466109375 0.62544793125 0.6015438359374999 0.6251500546875 0.603729684375 0.622253715625 0.60096755 0.616740884375 0.5944723187500001 0.6162820484375 0.585054134375 0.6188363 0.5850976953125 0.626267290625 0.5918556046875 0.6283846078125 0.6005695203125 0.6261544156250001
0 0.5808385859375 0.649468046875 0.5840242171875001 0.6481134484375 0.584728484375 0.6477893906250001 0.586790365625 0.6417250203125 0.576788525 0.6382088890625 0.5670929234375001 0.6437822343749999 0.564998209375 0.6496392921874999 0.5741389765625 0.6501041390625 0.5808385859375 0.649468046875
0 0.5944160609375 0.6660185671875001 0.6032613125 0.664617615625 0.603867078125 0.663671628125 0.60968015 0.65743815 0.60312661875 0.6542259031250001 0.5947812546875 0.6563977234375 0.5902855890625001 0.6590223671875 0.5894607078125 0.6657408609375 0.5944160609375 0.6660185671875001
0 0.59450318125 0.680880546875 0.5957147109375 0.6789885703125 0.599203225 0.677160978125 0.5984480249999999 0.6723928328125 0.5898071500000001 0.6726988578124999 0.58427886875 0.6735744515625 0.5803487625 0.6773845859375001 0.5808084499999999 0.680286934375 0.583373575 0.6845559046874999 0.5862489546874999 0.6860130875 0.59450318125 0.680880546875
0 0.6272098374999999 0.663162165625 0.6272279328125 0.6680470546875 0.63116139375 0.6737993906249999 0.6338725984375 0.674220021875 0.633383434375 0.6806728328125 0.6388313078125 0.684060196875 0.647727490625 0.6877514453125 0.66057924375 0.6901786624999999 0.6685232203125 0.6878579046875 0.669756859375 0.678949559375 0.660893509375 0.67546561875 0.65249721875 0.6725452390625 0.6473850609375 0.668892190625 0.65309225625 0.6643755703124999 0.6556540281250001 0.6590820703125 0.6518847421875 0.6543662859375 0.635642978125 0.654388596875 0.6309429343749999 0.6581081656250001 0.6272098374999999 0.663162165625
0 0.5968966796874999 0.7024718484375 0.603621334375 0.7015448109375 0.6088930203125 0.699191384375 0.6136954718750001 0.693875325 0.6099790375 0.685905271875 0.606387971875 0.6864740406250001 0.5998457015625 0.69165153125 0.59414961875 0.69752325625 0.5936137921875 0.7018874625 0.5968966796874999 0.7024718484375
0 0.69127465625 0.648816290625 0.6952192593750001 0.6439473328124999 0.7006167453125001 0.64229666875 0.6935388640625 0.633337734375 0.6890798499999999 0.6290039921874999 0.6834958359375001 0.6235221203125 0.6778298515625 0.6175227109375 0.668401603125 0.611588659375 0.654181446875 0.6141061734375 0.65104735 0.627069884375 0.6574602671875 0.634807828125 0.6634131484375 0.642618634375 0.665357853125 0.6489421765625 0.6626612062499999 0.655735575 0.6661591609374999 0.6599562703124999 0.6784479984375 0.66013200625 0.6853167625000001 0.6558609546875 0.69127465625 0.648816290625
0 0.6623650375000001 0.7816158203125 0.6665881046875 0.7758032671875 0.6660560531249999 0.7678046015625 0.6653570328125 0.7657108796875 0.662241496875 0.759958428125 0.6602579765625001 0.754394090625 0.66333121875 0.75060068125 0.66880316875 0.7526732578125 0.6707087765625 0.7531062515625 0.6766882984375 0.7514243765625 0.68185193125 0.7399517624999999 0.6807165828125 0.7327834609375 0.6795812359375 0.7256151625 0.6752735859375 0.7123359953125 0.67079896875 0.7049617718750001 0.6657600140625 0.7009835843750001 0.6605897125 0.6984958265625 0.652779159375 0.697895865625 0.646327690625 0.6989176765625 0.6407065843749999 0.7005427859375 0.63591584375 0.7027711890624999 0.630106625 0.7055283078125 0.6248261234375 0.70930390625 0.6209792828125 0.712852434375 0.6168875609375 0.717174559375 0.612228165625 0.7179125359375 0.605379325 0.7164254437500001 0.6003615156250001 0.7172201874999999 0.5956097312499999 0.7220142625 0.593011771875 0.7334479203125001 0.5959959609375 0.7406907984375 0.6074652406250001 0.73887424375 0.609242840625 0.7477778500000001 0.607283796875 0.7539666296875 0.6141359734375 0.762433909375 0.6195121984374999 0.7615824 0.6237564109375 0.7605427765624999 0.629679165625 0.7585024859375 0.637507528125 0.756895190625 0.6405841062500001 0.76008196875 0.643813175 0.7665512484375 0.6430429140625 0.77328655625 0.6365736328125 0.7765156265625001 0.628613925 0.77961335 0.6275030578125 0.7841981671875 0.63099481875 0.7876865921875 0.6394654328125 0.787814603125 0.659366371875 0.7835603859375 0.6623650375000001 0.7816158203125
0 0.8603709296875 0.20188485156249997 0.89045141875 0.18266415625000001 0.8879296390625001 0.1758353625 0.88879406875 0.154013834375 0.8812596734374999 0.142815953125 0.8682649765624999 0.1335155015625 0.8532580796874999 0.1296967578125 0.833109971875 0.1297901 0.8095447109375 0.1355876734375 0.795078346875 0.1533679328125 0.7876677453125 0.1793240765625 0.7928708546875 0.19398899687499999 0.824320553125 0.21069247343750003 0.849609871875 0.20668703906250002 0.8603709296875 0.20188485156249997
0 0.38694681875 0.6555417796875 0.40181897031249997 0.6517987078124999 0.40787628906249995 0.6303729031249999 0.40390503281249995 0.6188607921875 0.3926099578125 0.5963675609375 0.3903072046875 0.590625 0.323396684375 0.590625 0.326835284375 0.6123354609375 0.3302460921875 0.6284458890625 0.33756020468750003 0.6366534390624999 0.3494743890625 0.6413572984375 0.366095834375 0.64323426875 0.37207001875 0.642981828125 0.37680640468750004 0.6484756515625001 0.38694681875 0.6555417796875
0 0.3785893515625 0.673145884375 0.3731141375 0.6740130734374999 0.3633369703125 0.675561625 0.3533776140625 0.6835533890625001 0.3509108484375 0.6907593421875 0.35567310937499996 0.7056400703125 0.36634053906249997 0.7147747453125 0.37671769374999997 0.719545525 0.3853021671875 0.7205912624999999 0.40020233125000004 0.7134205390624999 0.40390429843750003 0.706419846875 0.4040864875 0.6999766328125 0.399327865625 0.6927123765625 0.3949603296875 0.685386178125 0.391169709375 0.6791712984375 0.38703050625 0.675817909375 0.3785893515625 0.673145884375
0 0.3569314953125 0.806150240625 0.3569707203125 0.815004371875 0.35764179375 0.8278478171874999 0.3586287890625 0.84268591875 0.3632169078125 0.8501380109375001 0.375290159375 0.8489073609375 0.3886931828125 0.8474660953125 0.392445028125 0.8625478531249999 0.39524910625 0.8716456390625 0.4000086140625 0.8715733718750001 0.40906717343750004 0.8599151640624999 0.41462372812500004 0.8433591 0.4178036234375 0.8333135453124999 0.4182847484375 0.8148350921875 0.41551371093749995 0.8016426828125001 0.412288403125 0.78988535625 0.4116565578125 0.785896040625 0.418482990625 0.7902673578125 0.4222286484375 0.7924003625 0.42590204062500003 0.7897738609375 0.42718639999999997 0.7677603625 0.42266436093750004 0.7521190265625 0.415904009375 0.7395584640624999 0.41264566093750005 0.7318957578124999 0.406062884375 0.7247595875 0.398327909375 0.7232584296875 0.3889142015625 0.7240678484374999 0.3704027078125 0.7276813468750001 0.3621081546875 0.7269503796875 0.3554923375 0.7239088328125 0.34884348125 0.7249619078125 0.3470986640625 0.7354617328125 0.346051775 0.741761628125 0.34437304062499996 0.7440722078124999 0.3417527234375 0.75334756875 0.3450110734375 0.7610102750000001 0.3468013015625 0.7723133328125 0.347716028125 0.782391928125 0.3528306859375 0.7931684484375 0.3569314953125 0.806150240625
0 0.32003232187499997 0.1816569078125 0.323946921875 0.188090175 0.3292383625 0.198645853125 0.3275160546875 0.21519544062499998 0.333633090625 0.22182243750000002 0.3365899953125 0.2267797125 0.34556739531249997 0.22861319062500002 0.358601634375 0.2194954875 0.35953390937499996 0.20252847031250001 0.35773791875 0.1957596484375 0.35535511249999996 0.185285846875 0.3513566859375 0.1783232953125 0.3448687703125 0.173925278125 0.3371361109375 0.17080953125 0.325250078125 0.1688941734375 0.31823633125 0.17488808281249998 0.32003232187499997 0.1816569078125
0 0.2950129375 0.14709782656249998 0.3035356265625 0.150631003125 0.317372609375 0.151152240625 0.335375678125 0.15969459531250002 0.3475487671875 0.1588516890625 0.346027115625 0.14010309375000002 0.34606267812499997 0.13575698125 0.3450084484375 0.12453019531250001 0.343667165625 0.11606167187500001 0.3397398546875 0.1004068953125 0.33557376875 0.092385778125 0.330617646875 0.0839472296875 0.31760625781249996 0.0794973109375 0.3116823015625 0.09237189375 0.313981278125 0.1023164140625 0.3117915515625 0.1113441921875 0.307602609375 0.1168906953125 0.2917791234375 0.1221096890625 0.2814375921875 0.12537530624999998 0.28378483593750004 0.140195221875 0.2950129375 0.14709782656249998
0 0.3097516453125 0.048187759375 0.30573036249999996 0.054792825 0.3026667765625 0.062873890625 0.311489225 0.0728703125 0.3282348421875 0.07347342812499999 0.33030517812500004 0.068262478125 0.3300409796875 0.057453123437499996 0.3270002421875 0.05196656875 0.3208476484375 0.0496856828125 0.3097516453125 0.048187759375
0 0.3515093171875 0.4398130546875 0.3506481625 0.44808784687500003 0.35634604687500004 0.45206843125 0.36200836718749996 0.46039512812499994 0.37206285 0.45988777656249996 0.38601922499999997 0.45659218125 0.39203971718749997 0.453468390625 0.39648015000000003 0.449509734375 0.4021526125 0.43504730468749997 0.4031814265625 0.4278310765625 0.40375552968750006 0.4223145453125 0.4026657375 0.415433871875 0.39530396093750003 0.4100891421875 0.36806185625 0.4209145890625 0.3629152234375 0.42498509531249995 0.35511144687499996 0.4305615734375 0.3515093171875 0.4398130546875
0 0.3827320078125 0.36270738125 0.3828158390625 0.363236665625 0.387975178125 0.3683876640625 0.40000345781249996 0.3529185734375 0.4040247359375 0.3463135046875 0.4046826671875 0.34132625625 0.4037605359375 0.33550415 0.402419253125 0.32703562656249996 0.40037177343749997 0.31867895625 0.38520621718750003 0.318910703125 0.371752825 0.32538199218749997 0.3731068171875 0.3430720203125 0.3827320078125 0.36270738125