0 0.3190020234375 1 0.31725127343750004 0.9883111843749999 0.29501556562500003 0.97107871875 0.26708756875 0.9701668609375 0.2554591953125 0.9786070625000001 0.24859923906249998 0.997550284375 0.2512063625 1 0.3190020234375 1
0 0.3416268015625 0.9583114171875 0.33218713437499997 0.9300161328125001 0.30440456718750003 0.9040290499999999 0.2879106265625 0.9092554625 0.27457933749999996 0.9179849750000001 0.2567234171875 0.9404124734374999 0.27973756875 0.9558965265625 0.30810366718750004 0.9664309281250001 0.3416268015625 0.9583114171875
0 0.341398034375 0.7626956390624999 0.33904950624999997 0.7843807921875 0.3400933171875 0.8002699890624999 0.333155421875 0.8158527546875 0.3235122640625 0.8229247359375 0.311080059375 0.8344376515624999 0.301506334375 0.8504704999999999 0.3029164453125 0.8819472453125 0.3092367 0.8896320859375001 0.325269546875 0.8992058125 0.3378406203125 0.9056146281249999 0.3462724078125 0.9085568875 0.357191590625 0.907735725 0.36254225 0.9011880390625 0.367670259375 0.8896703421875 0.374840365625 0.864449196875 0.379068215625 0.847659840625 0.3848833015625 0.8218354 0.3869948328125 0.8170928203125 0.39333421562500004 0.79556088125 0.396810334375 0.7768132046875 0.399901028125 0.771694759375 0.406379278125 0.7680845515625 0.41045869375 0.747981853125 0.4115168515625 0.741958465625 0.41355895 0.72825501875 0.41861274374999996 0.71508065 0.42132757187500003 0.7089830453125 0.4255506390625 0.6994978828125 0.4299963546875 0.6949827328125 0.435045365625 0.689112559375 0.4421269109375 0.6841473296875 0.44687427343749997 0.6789546671875 0.449366453125 0.6678870515625001 0.4488469390625 0.6562903546875 0.45058260624999996 0.6505686140625 0.45450402656250005 0.6417609625 0.45902873906249997 0.6315982890625 0.461446703125 0.6188740015625 0.460625540625 0.6079548171875 0.45663947031249996 0.6004974078124999 0.4446300765625 0.590625 0.3906585296875 0.590625 0.3884191 0.596913596875 0.4028599296875 0.6228265984375 0.40706865 0.635254021875 0.4005114015625 0.6445117515625001 0.38484007187499997 0.657829771875 0.3828027546875 0.6642290234375 0.366755559375 0.6765678828125 0.3685558828125 0.687111203125 0.3640263875 0.704578071875 0.3515989640625 0.7087867921875 0.34805340937499996 0.7185736031250001 0.3472873359375 0.7385278703125 0.345319453125 0.7538879875 0.341398034375 0.7626956390624999
0 0.3770289 0 0.376396171875 0.0019588828125 0.37080349375 0.019507821875 0.3674280765625 0.035817401562500004 0.3702521890625 0.0519184515625 0.3742676390625 0.06409681874999999 0.3881338125 0.0591376796875 0.3959769328125 0.051496906249999995 0.4003782734375 0.0378706484375 0.40265059062499997 0.024038673437499998 0.40733876406249997 0.0135088609375 0.413353296875 0 0.3770289 0
0 0.1892334234375 0.45225878281250004 0.1976612734375 0.4545267359375 0.21264160781250002 0.4508058359375 0.2168775296875 0.4437855875 0.22404768125 0.42768116562499997 0.23490220625 0.40579529531249997 0.22627575625000002 0.39898581875 0.206949140625 0.40374036249999995 0.19209022656250002 0.417163709375 0.185251153125 0.4512279453125 0.1892334234375 0.45225878281250004
0 0.1899946296875 0.459277346875 0.18103735 0.4656798828125 0.174495928125 0.4753845765625 0.16804274375 0.4836441921875 0.1603982203125 0.49582648906250004 0.1505585578125 0.5166798375 0.1407410171875 0.544964871875 0.1366375734375 0.5654034140624999 0.1485954421875 0.57221176875 0.155809834375 0.57097071875 0.165219365625 0.5610586203125 0.175257625 0.5447467968749999 0.18252707343750002 0.5309131375 0.1980147171875 0.5110900640625 0.2090678375 0.49374571874999995 0.2153885421875 0.4720678125 0.20795343125 0.4613356515625 0.19952558125 0.45906769843750006 0.1899946296875 0.459277346875
0 0.7313270328125 0.5493760734375 0.721756990625 0.5566404515625 0.7290569765625 0.570737890625 0.750459578125 0.577555121875 0.7590223390624999 0.5705202328125 0.761038690625 0.5598927375 0.7481981375 0.5501080203125001 0.7313270328125 0.5493760734375
0 0.7566303921875 0.46551323437500003 0.7399146937500001 0.4596783203125 0.7281736343749999 0.45712984843750004 0.7259839515625 0.46044132187500003 0.7204112046875 0.46331815 0.7198139421875 0.4646596265625 0.7176236921875 0.47118563125 0.72279514375 0.48688305156249995 0.7335387828125 0.5029181781250001 0.734533653125 0.50389691875 0.73094894375 0.5183748296874999 0.7343308765625001 0.5252385421875 0.75363245 0.5381185359375 0.7598021796875 0.5355075015625 0.7609978374999999 0.5263954859375 0.76398500625 0.5148663140624999 0.76378846875 0.5008480718749999 0.75682494375 0.49078234062500004 0.7625982 0.47942202187499994 0.7566303921875 0.46551323437500003
0 0.7029366031250001 0.247112678125 0.6941778843749999 0.260358571875 0.689199840625 0.276359321875 0.6878050953125 0.28591849687500004 0.6899922187499999 0.297072421875 0.6985473125 0.309989953125 0.710088153125 0.3194146515625 0.7234202125 0.32802945 0.73894110625 0.3381545828125 0.7389413890625 0.3365473203125 0.7451105515625 0.3371508140625 0.7596388421875 0.3334390703125 0.7693924328125 0.32117192499999997 0.7624303218749999 0.3030698578125 0.7614382890625 0.28601845312499996 0.7560680296875 0.2691609234375 0.7465177859375001 0.2568719140625 0.7319920453125001 0.2461182578125 0.71726580625 0.24384809375 0.7029366031250001 0.247112678125
0 0.7612250140625 0.3668289390625 0.74530651875 0.354383590625 0.7283891765625 0.36346123124999996 0.7254028625 0.3701686015625 0.7236096562500001 0.3822293609375 0.7238053375 0.4010693984375 0.7204205671875 0.410278353125 0.71385209375 0.4169982390625 0.713850390625 0.426641840625 0.7245931765625 0.4474987640625 0.7335470125 0.4563074484375 0.7425016984374999 0.46029433124999997 0.7492678390624999 0.4611636203125 0.75543870625 0.4521235203125 0.75683316875 0.444171609375 0.75544239375 0.43122905312500004 0.7546483140625 0.4201595546875 0.7596263546875 0.404158796875 0.765996309375 0.394671540625 0.768982909375 0.386356903125 0.7612250140625 0.3668289390625
0 0.7368314140625001 0.2055873609375 0.739846990625 0.20750996875 0.748033528125 0.204774971875 0.7547121265625 0.20194858125 0.757945665625 0.1894685078125 0.7506230031250001 0.1798283703125 0.738345496875 0.1708821390625 0.7247746421875 0.16657996875 0.71960214375 0.17993672968750002 0.719385715625 0.1856402609375 0.7211079359375 0.1922069328125 0.7368314140625001 0.2055873609375
0 0.759029040625 0.15399153593749998 0.7549365375 0.1510094609375 0.74976680625 0.1487077484375 0.7445970703125 0.1464060328125 0.7381339812500001 0.148748378125 0.7379178625 0.15271208125 0.7415793453124999 0.1566622359375 0.750626075 0.1624300671875 0.7594594406249999 0.15650311875 0.759029040625 0.15399153593749998
0 0.7170381625 0.0604774 0.7142362515625 0.0685097375 0.7107884328125 0.07451452343750001 0.7032444265625 0.09841520468750001 0.71099656875 0.1157864203125 0.7308143921875 0.1217099375 0.747187159375 0.1179797703125 0.7523599671875 0.102883178125 0.7562397203125 0.09069081875 0.7633502562500001 0.0816768609375 0.766582875 0.07441628125000001 0.7693866296875 0.055944964062500005 0.762496515625 0.03663759375 0.7263083796875 0.0205255984375 0.7107964156250001 0.029278932812500002 0.7112252828125001 0.04048966875 0.7170381625 0.0604774
0 0.72991366875 0 0.7295428421875 0.002826034375 0.7413890234375 0.014480173437499999 0.762068878125 0.018467535937499998 0.7765042281250001 0.0069149078125 0.7730361343750001 0 0.72991366875 0