0 0.9298286296875 0.3114481609375 0.9217989281250001 0.3037458890625 0.916364159375 0.30253866406249996 0.9134519140625 0.309698559375 0.9139204265625 0.3193886453125 0.91545374375 0.33425350468750004 0.9184139015625 0.3449327859375 0.9222770171875 0.3540697296875 0.9246238484375 0.3588030671875 0.9322744796875 0.36540443906250003 0.9360172734375001 0.358574275 0.9368307874999999 0.34844275156250004 0.935342190625 0.33787248281250004 0.9341879437499999 0.324108525 0.9298286296875 0.3114481609375
0 0.8917021828125 0.321497584375 0.8851887656249999 0.31819891562499997 0.8810807437499999 0.320844846875 0.8807911140625 0.32833313125 0.8835340515624999 0.344628625 0.8866390234375 0.3515637640625 0.8894958984375 0.356737190625 0.89692930625 0.3689547765625 0.9028293984375001 0.3663074984375 0.9045905875000001 0.35892823125 0.903043428125 0.3471467015625 0.9015995515625 0.3408710234375 0.8981879140625001 0.3309629125 0.8917021828125 0.321497584375
0 0.617630675 0.43864935000000005 0.6296065484375 0.43698857812499997 0.62837989375 0.42509669062500005 0.6223317984375 0.417943525 0.6138090890625 0.4202624140625 0.6110863796875 0.4279727609375 0.6147599593749999 0.4365592546875 0.617630675 0.43864935000000005
0 0.5716193421875 0.43725236093750003 0.5692309812499999 0.4417690171875 0.5705886062500001 0.45300009531249996 0.5749756078125 0.459493796875 0.5831639640625 0.460368596875 0.590228953125 0.45485736250000003 0.5932721703125 0.4470366546875 0.5908220546875 0.43679746562500005 0.5852115921875 0.4319564609375 0.5716193421875 0.43725236093750003
0 0.345933684375 0.554367790625 0.3547769 0.5519385437500001 0.3523853453125 0.5429106140625 0.349032275 0.5342137625000001 0.344586709375 0.526508796875 0.3364260390625 0.519467334375 0.3308017328125 0.5177096625 0.3293131359375 0.5071393921875 0.332487325 0.49865787656249994 0.3229999046875 0.487763259375 0.31736175625 0.489088915625 0.311389259375 0.493608265625 0.3092798765625 0.50726455625 0.3097931109375 0.5212492328125 0.3107993515625 0.5252127484375 0.31224322656250003 0.5314884234374999 0.31505857187499997 0.5459118468749999 0.3193731640625 0.55427761875 0.32692050781250004 0.5553731375 0.3312766296875 0.5544889203125 0.3376867625 0.5522817343749999 0.345933684375 0.554367790625
0 0.297475428125 0.5562761984375 0.29996388125 0.5437208078125 0.29633183125 0.5258843234375 0.292134365625 0.51994106875 0.28422179375 0.51466131875 0.2751166375 0.5184121875 0.271242871875 0.5259031640625 0.271945640625 0.5404382921875001 0.2729241953125 0.5505684671875 0.27648064687499996 0.5567324375 0.279147984375 0.5613554171875 0.28346257656249996 0.5697211890625 0.289714053125 0.574341478125 0.295803678125 0.5722446515625 0.2977544046875 0.5654158328125 0.297141078125 0.5594698890625 0.297475428125 0.5562761984375
0 0.262299565625 0.536371146875 0.25729923593750004 0.5239315 0.2498243 0.520963909375 0.2459643765625 0.5253715515625 0.24117381249999997 0.5374881953124999 0.242107646875 0.5433237828124999 0.24349295781250002 0.5483881984375001 0.245825946875 0.5562048640625 0.2510158078125 0.5691949625 0.25548905781250003 0.570733265625 0.259859021875 0.5667657140625 0.26399473281249997 0.55795311875 0.2643567671875 0.548592765625 0.262299565625 0.536371146875
0 0.23358174687500002 0.5320980859375 0.2274473984375 0.5299003203125 0.22731642812500003 0.5305611296875 0.22543810937500003 0.5355178781250001 0.22312215625 0.5381624625 0.2222053578125 0.5427881328125 0.2231977546875 0.5498349796875 0.22611319375 0.5562196687500001 0.2340396078125 0.5584160890625001 0.2351321 0.5574242015624999 0.2374757375 0.5486129515625 0.23591473437500002 0.53991475625 0.23358174687500002 0.5320980859375
0 0.8107521328124999 0.40026388593749995 0.812968940625 0.41080619531250007 0.82189615625 0.4162115234375 0.8278815203125 0.40896885625 0.8273909312500001 0.40207176718750004 0.8212111046875 0.3895965625 0.827748721875 0.38122160156249996 0.8339207656250001 0.3786253296875 0.8402378203125 0.37645019375 0.8501106453125 0.37776138125 0.852941375 0.3791420203125 0.8615985703125 0.37145043437499997 0.8629236468749999 0.3629860265625 0.8619841421875 0.353417109375 0.8580133375000001 0.3364127359375 0.8489411109375 0.330586271875 0.838384909375 0.3313946578125 0.8370459421875 0.33845064687500004 0.8381026765625 0.3456238625 0.8374887531249999 0.354785534375 0.8325662312500001 0.3555383609375 0.8258480359375 0.345603865625 0.818778159375 0.342856478125 0.80563346875 0.3525643 0.8041017140625 0.3686369515625 0.8082791968749999 0.37803308125 0.8122838874999999 0.38419123437499997 0.8127605859375 0.389679903125 0.8107521328124999 0.40026388593749995
0 0.40262108124999996 0.5214809109375 0.40340779375 0.5155572140625 0.40560292656249997 0.5096196281250001 0.40744637343749995 0.510869146875 0.41451625156249994 0.5136165359375 0.41872761875000003 0.5121664453125 0.42180669687499994 0.5101641 0.4245957546875 0.5073194796875 0.42385681875000003 0.5038053765625 0.4218266921875 0.49790945937500003 0.416979725 0.49204132500000003 0.41269890625 0.4864493171875 0.404351728125 0.4827285375 0.39871804843750003 0.48278409843750003 0.4002237015625 0.49262914531249996 0.397490203125 0.5011074437499999 0.388680215625 0.49330641249999996 0.3831359859375 0.4881494328125 0.378620709375 0.48734883125 0.36671165 0.4938047859375 0.3611196421875 0.49808560625 0.36091296562499997 0.50569385 0.3670650125 0.5153522171875 0.373479296875 0.5230360171874999 0.38279986875 0.525479496875 0.39464726250000004 0.527052921875 0.40262108124999996 0.5214809109375
0 0.03398814375 0.5852016328125 0.030682295312500003 0.5756007515625 0.0292497609375 0.57144036875 0.02449618125 0.566991625 0.0204037734375 0.5644630546875 0.015702971875 0.5653657265625001 0.0083845171875 0.5721813421874999 0.0048173328125 0.5794951578124999 0.028562025 0.653652890625 0.0350318609375 0.6693237734374999 0.04566671875 0.6731793234375 0.0534048421875 0.6655032578125 0.0549099890625 0.655319734375 0.052275867187500005 0.6487093140625 0.049982884374999995 0.6441292625 0.044426273437500004 0.6342294625 0.041518981249999996 0.621627565625 0.0421953484375 0.6142352234375 0.040169615625 0.6041935625 0.0375929109375 0.592551753125 0.03398814375 0.5852016328125
0 0.0986285125 0.67485285 0.11567791406250001 0.6704114015625 0.1232033578125 0.653528865625 0.13197218125000001 0.6471748749999999 0.13417801093749998 0.6397460640625 0.1409500125 0.63312688125 0.1477922484375 0.633629175 0.1641365265625 0.629906896875 0.1642129375 0.6232113046875 0.163290934375 0.6163831156249999 0.1679616109375 0.6133457390625 0.1745527 0.6172691515625 0.18871924375 0.6238242765625001 0.20192164531249998 0.619278325 0.20809302500000001 0.6095313109375 0.2038122671875 0.5943320875 0.1987218828125 0.5836990359375 0.19405738125 0.572919340625 0.1868094828125 0.56017091875 0.176915825 0.5535736531250001 0.1635386875 0.5548451296875 0.15403664374999998 0.5590697 0.1463988265625 0.564557875 0.140695471875 0.57843113125 0.145827996875 0.5933370671875 0.13438531874999998 0.6029936265625 0.11886471406250002 0.6035740265625 0.10582917812499999 0.5961530875000001 0.11167917812499999 0.5827057156250001 0.1096182953125 0.561501975 0.10290078437500001 0.54475990625 0.10088204375000001 0.527829053125 0.0860384703125 0.524841690625 0.0833163015625 0.5376884421875 0.0901242671875 0.5491592140625 0.08451136718749999 0.5577611734375 0.082878065625 0.565469225 0.080483453125 0.568199265625 0.072273109375 0.5734082 0.0589942984375 0.5846497453125 0.0532768953125 0.5970987046875 0.05246726875 0.601664878125 0.055010223437500005 0.6284191546875 0.0598354140625 0.6410490281250001 0.0653376359375 0.650111140625 0.069520065625 0.6553402968750001 0.08343546406249999 0.6653165390625 0.0873246046875 0.6696939296875 0.0986285125 0.67485285
0 0.543252240625 0.4602342109375 0.539371815625 0.45986439843750004 0.534101471875 0.463385071875 0.5312109703125001 0.45994488437500003 0.528765128125 0.44986897812500004 0.5235293890625 0.44655393906249996 0.51611380625 0.4497897078125 0.514344015625 0.45654051406249996 0.517244578125 0.46100080937500004 0.5208401 0.46351586093749997 0.5229004328125 0.46553595156250005 0.5258412375 0.47407666875 0.5288468281250001 0.4788419890625 0.5342825625 0.481746971875 0.5408031906249999 0.48086650156250005 0.5450433671875 0.47633578125 0.5461930453125 0.46877492812500005 0.543252240625 0.4602342109375
0 0.4675744921875 0.46240885625 0.463538734375 0.45663349062499997 0.45925831562499997 0.45708378749999995 0.45295780625 0.459594415625 0.4474673453125 0.46148493281249997 0.4414718609375 0.46389053437500005 0.4374618640625 0.471071515625 0.4362417625 0.47149162968749997 0.42992113125 0.47196204843749995 0.4255859875 0.4772078484375 0.4259312546875 0.48118324062499995 0.427821771875 0.48667370156249995 0.430942453125 0.492764153125 0.43474803125 0.4958892578125 0.436883209375 0.49515405625 0.44053345625 0.49287360468749997 0.4435736515625 0.49080321250000003 0.4465490609375 0.492508215625 0.452259640625 0.49224785468750004 0.45642496875000005 0.490472428125 0.46201603750000003 0.49878296562499996 0.46486629687500003 0.4981427328125 0.471671828125 0.4951170203125 0.47255672187500003 0.4917416171875 0.46912095625 0.48473608749999997 0.46675559843750003 0.48282102812499994 0.4601299421875 0.483396475 0.4568696296875 0.48383671093749997 0.45347410468750005 0.48091160468750005 0.45251878593750006 0.47714626875 0.455328803125 0.4724256140625 0.46486950312499997 0.46743453593749995 0.4675744921875 0.46240885625