0 0.41808819062499997 0.23465426250000002 0.4343520515625 0.2170044609375 0.43834129375 0.1676318421875 0.43106089687500004 0.13357438593749998 0.41596984687500005 0.1190997703125 0.39850314375 0.1232461171875 0.3888359875 0.13867333906249998 0.3867293703125 0.1841518 0.4028365015625 0.2148006796875 0.41808819062499997 0.23465426250000002
0 0.47495617812499996 0.3629715703125 0.4756585234375 0.3864893984375 0.48608525625 0.39560018750000003 0.49566036249999995 0.39291706875 0.51008135 0.3880583046875 0.5082777609375 0.3611108 0.5029465234375 0.341460134375 0.495130553125 0.333370071875 0.48651434374999997 0.3319294015625 0.47818282500000003 0.34559566406250003 0.47495617812499996 0.3629715703125
0 0.47805474062500003 0.41934552187499996 0.47678790156249995 0.43266762812500004 0.47744823593749997 0.451991671875 0.48514755625 0.4617499140625 0.4986002671875 0.4467654234375 0.5036957625 0.4362255453125 0.5066307812499999 0.42302008906250005 0.505979825 0.417945559375 0.5015002125 0.4100887984375 0.494869503125 0.41381597968749995 0.4855697078125 0.41735651406249996 0.47805474062500003 0.41934552187499996
0 0.5082626703125 0.5008373796875001 0.50902660625 0.49390733437499995 0.5049191046875 0.48873168125 0.5013539687499999 0.4877840375 0.49951311875000004 0.49813051249999996 0.498749184375 0.5050605578125 0.501501790625 0.5136331984375 0.5046217515625 0.508962940625 0.5082626703125 0.5008373796875001
0 0.48229844218749995 0.5320180140625 0.48234048593749995 0.5362150437500001 0.48239069062500006 0.5378961906249999 0.48490775781249995 0.5426856984375 0.4852352328125 0.5425246359375 0.4883132375 0.5395685593749999 0.48946900937500004 0.5350358843749999 0.4879326078125 0.5282179046875 0.48504429687500006 0.5263382984375 0.48306195 0.5282967234375 0.48229844218749995 0.5320180140625
0 0.46792586875 0.0262213890625 0.47023370625 0.019861809375 0.467724828125 0.0024524078125 0.46218597812500006 0.0043940062500000005 0.4592895078125 0.011178209375000001 0.458349553125 0.0246201828125 0.4635137375 0.033365392187499995 0.46792586875 0.0262213890625
0 0.4790706171875 0.306470421875 0.48150810312500003 0.298256778125 0.47719185 0.28537881875000004 0.471411834375 0.285440425 0.4679682140625 0.289391665625 0.46935037343749997 0.3015986734375 0.47291072187500005 0.3093001625 0.4790706171875 0.306470421875
0 0.4635107453125 0.310505984375 0.4623840265625 0.30530358281250003 0.45822598125 0.30082078125 0.4551622390625 0.3020038890625 0.4559920359375 0.30345926562500003 0.4534015546875 0.3111964265625 0.4527208984375 0.320930271875 0.45532180312500004 0.3290304515625 0.4599012078125 0.3274875421875 0.46388677031250003 0.31845058437499996 0.4635107453125 0.310505984375
0 0.5007348984375 0.1821435609375 0.4921358734375 0.19501540312500001 0.4887270765625 0.2024759765625 0.48484279375000006 0.21214882343750002 0.485099578125 0.231414128125 0.488535221875 0.2419196234375 0.49477023750000004 0.24909219062500002 0.5119192703125 0.251574525 0.518772609375 0.245317184375 0.5252107171875 0.23582291875 0.5291106109375 0.22133932500000003 0.5359483390625 0.2198927296875 0.5390625 0.2240471375 0.5390625 0.1642542984375 0.53683438125 0.156759228125 0.524252734375 0.1440102359375 0.5198281859375 0.1430592625 0.5208416015624999 0.11939173125 0.5079987953125 0.11496499375 0.4809536890625 0.11179065937499999 0.4681019828125 0.1166661859375 0.460005290625 0.145291821875 0.46048530000000004 0.16136484375 0.46442546250000005 0.173830353125 0.480105578125 0.1697941875 0.4897359703125 0.160523146875 0.5018510296875001 0.1661821515625 0.5007348984375 0.1821435609375
0 0.6325743171875 0.237523678125 0.66011483125 0.2425631234375 0.673187525 0.2040379828125 0.6745642328125 0.1750737375 0.6748078015625001 0.11593185624999999 0.6441886359375 0.0992604984375 0.61692804375 0.108770884375 0.6058685984375 0.137058046875 0.608288284375 0.176666525 0.617813128125 0.20743095625 0.6325743171875 0.237523678125
0 0.79609255625 0.1254507921875 0.7689898578125 0.1048738265625 0.7478322796875 0.10131858906249999 0.7364206953125 0.11608875156250001 0.728083275 0.151831384375 0.7283542296875 0.1850623546875 0.730706175 0.21636308125 0.7380055796875 0.2511234046875 0.7562154984375 0.2690027734375 0.7838372046875001 0.25432826406250003 0.8020740265624999 0.21616423437500001 0.7929147796875 0.17089510624999998 0.789980575 0.15719754375 0.79609255625 0.1254507921875
0 0.0869275109375 0.7534993156249999 0.085164453125 0.730440915625 0.0810059796875 0.7126757578125 0.0781029390625 0.7059198640625 0.0695336328125 0.6933070078125 0.049075434375 0.6962450234374999 0.0383781625 0.714063521875 0.0367821875 0.736887034375 0.0395848609375 0.764386721875 0.040156303125 0.7851775 0.0475978109375 0.80426438125 0.0625051890625 0.8227811828125 0.0772727546875 0.833643165625 0.0899854484375 0.815965603125 0.08846257187499999 0.77981821875 0.0869275109375 0.7534993156249999
0 0.3887056328125 0.7243628765625 0.37463714375 0.7517749671875 0.3817746546875 0.7752091859375 0.40601132968750003 0.7954704984375 0.42333848906249993 0.7890370953125 0.42882549062499997 0.7588406296875 0.4337045 0.737338840625 0.40722440937500004 0.7201970953125 0.3887056328125 0.7243628765625
0 0.4547614078125 0.79341869375 0.4881997453125 0.7979412296875 0.5050070984375 0.789287178125 0.51360076875 0.7822430703125 0.5182639640625 0.75417329375 0.5050558281249999 0.749973246875 0.49140387968750004 0.74246571875 0.48909664687500004 0.7368436390624999 0.458725528125 0.727074846875 0.4414621875 0.742249903125 0.44075383125 0.7716883734375 0.4547614078125 0.79341869375
0 0.727548440625 0.7823660046875001 0.73602065 0.7786121203125 0.7421571984375 0.7737290640625 0.7457463515625 0.76383863125 0.7451432546875 0.7429384109375 0.7495202203125 0.71677594375 0.7506291859374999 0.7009169890625 0.7526993 0.6851252437500001 0.746196390625 0.6745291046874999 0.7294771015625 0.67191120625 0.7147574234375 0.6752282234375 0.6984044968750001 0.6880895203125 0.69512789375 0.7004164312500001 0.6929804640625 0.7104076781249999 0.6834697921874999 0.7082938546875 0.6714655359374999 0.714215375 0.6693181078125 0.724206621875 0.6706019078125001 0.7334719562500001 0.6740768484374999 0.7390271140625 0.6697046765625 0.7532091109375 0.6740399499999999 0.7602732046875 0.67665455625 0.7643194296875 0.6805092562499999 0.771349915625 0.6931140796874999 0.7809440171875 0.7120255359375001 0.77645129375 0.727548440625 0.7823660046875001
0 0.5679305203125 0.75672323125 0.5712427578125 0.7536029609375 0.572699696875 0.7475167453125 0.5738228890625 0.738828821875 0.5754717953124999 0.7263101 0.5749962734375 0.714674171875 0.5767402828125 0.7044826359374999 0.5670852484375 0.7061280265625001 0.5635326140625 0.7200606484375001 0.5605415734375 0.7296493109375 0.5587383421875 0.737000496875 0.5583669546875 0.7459988296875 0.56162360625 0.754735184375 0.5679305203125 0.75672323125
0 0.5968291296875 0.719552759375 0.59478901875 0.7155425421875 0.5910946046875 0.7204409484375 0.5881519953125001 0.7256497625 0.58724410625 0.731258696875 0.5852560609374999 0.737565609375 0.5826525921875 0.7489862328125 0.5873106 0.763493 0.595939303125 0.7617758421875 0.598923190625 0.7596639609375 0.6014280375000001 0.7680899078125 0.6025423187500001 0.7779656421875 0.6040746625 0.785550071875 0.6107027734375 0.7940065093750001 0.6106310046875 0.7950328390625 0.61058796875 0.803022784375 0.6189529359375 0.8087644640624999 0.6258806671875 0.8092488984375 0.6319848218749999 0.8104492546875001 0.6339352265625 0.8157423843749999 0.6444120765625 0.8244679515625 0.6561556562499999 0.8224529328125 0.6590282546874999 0.807183571875 0.6516016640625 0.79170969375 0.6491614328125 0.7897341953125 0.6462331296875 0.7799894515625 0.65786905625 0.779513928125 0.6622381140625 0.7723421625 0.66167288125 0.76198915 0.662205746875 0.7506815718750001 0.6584843609375 0.7375294859375 0.653054846875 0.7340557703125 0.647124715625 0.726679490625 0.6462849578125 0.716565115625 0.6491683453125 0.7085159515624999 0.65287530625 0.6997508640625 0.655591821875 0.69040084375 0.656386665625 0.6827213078125001 0.6486963390625 0.6747062671874999 0.6395490765625 0.6727774421875 0.6313797109375 0.6753002312499999 0.62528634375 0.6813200734375 0.621209753125 0.687996615625 0.614936965625 0.6965822828125 0.6110039109375001 0.7012061640625 0.6059960953125 0.7101381234375 0.6000516593749999 0.7177154031249999 0.5968291296875 0.719552759375