0 0.6148708453125 0.1387377765625 0.6134938062499999 0.12238356875 0.5821214578125 0.1118981625 0.5556007109375 0.1155175265625 0.5470080953124999 0.1284714203125 0.5413422156250001 0.141994209375 0.537456771875 0.1463574 0.517885165625 0.14547789375 0.4968070203125 0.1523488109375 0.49475266093750003 0.16291757812500002 0.5425391328125 0.1670878828125 0.5618368312500001 0.169376565625 0.585387671875 0.17322317812500002 0.6095295078125 0.166216571875 0.6070568109375001 0.1554990390625 0.5914137953124999 0.142221459375 0.599004553125 0.14223453749999998 0.6148708453125 0.1387377765625
0 0.5295729953125 0.374423746875 0.56464319375 0.36588536875 0.556453978125 0.35332545 0.534503459375 0.3490587015625 0.51968965625 0.3549536671875 0.514340853125 0.3590324109375 0.5223931109375 0.3722969125 0.5295729953125 0.374423746875
0 0.5313252140625 0.4200991375 0.5391392484375 0.403337871875 0.5379929609375 0.3936093734375 0.505524953125 0.388760646875 0.497573953125 0.4062264921875 0.497026125 0.40904483125 0.517196196875 0.4224711796875 0.5313252140625 0.4200991375
0 0.5357302515625 0.46775259843750006 0.5238357234375 0.4508164078125 0.48871488906250005 0.443989609375 0.484692496875 0.4490573859375 0.491692259375 0.459923684375 0.5049563625 0.46981402812499995 0.52635905 0.47689911562500004 0.5292857843750001 0.47746801562499996 0.5357302515625 0.46775259843750006
0 0.5059017734375 0.5665170374999999 0.5251994734375 0.568805715625 0.5386868609375 0.5619217187500001 0.5445834921875 0.5550246359375001 0.5476903484375 0.5468540703125 0.5466810171875001 0.5364209875 0.5407337484375 0.5279528921875001 0.5177307359375 0.5212879421875 0.4950954328125 0.5205441140625 0.4780396859375 0.5223472578125 0.46427837812500006 0.530640425 0.47324617812499997 0.5470077171875001 0.4819832234375 0.5567492984375 0.48715190625 0.56141001875 0.5059017734375 0.5665170374999999
0 0.516210915625 0.630673471875 0.5316157078125 0.6139252875000001 0.528090515625 0.6008095499999999 0.53000791875 0.5909453671875 0.528724665625 0.5819214546875 0.5042582859375 0.57497205 0.4849605875 0.5726833734375 0.46827255156250003 0.5804076421875 0.45849047656249997 0.5916679125 0.46174176093749997 0.6061928203125 0.46833064531249996 0.6191728703125 0.48040530156249994 0.627369596875 0.48758518124999994 0.6294964281250001 0.516210915625 0.630673471875
0 0.4734711359375 0.8687566265625 0.4906779671875 0.8544011578124999 0.495211421875 0.845911709375 0.49281961093750004 0.83225845 0.47595121249999994 0.8189147796875 0.45678357968750005 0.80998304375 0.432038846875 0.8037849109374999 0.41382935937500004 0.8047571453125 0.394080228125 0.8099419031249999 0.3829055390625 0.8192227953125 0.3938068015625 0.8373066171874999 0.404359003125 0.84976960625 0.400475603125 0.8549147953125 0.39071055781249997 0.8606520156249999 0.3898449953125 0.8688132453125 0.417583540625 0.8707344546875 0.4323851484375 0.8687527359375 0.45009507656250003 0.8666422140625001 0.46387707968749997 0.8661976078125001 0.4734711359375 0.8687566265625
0 0.4940421046875 0.9223850203125 0.4950786515625 0.9059275515625 0.47211310624999997 0.8979928828125001 0.459155690625 0.8979036484374999 0.434215940625 0.892708790625 0.41815164375 0.882644978125 0.379994459375 0.8786985890624999 0.37949844062500004 0.8886669546875 0.3732508 0.8985585078125 0.354418834375 0.9212746218750001 0.3717217796875 0.9360910078125 0.3717458125 0.9433839718750001 0.419281553125 0.9547063515625 0.44239759687499997 0.9581584718749999 0.45418136875000004 0.9531607093750001 0.46118504531250004 0.9319630859375 0.4940421046875 0.9223850203125
0 0.50182139375 1 0.5050706140625 0.9991469796875 0.5041329546875 0.98542931875 0.4933652484375 0.9777833015624999 0.47500171875 0.972131425 0.453209821875 0.9692837578125 0.44335574375000003 0.9680624390625001 0.42965923124999994 0.9643589234375 0.4081273578125 0.9601735515625001 0.3836221609375 0.95645140625 0.3632194265625 0.9538737625 0.3527802875 0.9556622765625 0.33839274375 0.9629304078124999 0.3432788140625 0.97116845625 0.35519613906249997 0.9766085015625 0.367308478125 0.981045271875 0.384912425 0.9868965656249999 0.42448623906250005 0.9946799593750001 0.45734339999999996 0.9999345343750001 0.45772453593750007 1 0.50182139375 1
0 0.5546016375 0.024080009375 0.548720146875 0.0324913640625 0.547626496875 0.0381177015625 0.5550436249999999 0.0491140421875 0.5642084234375 0.06204253125 0.5579004984375 0.067186128125 0.5549034484375001 0.0798738359375 0.5576884625 0.0846616765625 0.5651762687499999 0.0898328359375 0.5803363515625 0.09649533437499999 0.59363496875 0.09908032343749999 0.609064575 0.09889466875 0.6143351578125 0.09089537812500001 0.6154000640625 0.07995534374999999 0.608210525 0.0732497296875 0.604402540625 0.06826304375 0.61846779375 0.0614424515625 0.622317715625 0.0552902578125 0.624519384375 0.04669443125 0.6198441578125 0.0325153828125 0.6073409234375 0.0258385125 0.5965997328125 0.023750637499999998 0.5797207203125 0.020469689062499997 0.5669479609375 0.0206409703125 0.5546016375 0.024080009375
0 0.5068734874999999 0.7574575859375 0.509469234375 0.7441036203125 0.50900935 0.7171123796875001 0.5050375671875 0.7081882687500001 0.49163945781249996 0.6974318640625 0.5083967703125001 0.690906665625 0.5196553921875 0.6833126296875001 0.523691575 0.6751299015625001 0.5206580140625 0.6655729546875 0.49866324687499997 0.6612976046875 0.4861168796875 0.662934875 0.47808684375 0.6581131640625 0.466914696875 0.6526806890625 0.4519676046875 0.64569923125 0.4408175296875 0.6443470828125 0.440556290625 0.65407879375 0.44252101718750003 0.669134434375 0.4428705421875 0.6757240343750001 0.462880325 0.6902112406249999 0.4554407953125 0.7075149140625 0.43128628124999996 0.7101566218750001 0.4315714046875 0.7338530624999999 0.44372591406249995 0.74681335625 0.4526297671875 0.7681090703125 0.458522128125 0.783928165625 0.47250893125 0.7874621312500001 0.49210297187499996 0.783118753125 0.49803766562499996 0.7777506796875 0.5068734874999999 0.7574575859375