0 0.6890296984375001 0.6505642265625 0.6558705406249999 0.6605273421875 0.6334715640625 0.671710571875 0.6476937984375 0.6910433609375 0.69539811875 0.7043800499999999 0.7302190093750001 0.7037318828125 0.74730719375 0.691679984375 0.74656983125 0.6737430343749999 0.73327063125 0.6613098374999999 0.6890296984375001 0.6505642265625
0 0.4571951828125 0.7728045515625 0.4642033890625 0.78541610625 0.47706758593750004 0.792325546875 0.5116219859375 0.8119718312499999 0.5364570078125 0.8162026156250001 0.5517449453125 0.8140665265625 0.5518323421875 0.80404873125 0.5427760484374999 0.7926196359375 0.5254988484374999 0.7827964921875 0.5156055109375 0.7777218390625 0.5041834671875 0.771891321875 0.48531956875000004 0.7647592640624999 0.465243803125 0.76214996875 0.4571951828125 0.7728045515625
0 0.52492731875 0.720318571875 0.513101871875 0.70953248125 0.49666088437499994 0.7030496390625001 0.47344113125 0.6992516671875 0.4625082171875 0.7077484109375 0.463315021875 0.7176595578125 0.4653328640625 0.7327426874999999 0.49212940781250003 0.7361140625 0.512436284375 0.7346302984374999 0.521869065625 0.728501584375 0.52492731875 0.720318571875
0 0.4429509875 0.7128955296874999 0.4412499875 0.7030910312499999 0.440731446875 0.695334615625 0.42789582812500004 0.6915490734375 0.40880082343749996 0.6885100734375 0.39775276875 0.6942059765625 0.4098950546875 0.7102706984375 0.41926901875 0.717283678125 0.431671825 0.7226844921875 0.43677733124999996 0.7230137609375 0.445344490625 0.72011559375 0.4429509875 0.7128955296874999
0 0.43650682031250004 0.8500145765625 0.45770706250000004 0.85811890625 0.4718991 0.8536116828125 0.48003344531250003 0.8523287843749999 0.49093695468750004 0.8504028890625 0.4826311453125 0.8329424078125 0.476199465625 0.8246403171875001 0.4737773890625 0.814296359375 0.45300995468750005 0.8045767578125 0.43175172812499996 0.7999193765625 0.41533848124999995 0.8062551734375001 0.42194245625000004 0.8236058999999999 0.42955659687500003 0.8339560718750001 0.4282001796875 0.842248840625 0.43650682031250004 0.8500145765625
0 0.343702190625 0.7003599390625 0.3476913265625 0.70431370625 0.354972878125 0.7094381609375 0.361629834375 0.7115103765625 0.36749414375 0.7084659015625 0.3691046375 0.7051470859375 0.35929950625 0.70136585625 0.3526425515625 0.6992936421875 0.343702190625 0.7003599390625
0 0.33437075781250003 0.68178056875 0.3328265640625 0.679460959375 0.32931932812500003 0.678001421875 0.3251913890625 0.6772418625000001 0.3235315484375 0.6769703671875 0.318349759375 0.67852730625 0.31844537812499996 0.678879496875 0.32075983125 0.6824649968750001 0.324988696875 0.6844644093750001 0.33197456875000003 0.6842571671875 0.33437075781250003 0.68178056875
0 0.339804934375 0.76657400625 0.3404836703125 0.762424409375 0.3328775125 0.7584805015625 0.3294569046875 0.7566976609375 0.321186309375 0.75846650625 0.3176353453125 0.7620197515625 0.323769221875 0.766608715625 0.3287630375 0.7689863531250001 0.3361530390625 0.7688873953125 0.339804934375 0.76657400625
0 0.27639498749999997 0.8101548796875001 0.2831915453125 0.814642334375 0.2935125765625 0.8175856015624999 0.3053587671875 0.8214707984375 0.313991984375 0.8207622296875 0.32446143125 0.81983465625 0.32840095156250004 0.8134245453125001 0.3206569359375 0.805839140625 0.30515338281250004 0.7990186546875 0.29206290625000003 0.7997771874999999 0.2792537328125 0.8011443625 0.27216034843750003 0.8043985843750001 0.27639498749999997 0.8101548796875001
0 0.23625073593749998 0.802420090625 0.23219299843750002 0.80595445 0.2350655625 0.8085017015625 0.24184745 0.8113854312500001 0.25188718125 0.8137200609375 0.2545082078125 0.8138890984374999 0.26429640625 0.8138455140625 0.2653482625 0.8082614484375 0.26084699218749996 0.8035002406249999 0.2441733609375 0.7993880625 0.23625073593749998 0.802420090625
0 0.2032209578125 0.7183794875 0.20412482812500002 0.7116892375 0.20440655937500002 0.70732085625 0.20116381562500002 0.7044966625 0.1895989265625 0.70122010625 0.1814398671875 0.6985006265625 0.176316453125 0.6960612828125 0.16854181562499998 0.7001994953125 0.1719467875 0.710710615625 0.1905451 0.7192491171875 0.2032209578125 0.7183794875
0 0.2142119890625 0.67901886875 0.23615659375 0.6916535921875 0.24871380156249998 0.692885228125 0.252608884375 0.6866409625000001 0.2496478734375 0.6794483875 0.2367800171875 0.6744006625 0.22413392812500002 0.6735007203125 0.2165223765625 0.6753718171875 0.2142119890625 0.67901886875
0 0.1832554421875 0.7663561999999999 0.1851365375 0.760994328125 0.16724924531250002 0.749802265625 0.141335778125 0.7403702062499999 0.131829315625 0.736045409375 0.12087104374999999 0.7387973031249999 0.1145771234375 0.7440432921875 0.1120441171875 0.7534966015625 0.12061737187499999 0.7613042 0.133011071875 0.7697799734374999 0.1493442921875 0.7718456312499999 0.1619165984375 0.7697039718750001 0.171838109375 0.7691628453125 0.1832554421875 0.7663561999999999
0 0.831964496875 0.7513086125 0.8223945875 0.7547092515625 0.8285654609374999 0.760403459375 0.8343678406249999 0.7638823609375 0.8519361 0.764741446875 0.8510870374999999 0.7589338875 0.8449801515625 0.754796146875 0.831964496875 0.7513086125
0 0.557975825 0.7092573296875 0.5497364874999999 0.7112827515625 0.5513388734375 0.7178694109375 0.558936515625 0.7218293515624999 0.5724014515625 0.7200496296875001 0.57344385625 0.7143640546875 0.570222284375 0.7102297703125 0.557975825 0.7092573296875
0 0.5343655921875 0.6950419421875 0.5424760359375 0.7006786125 0.5503464203124999 0.7018253953125 0.5556682265624999 0.70171204375 0.560862059375 0.6984857515625 0.5602852781250001 0.6952525515625 0.558698309375 0.6957894046875001 0.5515975875 0.6917701984375 0.54217245625 0.6892447421875 0.5337248234375 0.6902522734375001 0.5343655921875 0.6950419421875
0 0.6925696421875001 0.7561868640625 0.684702946875 0.7669995468749999 0.6692477609374999 0.7628583421874999 0.65825318125 0.751961240625 0.6515801109375 0.7471915296875 0.6428261359375 0.7415329453124999 0.6238657921875 0.73810901875 0.6128977609375 0.739476996875 0.6046672765625 0.7442288671874999 0.5989583609375 0.760589171875 0.60379305625 0.7685105531249999 0.6118844375 0.7766419671875 0.6253577921875 0.7832338078125 0.625473109375 0.79022193125 0.6113858999999999 0.7970487578125 0.6102810484375001 0.8073541984375 0.6170916296875 0.8177927921875 0.6332094078125 0.81946116875 0.6419974671875 0.8138648078124999 0.64812485625 0.8095433015625 0.664701140625 0.8070276812499999 0.6763923968750001 0.804197009375 0.68727760625 0.803138134375 0.7021930546874999 0.7932202703125 0.7039708 0.7890584671875 0.7270101234374999 0.7945692421875 0.7338060515625 0.78280705625 0.7420825140625 0.7568645359375 0.7397487859375 0.7433186578125001 0.71319400625 0.72990869375 0.6973247 0.7273130078125 0.6843363984375 0.7288022484375001 0.6853065015625 0.7449644109375 0.6925696421875001 0.7561868640625