0 0.455372021875 0.5587952375 0.450905209375 0.5658066015625 0.451092103125 0.5687305671875 0.4562929171875 0.5794039718749999 0.4578314875 0.5836311578125 0.4609375 0.5815086421875 0.4609375 0.558976084375 0.455372021875 0.5587952375
0 0.396428684375 0.6089719375 0.3975961828125 0.6061534140625 0.40515370624999997 0.6016075062499999 0.40112310312500005 0.5869177953125 0.392037865625 0.5824453843749999 0.387752515625 0.5947762765625 0.389477978125 0.601927428125 0.396428684375 0.6089719375
0 0.408913028125 0.600709765625 0.40866855625 0.60301809375 0.41033120937499995 0.608331196875 0.41403999999999996 0.6080909812499999 0.4172783 0.604323096875 0.41979660625 0.6015570515625 0.42016667031250005 0.596613775 0.4180251390625 0.5914749687499999 0.413358590625 0.592063778125 0.408913028125 0.600709765625
0 0.4059829515625 0.5740343828125 0.4114749546875 0.5786935 0.4178142203125 0.5789754328125001 0.41925588906250005 0.5762313625 0.4184405 0.5665410765625001 0.41091745937499996 0.560771740625 0.40432700937500005 0.5657597062499999 0.4059829515625 0.5740343828125
0 0.45183614531250005 0.70841236875 0.45029080156249995 0.704166571875 0.4503507765625 0.700854884375 0.4551650890625 0.698090353125 0.457541846875 0.6969722171875 0.4593689875 0.6922581359375 0.4593681671875 0.689474709375 0.455587371875 0.6832588234375 0.45292471562500003 0.6794196953125 0.44938874375 0.6766576265625 0.4430085484375 0.6744246375 0.43758382031250004 0.6741214828125 0.42884822656250005 0.67654178125 0.42504935625 0.67792445625 0.4143436734375 0.6825802046875 0.41359195 0.6826007453125 0.40893784375 0.677461915625 0.40495494687500005 0.674862515625 0.40255764843749997 0.675228928125 0.396320403125 0.6754745703125 0.394044696875 0.6747844640625 0.3910780625 0.6735866374999999 0.3874410390625 0.6726328109375 0.384881075 0.672552296875 0.38240244218749997 0.6726952453124999 0.380493146875 0.6744024359375 0.380677175 0.6783845140625 0.3828115734375 0.6821628453125 0.3842755828125 0.686185178125 0.3795015265625 0.6876697265625 0.374605059375 0.6874273671875 0.3700750046875 0.6895823046875 0.36765798906249997 0.6919804218750001 0.3659738 0.699173134375 0.3729068953125 0.71613578125 0.3762399453125 0.7197309078125 0.3822142890625 0.7236300078125 0.3883299453125 0.724440884375 0.39468878125 0.7231387218750001 0.40555713125 0.7189299 0.4087447671875 0.7116961093749999 0.40998203125000005 0.7046660640625 0.4161584796875 0.70494868125 0.41758141249999997 0.70746756875 0.41784595312499995 0.70888968125 0.4189854484375 0.714801590625 0.42924584687499995 0.715875365625 0.434182571875 0.71483774375 0.441740875 0.716135803125 0.44669813906250005 0.715849903125 0.45183614531250005 0.70841236875
0 0.4125830953125 0.6374160437499999 0.4113039328125 0.640159215625 0.4067122625 0.640058984375 0.4039699109375 0.6415632515625 0.40315821406249996 0.6448954765625 0.4066342109375 0.6509692328125001 0.41327894687500005 0.654624334375 0.41419415624999995 0.6578341484375 0.40891237968749994 0.660009625 0.4077753484375 0.6624479984375 0.408690559375 0.665657815625 0.40991056718749996 0.669009759375 0.41669743124999997 0.6723600625 0.426754084375 0.6714834656249999 0.4301060296875 0.6702634578125 0.4361806078125 0.6695708890625001 0.44008135 0.6691634 0.44436822343750004 0.6691215015624999 0.4497107953125 0.666417765625 0.44985128281250003 0.6605461140625 0.44730939531249997 0.6528670390625 0.4451142015625 0.6496169671875001 0.4425328765625 0.646001303125 0.4390971375 0.6386475640625 0.43600645 0.6301559703125 0.434826696875 0.62552404375 0.42836352812499995 0.6175007359375 0.422430259375 0.6151050796875001 0.415360778125 0.6179312265625 0.4095721 0.623581059375 0.41154547187499996 0.6324793203125 0.4125830953125 0.6374160437499999
0 0.8868243671875 0.528866840625 0.8923896234375001 0.540625 0.9278186234374999 0.540625 0.9346990671875 0.5367001250000001 0.934765 0.5265728281250001 0.9341093468749999 0.5144629875 0.9206836265625 0.5064397796875 0.8983351390625 0.5151352578124999 0.8868243671875 0.528866840625
0 0.7054767046875 0.3316249046875 0.6875896015625 0.33196103906249996 0.6648178671875 0.3436170390625 0.6610156171875 0.3579107171875 0.6554059203125 0.3734235453125 0.6604015328124999 0.37890211875 0.68340219375 0.388491984375 0.69821559375 0.39208105937500004 0.7095979812500001 0.392428565625 0.7220697078125 0.383398871875 0.7275024875 0.3612149015625 0.723540725 0.3379599109375 0.7054767046875 0.3316249046875
0 0.8026833984374999 0.219347225 0.8052193921875 0.20775960468750002 0.7904094703125 0.197995025 0.7590931656250001 0.19648345625000002 0.7394575875 0.20026245625 0.7270448328125 0.2115158609375 0.745761025 0.2361362140625 0.759852840625 0.2377427453125 0.779668815625 0.23445938125 0.7885846203125 0.2300917046875 0.8026833984374999 0.219347225
0 0.66626471875 0.23419930937500003 0.678434625 0.22640205937500002 0.6788023796875 0.21504231875 0.6614599453125 0.2106898546875 0.64248698125 0.21422768125 0.633872996875 0.217362915625 0.627184403125 0.2237264265625 0.6325373265625001 0.23637177656250002 0.6352467546875 0.2376308015625 0.642108784375 0.2441139390625 0.6416265671875 0.2448507453125 0.66626471875 0.23419930937500003
0 0.8660617046875 0.2296887984375 0.8755786406249999 0.23450607968749998 0.8867355015625 0.23458589375 0.8963549328125 0.234707715625 0.9027533249999999 0.232378890625 0.9075504421874999 0.224939584375 0.9057399765625 0.214988303125 0.8995045703125 0.2063887828125 0.8936446984374999 0.2030870875 0.8905479984375001 0.1995560421875 0.8912318625 0.19361383593749998 0.8927877765625001 0.185801515625 0.8909159796875 0.1792367765625 0.8866557078125 0.175352878125 0.8767245890625001 0.175085715625 0.8700128312500001 0.17157651093749998 0.8622820015625001 0.16455642343750002 0.8549065453125 0.16491179218750002 0.847200915625 0.1728921390625 0.845727334375 0.17808663125 0.8475588046875 0.188806628125 0.8485173828124999 0.1985503984375 0.8557071734375 0.2026619734375 0.8626886109375 0.2047790890625 0.8687979984374999 0.20876632499999997 0.8651854578125 0.21732719843749998 0.8649796249999999 0.22387177343750003 0.8660617046875 0.2296887984375
0 0.31536433750000004 0.07786723437500001 0.327524021875 0.0780915203125 0.3423372609375 0.07523633125 0.3496823203125 0.07467660781249999 0.35969367343749997 0.07314643125 0.371161303125 0.069395290625 0.38448004375 0.06243400624999999 0.3892564390625 0.0568909515625 0.3890568625 0.045972565625 0.3863395953125 0.0385069375 0.3778948890625 0.033971384375000004 0.3633406328125 0.0354641171875 0.35373686875 0.0381141375 0.3405285 0.0412306625 0.3342576078125 0.0426676140625 0.3205312765625 0.04850905625 0.30760737968749996 0.0544811640625 0.30820180625 0.06441037187500001 0.30919107968750004 0.07335040781249999 0.31536433750000004 0.07786723437500001
0 0.35744770937500003 0.07734575 0.339029871875 0.080667440625 0.3075395359375 0.0874789359375 0.304393503125 0.097501365625 0.30686452656249996 0.108438478125 0.316914109375 0.11323536249999999 0.3236053359375 0.11502727343750001 0.327384028125 0.121261115625 0.33236000312499997 0.126636446875 0.32926493749999997 0.1450949640625 0.33466124375 0.1536991625 0.3473516359375 0.1533075546875 0.366830896875 0.1487540734375 0.38667951718750004 0.1389933765625 0.3957143453125 0.13063218906250001 0.39805794375 0.1204790875 0.3999812078125 0.10709712499999999 0.39897919531250003 0.0960480703125 0.3967798984375 0.085857521875 0.3865944453125 0.08068735625 0.3716071203125 0.0768421953125 0.35744770937500003 0.07734575
0 0.344150496875 0.19843678125 0.3568536390625 0.2001541890625 0.379542646875 0.19612338437500001 0.3897747609375 0.1869036859375 0.38810617187499996 0.176097246875 0.379635975 0.1673436546875 0.36304376718750003 0.1632371625 0.3469356140625 0.1729046390625 0.334308928125 0.18384135 0.3315195109375 0.18654754375 0.331545 0.19076558593749998 0.344150496875 0.19843678125
0 0.319881275 0 0.319134103125 0.000215653125 0.3088183953125 0.0077626265625 0.302629790625 0.0150715765625 0.3043575078125 0.023291584375 0.3077431796875 0.0325936421875 0.31667588750000003 0.0386126203125 0.32543760312500003 0.038373232812500005 0.334909284375 0.0366113171875 0.3454972125 0.0344431203125 0.35236431874999996 0.033629192187500004 0.364203921875 0.0314267984375 0.3709014015625 0.028989115625 0.374317171875 0.025639007812499996 0.37218317343749996 0.016302753125 0.367173746875 0.007170321875000001 0.36172520625 0.00030458281249999997 0.3614600859375 0 0.319881275 0