0 0.7529133875 0.19067834374999998 0.7802740703125 0.17957819218749999 0.7732167859375 0.15990192812499998 0.7409446546875 0.16093583125 0.710740634375 0.1552052625 0.6875072578125 0.1741854109375 0.7043963468750001 0.192585225 0.7529133875 0.19067834374999998
0 0.7213855031249999 0.1156363953125 0.7030169625 0.1115777796875 0.6916501828125 0.1154993625 0.684388503125 0.12262251718749999 0.676256040625 0.132593871875 0.6853481203125 0.138488025 0.7040543078125 0.14381777499999998 0.7211811078125 0.1424358140625 0.73073969375 0.13017535 0.7432926937500001 0.119998278125 0.7213855031249999 0.1156363953125
0 0.638505559375 0.8744699390624999 0.6316490171875 0.880647175 0.6297984265625 0.8867001875 0.6285794234375001 0.902874484375 0.6319245203125 0.9163074218749999 0.641915625 0.920189359375 0.65331546875 0.9154011499999999 0.6658290499999999 0.8927517578125 0.665912225 0.876230203125 0.6618731578125 0.865067146875 0.6518612578125 0.8653155984374999 0.638505559375 0.8744699390624999
0 0.643109946875 0.841128975 0.6401859125 0.8344435609374999 0.6303208640625 0.8281181171875 0.6228964109375 0.8341217265624999 0.6169027828125 0.849663625 0.6185649343749999 0.8584452875 0.6286820984375 0.8598837156249999 0.6376634390625 0.8609748906249999 0.644162596875 0.8579977859374999 0.645592128125 0.8451972484375 0.643109946875 0.841128975
0 0.6584422984375 0.8234781140624999 0.6629856000000001 0.8248671406250001 0.667318371875 0.82288240625 0.6703671703125 0.8047854859375001 0.660039475 0.7999732921875 0.654802203125 0.8008541453125 0.6540458484375 0.8155151921874999 0.6584422984375 0.8234781140624999
0 0.737738015625 0.7621020046875 0.7299742124999999 0.7614273296875 0.7237542328125001 0.7557030390625 0.7177831015625 0.7585496109375 0.7095876421875 0.762415090625 0.701673059375 0.7684901390625 0.6961669390624999 0.78337156875 0.7000658515625 0.7977304937499999 0.7049901968750001 0.8056071015624999 0.7179151921875 0.80191336875 0.7266610640625 0.7931192984375001 0.732718259375 0.7847774328125 0.74068621875 0.7681002296874999 0.737738015625 0.7621020046875
0 0.68816363125 0.7490692890624999 0.68547561875 0.7609896515625 0.6887260484375 0.76495658125 0.6962630140625 0.7642876890625 0.7053978437499999 0.759435184375 0.7100726734375 0.7472727765625 0.7025030171875 0.7428348078125 0.6924174796875 0.7393266078125 0.68816363125 0.7490692890624999
0 0.707921740625 0.710512359375 0.70677755 0.71738310625 0.7083867515625 0.72254721875 0.7135699578125 0.7254061015625 0.7203403515625 0.7262018015625 0.7211389515625 0.7183759171874999 0.7187091359375 0.713810396875 0.7171432984375 0.7116327171875 0.707921740625 0.710512359375
0 0.73574654375 0.6820669671874999 0.7239010218749999 0.6801443828125 0.7176817062499999 0.6858882484375 0.7177470859375 0.6961019734375 0.7227901890624999 0.7035901484375 0.72984145625 0.7065954171875 0.7429499234375 0.7012588203125001 0.743672465625 0.6853396421875 0.7392451578125 0.6831366015625 0.73574654375 0.6820669671874999
0 0.7659477859375 0.6687892468750001 0.7624925359375 0.6707060453125 0.748704228125 0.6834800953125 0.750410834375 0.6924966359375 0.753812709375 0.70118199375 0.7591580375 0.7066388765625 0.7708954765625 0.706829459375 0.7777839609375 0.6957685734375 0.7768332515624999 0.6874078703125 0.7706666453125 0.6710814265625 0.7659477859375 0.6687892468750001
0 0.8224480359375 0.5705341109375001 0.8158611125 0.5680955484375 0.8136474578125 0.566994028125 0.8105811656249999 0.5728523921875001 0.8070832140625 0.5832509124999999 0.806748965625 0.5916435 0.8056481390625001 0.6015006781250001 0.8216187421875001 0.6076576 0.828161634375 0.595641578125 0.8291870687499999 0.589159259375 0.8295860359375 0.5795122421875 0.827447771875 0.57503585625 0.8224480359375 0.5705341109375001
0 0.794689278125 0.620661384375 0.7920332921875 0.626220453125 0.7925843687499999 0.63276001875 0.7996463140625 0.6336448546875 0.80427844375 0.6299641703125001 0.805832940625 0.6227941265625 0.806253921875 0.6203744 0.798965140625 0.6181459968749999 0.7964492609375 0.6190757687499999 0.794689278125 0.620661384375
0 0.7897102265625 0.6004506203125 0.786189596875 0.5921536953125 0.7794732453125001 0.59222399375 0.77546758125 0.5990693796875 0.7728983265625 0.610601309375 0.7710522765625 0.61768221875 0.7733419875 0.62687703125 0.779529278125 0.627494459375 0.7828010578125 0.627220525 0.7861262109375 0.6163444359375 0.7897102265625 0.6004506203125
0 0.9060151953125001 0.40877327656249995 0.911673425 0.4100784328125 0.9184544921875 0.4087537015625 0.9223200500000001 0.40653760937500005 0.9250514265625001 0.39760367812499997 0.9237658 0.3861674109375 0.9209690437500001 0.38488761718750003 0.9158292031249999 0.385015165625 0.9111643828125 0.3835889875 0.9041024390624999 0.3827041515625 0.9000534109375 0.38656310625 0.8989092203125001 0.3934338546875 0.8982614015625 0.3945100140625 0.8986396859375001 0.4005720109375 0.89963309375 0.4004509875 0.901760684375 0.40704780312500005 0.9060151953125001 0.40877327656249995
0 0.8815138640625 0.4408082453125 0.88496686875 0.44186393593749995 0.8867410296875 0.44429423124999995 0.8908410203124999 0.44837954687500003 0.8939659578124999 0.45153746406249995 0.8999207437500001 0.453672671875 0.9048528203125 0.45297803124999997 0.906284234375 0.4493252484375 0.9077797953125 0.444433490625 0.908124353125 0.43918983437500003 0.9072061093749999 0.4329308078125 0.9025947625 0.4274305671875 0.9021640453125 0.42163523906249994 0.90253243125 0.417342809375 0.9026845515625 0.415816084375 0.899759390625 0.41303389062500007 0.8929578421875 0.4074933328125 0.8895048359375 0.40643764375 0.885571640625 0.4090109078125 0.881645784375 0.41567682499999997 0.8778958749999999 0.4217672421875 0.8754087703125 0.4288730296875 0.8710595328125 0.4338362734375 0.867340790625 0.44497056874999996 0.8698902265624999 0.44795253749999997 0.8748699609375 0.449160346875 0.8771884546875001 0.44672271406249997 0.8791953687499999 0.4432458796875 0.8815138640625 0.4408082453125
0 0.885447140625 0.48763457031249996 0.8855919218749999 0.48201518906249996 0.8848331359375001 0.47832208906250007 0.8790707875000001 0.47246995312499995 0.8739554249999999 0.4696474421875 0.8687759156249999 0.46806390625 0.8649948406249999 0.46911044375 0.8615729999999999 0.4730986328125 0.8599894656249999 0.4782781421875 0.8591976984375 0.480867896875 0.8577901109375 0.4854719046875 0.8593241765625 0.489716678125 0.8605943187499999 0.49482470312500004 0.8599785000000001 0.4968389578125 0.8568682375 0.501866346875 0.856651971875 0.5046320484375 0.8569947156250001 0.510715128125 0.8595203250000001 0.5127458703125 0.8623978296875 0.5136256109375 0.865651059375 0.5143055765625 0.868233475 0.511004690625 0.869201190625 0.5078394359375 0.8767230234375001 0.5079365640625 0.8795290437500001 0.5059626265625 0.8817760531250001 0.5006713171875 0.88415135625 0.4929020515625 0.885447140625 0.48763457031249996
0 0.8269202531250001 0.5298386625 0.8228037718750001 0.5288947734375 0.8172723656249999 0.5284622421875 0.8139385000000001 0.5321626796875 0.8131540718749999 0.5388450875 0.8164384671875 0.5445689312499999 0.8187001531250001 0.5474629281250001 0.8210259843750001 0.549117946875 0.827308840625 0.5491509265625 0.8321602796875001 0.5528366890624999 0.8387382234375 0.5570502953124999 0.8448286406250001 0.5608002046875 0.8473945671875001 0.560640746875 0.8492255328124999 0.5577394140624999 0.8505689734375 0.5543743828125 0.852392603125 0.5473803953124999 0.8523852656249999 0.5432877421875 0.850915346875 0.5378039921875 0.8486939796874999 0.5327197953125 0.842427615625 0.5295453875 0.8406772828125 0.5280663171875 0.8380637015625 0.526323325 0.83365946875 0.5252914625 0.829238746875 0.527401028125 0.8269202531250001 0.5298386625
0 0.6190675234375 1 0.6193668765625 0.998765784375 0.6202869375 0.993698078125 0.620503203125 0.9909323750000001 0.6187858515625 0.98317045 0.614861809375 0.978509634375 0.6124241734375 0.9761911390625 0.5995798671875 0.968803125 0.5934967875 0.9691458687500001 0.590625 0.971107821875 0.590625 1 0.6190675234375 1
0 0.5935590390625001 0.9298340375 0.5990024703125 0.930554321875 0.603223415625 0.9280690312500001 0.606493134375 0.9256075687499999 0.6086448328125 0.9165113546875 0.6083497453125 0.9123307281249999 0.6082544328124999 0.9085258250000001 0.605945090625 0.9037293796875 0.6016526609375 0.903360990625 0.5987989828125 0.903432475 0.5938430796875 0.9031758921874999 0.590625 0.9054655171875 0.590625 0.9289370124999999 0.5935590390625001 0.9298340375
0 0.5844166546875 0.3574142453125 0.5611133859375 0.347841596875 0.5213986484375 0.3461915484375 0.5068277453125 0.3452341015625 0.49420134375 0.352215521875 0.4953808921875 0.365516240625 0.5137888234375 0.3739419671875 0.5335657312500001 0.37788998125 0.5463418765625 0.378998184375 0.557421059375 0.379937303125 0.5772784296875 0.38076232656250003 0.590625 0.3760079703125 0.590625 0.36261519375 0.5844166546875 0.3574142453125
0 0.4701688671875 0.40222415 0.46423255 0.4102017390625 0.4690015984375 0.42320094687500004 0.49070568437500006 0.432284678125 0.5080838156249999 0.4354993109375 0.5238281203125 0.43261872031250004 0.5255709125 0.4240585046875 0.52081918125 0.4138624484375 0.50438425 0.40184314062500004 0.479872934375 0.3905022234375 0.4701688671875 0.40222415
0 0.45050092499999994 0.38362069375 0.4459967234375 0.381194425 0.4326165515625 0.37920208906249997 0.42095066562500005 0.3801819890625 0.40214041875 0.38737121406249997 0.40849133281250005 0.39805619062500003 0.4262952390625 0.405597784375 0.43918649218750005 0.40918930312499996 0.4437365125 0.402886275 0.45037463593749993 0.39547298125 0.45623049218749995 0.3906183828125 0.45050092499999994 0.38362069375
0 0.5377866609375 0.3183270359375 0.547640471875 0.314694734375 0.5639368421875 0.3042888140625 0.559176453125 0.3 0.47863031874999995 0.3 0.47643097812499996 0.3016671140625 0.48699273906249996 0.31573786875 0.5074887734375 0.3230533296875 0.530251159375 0.3258157046875 0.5377866609375 0.3183270359375
0 0.38364332968750003 0.3629114296875 0.3840362578125 0.3592434828125 0.38067636718750003 0.35355401249999996 0.373932840625 0.3517837015625 0.3650421875 0.35227084999999997 0.3595640328125 0.353509915625 0.36658083750000003 0.3591518546875 0.3733243609375 0.3609221671875 0.38364332968750003 0.3629114296875
0 0.3264944171875 0.35859029531250003 0.3300637734375 0.3626565859375 0.3316152671875 0.36330592500000003 0.3355184640625 0.36484925625 0.3392662046875 0.3654700515625 0.34180496250000003 0.364321209375 0.341085275 0.3609511484375 0.335270740625 0.3570734484375 0.3306249328125 0.3565280890625 0.3267621390625 0.358342290625 0.3264944171875 0.35859029531250003
0 0.2551325640625 0.3188645109375 0.2687200125 0.321402721875 0.27504257656250003 0.31687216875 0.275048315625 0.309512653125 0.26374653124999997 0.30390283125 0.23844106874999998 0.30298881718750004 0.2384677453125 0.3073060109375 0.24393117812499998 0.3129262984375 0.2551325640625 0.3188645109375
0 0.5459932765625 0.4595122265625 0.5568941796875 0.465177184375 0.5618170640625 0.46337828593749997 0.5639459515625 0.4580042546875 0.553470146875 0.4493596359375 0.54492853125 0.44869171874999997 0.540079234375 0.4534283875 0.5459932765625 0.4595122265625
0 0.540530403125 0.472612775 0.5427328765625 0.47017651406249994 0.54003793125 0.4646881515625 0.5355848515625 0.4617718953125 0.528302684375 0.45857375468750006 0.5184376578125 0.45905604218749996 0.5153561171875001 0.46277835468750006 0.5219862046875 0.46810935468750003 0.5313174578125001 0.47096220468750005 0.539469065625 0.4713165328125 0.540530403125 0.472612775