0 0.314913628125 0.3059878015625 0.32064783750000003 0.32611880625 0.32910429375 0.33928495000000003 0.3460312546875 0.34959123124999997 0.3676012328125 0.34895898125 0.38118160156249997 0.34939187656250004 0.3893455484375 0.3317024875 0.38392632031249996 0.316785409375 0.3769125375 0.2982351109375 0.3641448921875 0.281990215625 0.3481684828125 0.28091530625 0.32579420937500003 0.2877439515625 0.3157207359375 0.296586203125 0.314913628125 0.3059878015625
0 0.3929341 0.43012502656249996 0.3839911296875 0.425164 0.3724946328125 0.4169539984375 0.34661346875 0.41450749531250003 0.33893884218750003 0.420786565625 0.3440430875 0.4304897203125 0.3418017328125 0.4356598671875 0.34355658125 0.4386948421875 0.3524911234375 0.45327146718750005 0.3738867640625 0.4692634640625 0.38666845156249996 0.4694823515625 0.3946608671875 0.4652120078125 0.3929341 0.43012502656249996
0 0.34116593906250003 0.249544209375 0.3328501203125 0.25821623437499996 0.34226555625 0.270998140625 0.36447110625 0.2743833375 0.3718279453125 0.2660955484375 0.372156965625 0.2552834671875 0.357943834375 0.247627921875 0.34116593906250003 0.249544209375
0 0.33594284218750003 0.21898378749999997 0.34035685937500004 0.2252339453125 0.3614356734375 0.23493593437500002 0.3671209875 0.2313918875 0.366876490625 0.2222050125 0.3680233234375 0.21035048750000002 0.3656362703125 0.1965355796875 0.35718385 0.187683109375 0.36110888124999996 0.17555951875 0.353038734375 0.1627555421875 0.3356160515625 0.1596073765625 0.3236208765625 0.1589269890625 0.3219761796875 0.162540234375 0.316922078125 0.1662534125 0.316542021875 0.16767180625 0.3153996296875 0.1744600953125 0.3229630296875 0.18915526093749999 0.33608284374999997 0.2033122921875 0.3372185734375 0.20412335312500002 0.33594284218750003 0.21898378749999997
0 0.2583786203125 0 0.26087103906250003 0.0068130234375 0.2713415515625 0.01823320625 0.2842146546875 0.025736485937499998 0.298730225 0.032159628125 0.31564395156249997 0.0397321015625 0.3153927984375 0.03814458125 0.321580415625 0.0377755765625 0.33534919375 0.03183680625 0.3430636984375 0.0181948921875 0.3333555140625 0.0014048046875 0.3330484546875 0 0.2583786203125 0
0 0.345086396875 0.15961123593749998 0.34976710781250003 0.1497170984375 0.3499004484375 0.141644946875 0.346502134375 0.1290793 0.34398618124999997 0.11827030624999998 0.3463998625 0.101687809375 0.351207259375 0.091320875 0.3528563921875 0.082641396875 0.3421391640625 0.06456745781249999 0.3244697703125 0.0547655328125 0.3091807640625 0.06637786875 0.30728048124999996 0.073469821875 0.3073960703125 0.0856626125 0.31053657343749996 0.1042400875 0.3086340734375 0.113865159375 0.303197690625 0.12152984687499999 0.3047046 0.1310549859375 0.318577865625 0.149974584375 0.328799446875 0.15727413125 0.338267571875 0.15981110781250002 0.345086396875 0.15961123593749998
0 0.21559715625 0.5137062734375 0.2043713640625 0.518889415625 0.1926558578125 0.5419617265625 0.19314932812500002 0.5584761203124999 0.19757551874999998 0.569491415625 0.20757265 0.5688937046875 0.22060073125000002 0.5592788343749999 0.2272375125 0.5528660703125 0.2288757296875 0.5467521609375 0.22952951562499999 0.5305451734375 0.2257176546875 0.5172371625000001 0.21559715625 0.5137062734375
0 0.2303980953125 0.6053167765625 0.237608503125 0.599057715625 0.243056075 0.5833161109375 0.2410884609375 0.57459780625 0.23092725781249998 0.5735133375 0.22191330781250002 0.572736271875 0.21552200937500002 0.5759383796875001 0.21454007968750002 0.588781009375 0.2171627296875 0.592760178125 0.2203183015625 0.599339471875 0.2303980953125 0.6053167765625
0 0.202455725 0.6109353765625001 0.197866715625 0.60970575625 0.1936058484375 0.61184049375 0.19119048125 0.6300327921875 0.201679828125 0.634481621875 0.20688316874999998 0.6334185265625 0.2071273984375 0.618740015625 0.202455725 0.6109353765625001
0 0.12957564531250002 0.652204678125 0.122194565625 0.6691497984375 0.125350309375 0.675041478125 0.1331329265625 0.6754447906250001 0.13954889374999999 0.6809485203125 0.1454170421875 0.67789529375 0.15347260625 0.67374615 0.161170353125 0.6673985874999999 0.1661537625 0.6523340625 0.1617561078125 0.6381199546875 0.15655987031250002 0.6304200015625 0.143771659375 0.6345625609375001 0.135338025 0.6436565 0.12957564531250002 0.652204678125
0 0.15776384999999998 0.67657801875 0.1535163296875 0.6888961671875 0.1612362578125 0.69306725625 0.1714380859375 0.6962213375 0.1753493296875 0.6863361343750001 0.17761968749999998 0.6743292234375 0.1742327953125 0.6704781484375 0.1667237640625 0.67140966875 0.15776384999999998 0.67657801875
0 0.143990271875 0.71031264375 0.1434652796875 0.7181616296875 0.1460529484375 0.7226395703125 0.14769383281249998 0.7247612765625 0.1569488734375 0.725559125 0.15785258124999998 0.71865263125 0.156064134375 0.713547825 0.1507843125 0.710871575 0.143990271875 0.71031264375
0 0.1265999375 0.754011378125 0.13013375 0.754958259375 0.1420391515625 0.7564662703125 0.14805422031249998 0.750508853125 0.147632428125 0.74030363125 0.1423310640625 0.7329960203125 0.13517920781249998 0.73023866875 0.122264971875 0.73602949375 0.122098440625 0.7519641890625001 0.1265999375 0.754011378125
0 0.11713464062500001 0.753998209375 0.1151144015625 0.745046721875 0.111411484375 0.736485378125 0.10587896875 0.73121836875 0.09414202968749999 0.7314375328125 0.08764376093750001 0.7427320859375001 0.088885675 0.751054515625 0.095618309375 0.767155803125 0.100414290625 0.7692819 0.10380054062499999 0.7672456828125 0.11713464062500001 0.753998209375
0 0.0407911578125 0.8445562421874999 0.039992578125 0.8510703984375001 0.0399305296875 0.8607254624999999 0.0422237140625 0.8651244968749999 0.0473775140625 0.8694490125 0.0540455296875 0.8716562078125 0.056296278125 0.8726798015625 0.0591562484375 0.8667179953125 0.062289165625 0.8562037328125 0.0623303140625 0.8478045921874999 0.063086459375 0.837915 0.0469107109375 0.8323191953125001 0.0407911578125 0.8445562421874999
0 0.071666371875 0.8200295796875 0.07336994531249999 0.8183835078125 0.0758303046875 0.812735134375 0.07505133593749999 0.8062187843749999 0.0679628125 0.8055809453125 0.063461959375 0.8094210453124999 0.062158640625 0.816640971875 0.061822362500000005 0.8190739171875 0.0691844734375 0.8210465890625 0.071666371875 0.8200295796875
0 0.089569159375 0.8462725421874999 0.09333348281250001 0.83929153125 0.0954987140625 0.8276769609375 0.09709651875 0.8205359390625 0.0944873078125 0.8114266375 0.0882822390625 0.81102551875 0.0850220125 0.8114134703125 0.0820784546875 0.8223989812499999 0.0790513078125 0.83840819375 0.0828593515625 0.8465771953125 0.089569159375 0.8462725421874999
0 0 0.972226575 0.004654015625 0.9734736140625 0.0083962625 0.97229575625 0.0116768328125 0.9681905765625001 0.013078640624999999 0.9629589578125 0.013779543750000001 0.9603431499999999 0.0150255953125 0.955692821875 0.013344325 0.951504171875 0.0118966890625 0.9464435859375 0.0124418375 0.9444090671875 0.0153747515625 0.9392761937499999 0.015494364062499998 0.936504628125 0.014939531249999999 0.9304372171875 0.0123445890625 0.9284958546875 0.009438134375 0.927717071875 0.00616315625 0.9271510562499999 0.0036975124999999998 0.9305400562499999 0.0028408515625 0.93373715625 0 0.9337996499999999 0 0.972226575
0 0.0306414765625 0.9125271265625001 0.0333142953125 0.9141778453124999 0.03775185625 0.9150553734375 0.042096262499999995 0.9127928125 0.044328271875000005 0.9102757484374999 0.0484751859375 0.9110753984375 0.05401831875 0.9113146234375 0.057221009375 0.9075000890625 0.057771746874999995 0.9007943765625 0.0542895921875 0.8951886437500001 0.0519282859375 0.8923753421875 0.0495461125 0.8908025015625001 0.043265932812500005 0.8909888109375 0.038288818749999995 0.88747460625 0.031567828125 0.8834931328125 0.0253502515625 0.8799580593749999 0.022791453125 0.8802069703125 0.0210628578125 0.8831704359374999 0.0198376734375 0.8865803031249999 0.018259240625 0.8936336734375001 0.0184094046875 0.8977235765625 0.020069809375 0.9031526875000001 0.022467259375 0.9081562625 0.028840592187500003 0.9111100437499999 0.0306414765625 0.9125271265625001
0 0.2681530515625 0.5260320609375 0.271142975 0.521849003125 0.2742525125 0.5148943796875 0.27501601875000004 0.5085571890625 0.2720164109375 0.50463831875 0.26823801875000003 0.5036259015625 0.2635876921875 0.50237985 0.2581224375 0.501849978125 0.2539908 0.5044810640625 0.2508089765625 0.5070551375 0.24897604218749997 0.5162209046874999 0.2494168515625 0.5203886859375 0.24964489531249998 0.52418794375 0.252120225 0.5289008734375 0.2564228953125 0.5291192328125 0.25927234062500004 0.5289482015625 0.26423417968749996 0.5290316703125 0.2681530515625 0.5260320609375
0 0.930227690625 0.3965056640625 0.9302447218750001 0.3798667078125 0.93661054375 0.3699219609375 0.9411761593750001 0.36393312187500004 0.943669846875 0.357389109375 0.9373210562500001 0.35069490000000003 0.9252999265625 0.3513573359375 0.91728394375 0.35364773125000004 0.91037185 0.35734348437499996 0.9056675437499999 0.36384994375 0.90220298125 0.3740172984375 0.8997092921875 0.38056130781249997 0.8988629234375001 0.397532828125 0.9108727015625 0.40796303125 0.9199925734375001 0.40707799062500005 0.9234514546874999 0.402456953125 0.930227690625 0.3965056640625
0 0.9815590046875 0.32648746093750003 0.9854424921874999 0.3119940859375 0.9754989625 0.307665371875 0.9603076937499999 0.300820965625 0.956721465625 0.29486698125 0.9554873953125 0.2856597703125 0.9588132625 0.2760100359375 0.95426751875 0.26258675781249996 0.9408622640625 0.2656522390625 0.9350512234374999 0.2735265046875 0.9300695250000001 0.2810682078125 0.924527359375 0.296226709375 0.922308221875 0.3045086390625 0.92008625 0.315563728125 0.919667325 0.3198897484375 0.9161942453125 0.3383765796875 0.9282125421874999 0.3404873046875 0.9470099078124999 0.3338735796875 0.9608255734375 0.3348015546875 0.9696708921875 0.332178596875 0.9815590046875 0.32648746093750003
0 0.9686606796874999 0.2392589765625 0.9653518421875 0.23226975468750002 0.954160046875 0.23259962500000003 0.947802740625 0.23422489375 0.9442051609375 0.23936354999999998 0.9428125234375001 0.2500860734375 0.9443268249999999 0.2554848875 0.9610437515625 0.2566354671875 0.9708627812499999 0.2476160046875 0.9686606796874999 0.2392589765625
0 0.82897181875 0.794860290625 0.8172409375 0.7890524890624999 0.8088682765625 0.79302625625 0.8036224390625 0.8200421953125 0.8116711421874999 0.83463326875 0.8303592203125 0.8343116828125 0.8356419828125 0.8170755484375001 0.82897181875 0.794860290625
0 0.8328858890624999 0.7133089171875 0.82585484375 0.699878696875 0.8161129984375 0.6990447234375 0.7921052343749999 0.706822640625 0.7785792953125 0.73250810625 0.7893294453124999 0.74693485625 0.7996911421874999 0.7479349171874999 0.81324465 0.7444611796875 0.82170986875 0.7351831718749999 0.8328858890624999 0.7133089171875