0 0.7411830265625 0.087613315625 0.732204065625 0.0763791296875 0.731031684375 0.074816596875 0.7251976640625 0.06923963125 0.7137993796875 0.0643079921875 0.691616890625 0.0574616796875 0.6807581265625 0.06497461875 0.685028778125 0.08385768437499999 0.6965664874999999 0.0999678265625 0.71358480625 0.1087255421875 0.725141303125 0.11093667031250001 0.7290773234375 0.10299133281249999 0.7411830265625 0.087613315625
0 0.7280364453125 0.0041357109375 0.7107574703124999 0.0052904203125 0.7041881421875 0.0177874140625 0.7188707953125 0.0395547765625 0.7317857765625 0.0428436265625 0.748078475 0.039641575 0.75390339375 0.029083826562499998 0.7549084609375 0.017232157812500003 0.7367177625 0.0069119078125 0.7280364453125 0.0041357109375
0 0.70178311875 0.20369192812499998 0.705616425 0.1937058203125 0.7071432468750001 0.17977898125 0.7115950843750001 0.1761410140625 0.7158857875 0.16098361562500002 0.7175135296875 0.1448040015625 0.7088996109375 0.1254568203125 0.700601459375 0.11921610468749999 0.6932783125 0.11640501249999999 0.68293573125 0.1154902203125 0.6769977765624999 0.117030046875 0.6637968937500001 0.1295309859375 0.6627746796875 0.132193946875 0.6613959890625 0.137775425 0.6575756859374999 0.16762632500000002 0.6592164328125001 0.1713115015625 0.6535470390625 0.192050378125 0.6502248390625 0.2007050046875 0.645880425 0.2120225921875 0.6436813609375001 0.2157614828125 0.639639709375 0.22032074375000002 0.635550846875 0.23097259375 0.6358601125 0.23414666093749997 0.637198096875 0.24459016562499997 0.63622959375 0.2510929375 0.6329073937499999 0.259747565625 0.6248712984375 0.262773503125 0.62442040625 0.277877190625 0.626269496875 0.2869892125 0.6236130359375001 0.29589939374999996 0.6181389828125 0.30220032343750003 0.6149177046875 0.308602175 0.6103177359374999 0.3205855046875 0.6059196078125 0.32806328281249997 0.5945076015625 0.33590403750000003 0.59031781875 0.34880866093749996 0.5966317546875 0.37414750625000004 0.5958650921875 0.376144728125 0.5900345640625 0.3853641734375 0.5853808828125 0.39350769375 0.5838975343749999 0.4 0.6414595828125 0.4 0.6434891421875 0.39137053437499997 0.6424067140624999 0.38026129062499997 0.643173375 0.37826406874999996 0.64884276875 0.3575251921875 0.65513069375 0.34313445468750003 0.6599862171875001 0.3304853859375 0.6635639703125 0.32116501875000003 0.667908384375 0.30984743125 0.6725083546875 0.2978641015625 0.67756571875 0.28070948125 0.6812313875 0.24927154843750002 0.6844998765625 0.2367771125 0.6888442921875 0.225459521875 0.70178311875 0.20369192812499998
0 0.48205121249999994 0.736127446875 0.5371960984374999 0.7345240984375 0.5583336453125 0.71923401875 0.566063384375 0.690574125 0.5650267546875 0.6591816781250001 0.5411667328124999 0.63610676875 0.5096953296875 0.6214958625 0.4907852328125 0.6224599921875 0.4622622640625 0.6228967937500001 0.440625 0.6260335953125 0.440625 0.698754528125 0.4529077 0.71545218125 0.48205121249999994 0.736127446875
0 0.769601715625 0.9047015359374999 0.74066983125 0.883474965625 0.7080291062499999 0.880433484375 0.715726590625 0.90299705 0.720156409375 0.9141856171875 0.749518715625 0.9229265859375 0.7660004859375 0.9197652250000001 0.769601715625 0.9047015359374999
0 0.7782747203125 0.7201660421875 0.7602147140625 0.7132334546875 0.7466885453125001 0.72005953125 0.7505910890624999 0.7297806125 0.7632600015625 0.7422342468750001 0.78111555 0.7383351484375 0.7887197625 0.7412541328125 0.7891501828124999 0.7287685296874999 0.7782747203125 0.7201660421875
0 0.814455659375 0.6372757953125 0.790161634375 0.63237798125 0.7709287218750001 0.6427063125 0.77387715625 0.6577540171875 0.7895088359375 0.662489375 0.8094734828125001 0.6644602109375 0.82765184375 0.6511969125 0.814455659375 0.6372757953125
0 0.6919309828125 0.60985175625 0.715787421875 0.6386181625 0.7412400156250001 0.6490210390625 0.748639771875 0.6411083390625001 0.7397837171874999 0.6130397109375 0.7205723078124999 0.5892190687500001 0.6935343078125 0.5801052359375001 0.6879315859374999 0.5861775890625001 0.6919309828125 0.60985175625
0 0.77657445 0.5683360140625 0.7522696718749999 0.5805126859375 0.764619353125 0.5966390265625 0.79398524375 0.5996885 0.8044589562500001 0.5752446250000001 0.77657445 0.5683360140625
0 0.8519171078125 0.534003228125 0.8419814203125 0.542840096875 0.8517987515625001 0.554199115625 0.8660566515625 0.5596722093750001 0.8830692796875 0.5522868359374999 0.8781121859375001 0.5396307874999999 0.8519171078125 0.534003228125
0 0.74301186875 0.5193976953125 0.7503111859375 0.503223403125 0.72866428125 0.48858852343750003 0.71725079375 0.49559303750000006 0.7118561140625 0.5068055796875 0.72875396875 0.5139246 0.74301186875 0.5193976953125
0 0.8142260218749999 0.4986611140625 0.8443308140625 0.5026267640625 0.8556438625 0.48736066093749997 0.8329459937499999 0.46409931562500006 0.7994623484375001 0.4575715609375 0.7899570828125 0.45392283125 0.767886925 0.4403905625 0.7344068625 0.42817131093749994 0.7143346125 0.42932187343750006 0.7059843328125 0.436869703125 0.7224517671874999 0.45647432343750005 0.7415663234375 0.46634187968749996 0.7633208312499999 0.477855359375 0.7895123265625 0.48917441562499997 0.8142260218749999 0.4986611140625
0 0.64620709375 1 0.652214403125 0.9932635953125001 0.650603946875 0.9827940734375 0.6528262218750001 0.967228246875 0.6513107328125 0.9577334000000001 0.6463054046875001 0.9487753718749999 0.6375293234375 0.943530109375 0.628464346875 0.9292608421875 0.6234550249999999 0.914202840625 0.6115939734375 0.90355136875 0.598287403125 0.8942214578125001 0.5952644140625 0.8874317109375 0.590791909375 0.8758635515625001 0.576572640625 0.8652450671875 0.5632700640625 0.8620151296874999 0.54447030625 0.8669954593750001 0.5429338109375 0.873442315625 0.5377665015625 0.9052347484375 0.5385302359375 0.9191321312499999 0.53677880625 0.9334713656250001 0.5345525375 0.9429372203125 0.5203742453125 0.946876896875 0.502330234375 0.953554665625 0.4919966546875 0.9706979609375 0.48805194375000005 0.9968612640625001 0.489609065625 1 0.5847650093750001 1 0.5834132671875001 0.9879633 0.5878368093749999 0.97277335 0.5971747078125 0.9716667265625001 0.6064546187500001 0.978043615625 0.6153916421875001 0.9889799890625 0.6272915828125 1 0.64620709375 1
0 0.7003050749999999 0.7134364203125 0.6888805687499999 0.7049540578125 0.68221996875 0.7027387015625 0.67297443125 0.7019209421875 0.663707790625 0.7038263546875 0.6624273234375 0.7053832828125 0.6633920328125 0.71087473125 0.6657092312499999 0.7199580328125 0.6566499359375 0.7239914921875 0.647040625 0.7267895890625 0.6326943203125001 0.7294763734374999 0.6281915890625 0.7376487921875 0.625564446875 0.7444927296875 0.6206979421875001 0.7562810078125 0.6212086625000001 0.7674021390625 0.6222635890625 0.7708797671875 0.622588065625 0.77714968125 0.620901625 0.7877688093749999 0.61420173125 0.795439228125 0.6146913515625 0.8092835296875001 0.6209641718750001 0.8133984828124999 0.6238044734375 0.817561453125 0.6229627062499999 0.8250907312500001 0.622051825 0.8319106640625 0.6154268578125001 0.849169290625 0.61433845 0.864456296875 0.6239593875 0.8794159203125 0.6340343125000001 0.8887458640625001 0.6481790828125 0.8928098984374999 0.6601899953125 0.8882024156250001 0.6641878203125 0.8777877265624999 0.6664904859375 0.8646738734375001 0.6681289109375 0.8506222250000001 0.6707080359375001 0.8403457671875 0.6781594828124999 0.82715989375 0.687558540625 0.8177943187500001 0.6987938953125 0.8169860328125 0.707447215625 0.8220147765625001 0.714294059375 0.8290813484375 0.718718203125 0.8406804749999999 0.7208040484375 0.8459194703125 0.7300044781249999 0.8477441406249999 0.74089425625 0.8433891140625001 0.7444111796875 0.8324484140624999 0.739689475 0.820735065625 0.7320910796875 0.81918395 0.7300292421875 0.8156612140625 0.7359506734375 0.8073505640624999 0.7399725046875 0.7986521359375 0.73305654375 0.7908762125 0.7238983140624999 0.7836052015625 0.7105502015625 0.7730188 0.7065167437500001 0.7639595046875 0.6993963437499999 0.75849496875 0.6922250234375 0.7451584828125 0.6997062875 0.7425677296875001 0.7150835109375 0.7416423140624999 0.718900903125 0.7352552703125 0.707906378125 0.7194269656250001 0.7003050749999999 0.7134364203125
0 0.740899475 0.41221116718750006 0.743601659375 0.4153873984375 0.7515608406250001 0.4187991359375 0.7569621765625001 0.42051602031249996 0.7667385140625 0.425694778125 0.7771112062500001 0.4293199875 0.792119471875 0.4329421625 0.8026334671875001 0.4334131734375 0.8129028500000001 0.42523445000000004 0.8196792234375 0.41036748593750005 0.8226359109375 0.4008076546875 0.8228204421875001 0.4 0.7427544171875 0.4 0.740899475 0.41221116718750006
0 0.4696013078125 0.5186968765625 0.4606298328125 0.5322364984375 0.4533694078125 0.551150553125 0.45047005625000003 0.5660775171875 0.459424421875 0.5747041640624999 0.475049075 0.5807019062500001 0.48678214375 0.5833187609375 0.49898872031249997 0.5847020875 0.50996176875 0.5856119093750001 0.5200501390625 0.5875974234375 0.5403726625 0.5727539125 0.5438741968749999 0.5599451546875 0.5317219203125 0.5449015578124999 0.5420596140625 0.5413216281250001 0.5521067765625001 0.5286666875 0.562274584375 0.5070945734375 0.5744148124999999 0.5037348109375 0.5854089874999999 0.4886128203125 0.576766278125 0.47302937187499994 0.5754000593749999 0.4630696796875 0.581239965625 0.447856203125 0.5957145500000001 0.43595726562500003 0.6100604578125 0.420706596875 0.6160250265625 0.402710396875 0.6149050109374999 0.4 0.5539340640625 0.4 0.55319363125 0.401708040625 0.5494719296875 0.41631933749999994 0.5353461890625 0.42976747031249996 0.5220970968749999 0.42987100624999997 0.5008155125 0.42877820624999996 0.4904154890625 0.4337494984375 0.48894067343750003 0.451110340625 0.4968485046875 0.45508939843749996 0.50880575625 0.46203816875000003 0.5071982453125 0.4699128265625 0.496519740625 0.4842124671875 0.499152659375 0.49701720937499994 0.48483992656249997 0.514639425 0.4696013078125 0.5186968765625
0 0.21316845468749998 0 0.2107030375 0.00048254218750000004 0.1879934515625 0.012016525 0.1600183328125 0.025020874999999998 0.1491815859375 0.0369224734375 0.14086679375 0.047697190625000004 0.1451017296875 0.05979767968750001 0.15578238125 0.06599256875000001 0.1710276625 0.07254300625 0.18662665 0.06456442968750001 0.2052268671875 0.05284965625 0.2116365609375 0.051120165625000005 0.22625298124999998 0.0511442984375 0.2385930890625 0.0502946359375 0.257330884375 0.0491075203125 0.2774704859375 0.0442685703125 0.296957215625 0.035687389062500005 0.304900796875 0.014993653125 0.29824916562500003 0 0.21316845468749998 0
0 0 0.7051790859375 0.000817984375 0.712024203125 0.007149173437500001 0.7153006859375 0.013272292187500001 0.710881790625 0.012588064062500001 0.694541953125 0.0129612015625 0.68368500625 0.0152860109375 0.6710387359375 0.015421067187500002 0.655859559375 0.0056046796875 0.640245053125 0 0.64442125 0 0.7051790859375