0 0.45952812187500003 0.41664967500000005 0.45852091093749997 0.4109375 0.42392829218749994 0.4109375 0.42357812343749995 0.4213818234375 0.43100464374999997 0.43614039687500006 0.43967140000000005 0.44425305625 0.44847927343749994 0.439486375 0.45622330624999996 0.4252664390625 0.45952812187500003 0.41664967500000005
0 0.46725724687500003 0.45706380312499995 0.4728976953125 0.46169306718750003 0.48455920781249995 0.462850440625 0.48844886406250004 0.45413055468749997 0.48673335156249997 0.437561571875 0.481265571875 0.4304916546875 0.4715980796875 0.4338031015625 0.4631002640625 0.43690829999999997 0.4586610484375 0.44251147656249995 0.4631986484375 0.45456583124999994 0.46725724687500003 0.45706380312499995
0 0.46160934375 0.47975157656249995 0.456930628125 0.4805765609375 0.4539711515625 0.4843120109375 0.45947048125 0.501820609375 0.470857215625 0.5014196296875 0.4751237609375 0.4982571125 0.4691417015625 0.4848506453125 0.46160934375 0.47975157656249995
0 0.4188205140625 0.5704375921875 0.42604440937500004 0.567514040625 0.43418522499999995 0.569790609375 0.438213225 0.5645434593750001 0.44376054218750005 0.5573786296875001 0.4480544734375 0.5483725765624999 0.4462044328125 0.5326134 0.4362116625 0.5215895734375 0.42824813281249996 0.5168070703125001 0.4184087984375 0.5259660359375 0.41460859375 0.5377721515625 0.4129987203125 0.54795471875 0.4134705078125 0.5664315921874999 0.4188205140625 0.5704375921875
0 0.46890834375 0.5595435281250001 0.465891646875 0.547702075 0.46119454531250004 0.5456431796875 0.4547827296875 0.549660878125 0.448846528125 0.5581316171874999 0.4502028421875 0.5710907296875 0.4589622515625 0.5716084375 0.46954122031249995 0.570155528125 0.46890834375 0.5595435281250001
0 0.46880821875 0.6028679984374999 0.4667084453125 0.5962266656249999 0.462930178125 0.5923559703125 0.45701400156250005 0.5921618140625 0.45062029687500005 0.5945265359375 0.45346161562500004 0.6018620046875001 0.4576993015625 0.6048268 0.46008311874999996 0.6060562515625 0.46880821875 0.6028679984374999
0 0.456930075 0.640845225 0.46835734687499997 0.63718050625 0.4712911375 0.6292391734375 0.46659595 0.620168359375 0.45870295156249996 0.6157858671875001 0.45105586249999996 0.6163093625 0.44179889843750003 0.627015425 0.44838226406250004 0.64152754375 0.45332718437499997 0.6414805109375 0.456930075 0.640845225
0 0.43604852968749996 0.6663868374999999 0.438256971875 0.66311030625 0.44474314687499994 0.645468784375 0.439129125 0.6382097718749999 0.4321549625 0.6320154796875 0.4249148671875 0.6295800890625001 0.4143702109375 0.6347389640625 0.4132540640625 0.6477215921874999 0.4178968296875 0.6547394203125 0.4308033671875 0.6664868078125 0.43604852968749996 0.6663868374999999
0 0.4303133359375 0.7795833812499999 0.43728941250000003 0.7787657546875 0.43976187343750006 0.7787422390625001 0.43983431875 0.77213033125 0.43823018593749996 0.7612771453125 0.4347178484375 0.7536475484375 0.43122362656249996 0.7443649734375 0.41419853125 0.7461296187500001 0.41382393124999994 0.759806384375 0.4158531734375 0.766047709375 0.419877346875 0.7748243921875 0.42381478906250003 0.7778421296875 0.4303133359375 0.7795833812499999
0 0.432289265625 0.722317440625 0.4321320015625 0.7161584828125 0.4286720875 0.710581871875 0.4219781421875 0.71299953125 0.41952187968750004 0.7183819875 0.4213919453125 0.7254762703125001 0.42211538125 0.7278233843749999 0.42962140625 0.7264998703125001 0.4314409640625 0.72452925 0.432289265625 0.722317440625
0 0.44590112656249997 0.7380649218750001 0.45280475625000005 0.743859203125 0.4587571546875 0.74074740625 0.4592184875 0.732829590625 0.4562723234375 0.7213881484375 0.45470249999999995 0.7142409234375 0.44848799531249994 0.7070877921875 0.442694771875 0.7093466312500001 0.43990395937500004 0.7110760640625 0.4418788671875 0.7222763203125 0.44590112656249997 0.7380649218750001
0 0.42929233437500003 0.9616520359375 0.4236582859375 0.9630579171875 0.41821772656249995 0.9673168015625 0.415779575 0.9710462796874999 0.41740181875 0.9802464890625 0.42373927812499995 0.9898526171875 0.42681222031250005 0.9897232203125 0.431333946875 0.987276134375 0.436137803125 0.986429084375 0.44283174843750006 0.9840114234374999 0.44468752968749997 0.97873485 0.44258775625 0.9720935171875 0.4426764 0.9708405484375 0.4395872578125 0.96561100625 0.43875706875000003 0.9661698359375 0.43386647968750003 0.9612579374999999 0.42929233437500003 0.9616520359375
0 0.436579609375 0.9219852984375001 0.43302368593749996 0.922612303125 0.43033956562500003 0.921252346875 0.424831753125 0.9194736593749999 0.4206137484375 0.9180786281250001 0.41433863125 0.9188795593749999 0.4102594796875 0.9217376046875 0.41064240781250005 0.92564210625 0.41153066562499996 0.930679665625 0.4136042328125 0.9355082234375001 0.4172639328125 0.9406681828125001 0.42386972968750003 0.9434754249999999 0.4268845265625 0.9484435578125 0.42850501406249997 0.952435384375 0.4290625921875 0.9538647687499999 0.43293201875 0.955015725 0.441507603125 0.9568645609375 0.44506352656250003 0.9562375546874999 0.44739979218750003 0.9521591265625 0.44787149375 0.94443745 0.4484476953125 0.937308425 0.4474377609375 0.9298479984375 0.4490596953125 0.9234512046875001 0.44731825468749997 0.9118422015625001 0.4436929046875 0.9103426671875001 0.4387075953125 0.9115272531249999 0.4377484640625 0.914751775 0.437538740625 0.9187607765625 0.436579609375 0.9219852984375001
0 0.411816328125 0.8820484078125 0.41423847187499996 0.8871210421875 0.4165911875 0.8900671359375 0.424382290625 0.8926653765625 0.43022150625 0.8928579265625001 0.43555539374999996 0.89191741875 0.4384492375 0.889268375 0.4396875203125 0.884161390625 0.4387470109375 0.878827503125 0.4382767578125 0.8761605609374999 0.43744075000000004 0.8714193281249999 0.43414680156249996 0.8683336593750001 0.43069610156250004 0.8643590078125 0.4303303484375 0.86228471875 0.43081922500000003 0.8563932515625 0.42975631718749996 0.8538308109375 0.42668926875 0.8485663499999999 0.4235169984375 0.847903546875 0.42055372812499997 0.8484260515625 0.41734638124999995 0.849297134375 0.416544003125 0.8534106375 0.4171187578125 0.856670234375 0.4103726609375 0.8599985328124999 0.4087686265625 0.8630312296874999 0.40916873125000003 0.86876594375 0.41057949374999997 0.8767667734375 0.411816328125 0.8820484078125
0 0.44480390937500003 0.8178736359375 0.4489002375 0.8168458031249999 0.454025121875 0.8147199859375001 0.455315653125 0.8099093281249999 0.45298083437500003 0.8035991359375 0.4474558453125 0.7999902390625 0.44412682343750004 0.798438453125 0.4413031296875 0.798019725 0.43569009062499997 0.800842696875 0.42969412656249995 0.799761165625 0.42192019687500004 0.7989931390625 0.41479117343749994 0.7984169359375 0.4125773078125 0.799723921875 0.41226308281249996 0.80314026875 0.4125937609375 0.8067484437499999 0.41414409843750005 0.8138080421874999 0.4160086625 0.8174512921874999 0.419807940625 0.8216700187500001 0.4240953703125 0.8251915921874999 0.4311198921875 0.825175140625 0.43335093281250003 0.8256983671875 0.43647095468749997 0.82606484375 0.440863609375 0.8249847593749999 0.443844778125 0.8210981578125001 0.44480390937500003 0.8178736359375
0 0.5292254046875 0 0.5118824656250001 0.0173575046875 0.51788705625 0.0396846140625 0.5360036375 0.054479310937500004 0.5481268734375 0.0763271765625 0.5515906171875 0.0901077359375 0.56258586875 0.10555847656249999 0.56923999375 0.1139793828125 0.5890625 0.12710150781250001 0.5890625 0 0.5292254046875 0
0 0.2955179859375 0.2971625015625 0.33124994375 0.30045620156249997 0.360794984375 0.28625204375 0.34257585625 0.270875790625 0.3330162234375 0.26356684218750004 0.3033458828125 0.271197075 0.2908464703125 0.282395628125 0.2955179859375 0.2971625015625
0 0.4122296578125 0.1298990984375 0.41626134531250003 0.1451977203125 0.40882715625 0.1509556546875 0.3975883796875 0.150269103125 0.38429520781250004 0.1454977078125 0.3681350421875 0.1421212578125 0.3537500703125 0.1437682984375 0.3505257203125 0.16079106406250002 0.3572983515625 0.16893575 0.363410484375 0.1834228234375 0.3695997203125 0.19078096093750002 0.37850385000000003 0.1958815546875 0.38872792968750003 0.1958576078125 0.403847346875 0.20341994843750003 0.41589661875 0.2137471828125 0.4315494359375 0.2167683828125 0.447760653125 0.2179122875 0.4538488390625 0.22217528125000002 0.463640565625 0.22978761875 0.48129778125 0.23156597343750002 0.49436385625 0.2274832359375 0.507913334375 0.2135316703125 0.505909990625 0.20721428125000002 0.4939649265625 0.1773014859375 0.48615259687499995 0.16578245625000002 0.4802686140625 0.15258928125 0.47730162343750004 0.143328846875 0.4874257078125 0.1326495234375 0.4994531390625 0.11763220781249999 0.499481296875 0.0976153484375 0.48938747656250003 0.07315734375 0.4768558546875 0.06513870468750001 0.46145513125 0.07363548125 0.46006123906249996 0.0632082515625 0.45471171093749996 0.0379137 0.443498984375 0.032330756249999995 0.4328686046875 0.035094596875 0.419065978125 0.0450884203125 0.4117838890625 0.05170895625000001 0.39575082500000003 0.046531259375 0.3914138859375 0.0370676765625 0.38656959999999996 0.02724884375 0.377539421875 0.016389262499999998 0.362342903125 0.015955857812499998 0.3564557609375 0.0254433859375 0.35054362031249997 0.0322670703125 0.338671446875 0.0254662796875 0.3246177765625 0.0163818921875 0.31343005156250003 0.0134627921875 0.299552428125 0.015465084374999999 0.2946289328125 0.027895657812500002 0.302998609375 0.0450976265625 0.322203921875 0.0430453375 0.33065175468749997 0.0455581359375 0.34001323437500003 0.0456862890625 0.3458482734375 0.045991540625 0.35465135625 0.047996990625 0.3632762859375 0.054036232812499994 0.3608145390625 0.06025151875 0.339884028125 0.06260800625 0.33156224375 0.065854196875 0.3321185390625 0.07909736875 0.3489610453125 0.10147598124999999 0.3608082203125 0.105612928125 0.3731377453125 0.107441278125 0.39117520625 0.111376128125 0.40413812968749996 0.11931871875 0.4122296578125 0.1298990984375
0 0.477445990625 0.2991669609375 0.4699497765625 0.2988704984375 0.4653710765625 0.296765 0.46221474687499997 0.28987760625000003 0.459483 0.28356264531250003 0.45627285312500004 0.265357003125 0.4493324109375 0.2516929109375 0.4333808828125 0.243825159375 0.4199397109375 0.24101680781249998 0.40572214375 0.2448183453125 0.3977998109375 0.25495380624999997 0.3997369671875 0.26593996875000003 0.40451733125 0.27836669375 0.4103500609375 0.291255159375 0.4134320859375 0.3013921515625 0.41383617656249994 0.3165324296875 0.41060323906249996 0.3294011671875 0.401388959375 0.3358806390625 0.39138162187500003 0.336026953125 0.38187317656249997 0.3334961046875 0.3721069546875 0.3258323140625 0.3676207546875 0.322415909375 0.3587946703125 0.3255904328125 0.3517033140625 0.3349320703125 0.35432359999999996 0.346121428125 0.3644037109375 0.35372987031249997 0.371715690625 0.3511459734375 0.37529737343749997 0.3531036234375 0.3745020171875 0.363277003125 0.37553465625000004 0.3728044078125 0.3854676875 0.37590769062499996 0.397062671875 0.3774233265625 0.4139566375 0.3796228578125 0.42207986562500005 0.38531080625 0.430997684375 0.38632754999999996 0.44401350468749995 0.394065646875 0.438935146875 0.4001394921875 0.42623091718749995 0.40885258281250003 0.4262358 0.4109375 0.4884128578125 0.4109375 0.4863856375 0.40860246875 0.479721165625 0.40201000625 0.4854091125 0.393886775 0.492204771875 0.386539175 0.503118159375 0.37684725937499997 0.502768646875 0.36752305 0.501495659375 0.3603035734375 0.49959565625 0.3476926109375 0.49343007656250004 0.3384229828125 0.4907347171875 0.3359854 0.48722734375 0.330778153125 0.4832036484375 0.3208072015625 0.4849960203125 0.31078167031250004 0.477445990625 0.2991669609375
0 0.791100303125 0.43351243593750005 0.8069909328125 0.430473821875 0.8202800203124999 0.4198471875 0.8176784765624999 0.412259171875 0.8007647406249999 0.41666153125000005 0.794221378125 0.42254867812499997 0.7848185875 0.4289400203125 0.791100303125 0.43351243593750005
0 0.8164662312500001 0.4555466453125 0.8084583265624999 0.45790532968750003 0.8011422187499999 0.46179871562499997 0.7948087453125 0.46409882031249994 0.8057015046875 0.47093488125 0.8164511828125001 0.46501605156250003 0.8164662312500001 0.4555466453125
0 0.8289920359374999 0.48836499218749996 0.8163806093750001 0.48372533124999995 0.803430353125 0.4867188171875 0.79247455 0.4938573359375 0.7942186421875 0.501359875 0.8093657125 0.5036590828125 0.8192137031250001 0.499792596875 0.8276705703125 0.497591415625 0.8289920359374999 0.48836499218749996
0 0.793105240625 0.5595400546875 0.797583578125 0.5682171546875 0.8114571828124999 0.5752376156250001 0.8064668359375 0.5803775875 0.7976749 0.5878445640625001 0.7996505390624999 0.603826353125 0.825260215625 0.6009673578125 0.8332351734375001 0.5936444359374999 0.835292671875 0.58381489375 0.8371365187500001 0.579939740625 0.8531005703125001 0.58209489375 0.8763920140625 0.5732546078125 0.869838278125 0.5599734109375001 0.8545368390625001 0.5520213703125 0.8371524796875001 0.5441999359375 0.832059525 0.5368145531249999 0.8161989953125 0.5209143578125001 0.799321971875 0.5279136015625 0.7920312875 0.5415059249999999 0.790827478125 0.553788296875 0.793105240625 0.5595400546875
0 0.833978253125 0.8034966046875001 0.829604590625 0.7968476859375 0.8254303328124999 0.786790828125 0.8167912093749999 0.7786455046875 0.8084802796874999 0.7837085765625 0.8090427625000001 0.795976253125 0.8139511796875001 0.8079273265625 0.8234818484374999 0.8165900015625001 0.8360197828124999 0.8128052609375 0.833978253125 0.8034966046875001
0 0.8768633640625 0.9140126734375 0.8902364468749999 0.9100463578125 0.8978290953125001 0.9075013593750001 0.8990224859374999 0.9028681609375001 0.9011106859375 0.89646890625 0.9118003015625 0.8909654078125 0.9130172468750001 0.8819052859375001 0.907512796875 0.8780510296875 0.894966715625 0.87302598125 0.883429403125 0.871441690625 0.8717545718749999 0.8690775093750001 0.8605610484374999 0.8694429484375 0.8501248140625 0.8672624375 0.844367934375 0.86425683125 0.8381523515625 0.8609300359375001 0.8331989171874999 0.853359990625 0.8246436562499999 0.8504457421874999 0.8170971640625 0.850972253125 0.818609840625 0.8595510687499999 0.8236084781249999 0.8719379828125 0.8251899125 0.8809067453124999 0.826450159375 0.890334209375 0.823994615625 0.8992106578125 0.8255534499999999 0.905770984375 0.834222671875 0.9138920484374999 0.844429078125 0.9193296421875001 0.853374284375 0.9221751312500001 0.8618155828124999 0.9198825625 0.8684682203125 0.914286753125 0.8768633640625 0.9140126734375
0 0.8385975406249999 0.610993546875 0.83261824375 0.6123937578125 0.8220801234374999 0.617365009375 0.8160408546875001 0.6243101875 0.8138294984375 0.6333475984375 0.8144404656249999 0.6387742624999999 0.8157418156249999 0.6461545906249999 0.8157012890625 0.653771528125 0.8162328406249999 0.662671190625 0.8202965437499999 0.6719857375 0.83268865 0.6736055703125 0.8397335078125 0.6723633718750001 0.8429310093750001 0.666956971875 0.8412950078125 0.6537553593750001 0.8368366828125 0.6441644953125001 0.8394232171875 0.6333314296875 0.8489152203125 0.6302741359375 0.8508105515625 0.623367846875 0.8493908953125 0.6153165796875 0.848029575 0.6134812203125 0.8385975406249999 0.610993546875
0 0.7582396609375001 0.3872607921875 0.7390757078125 0.3754748203125 0.7220874875 0.366338228125 0.703355765625 0.357003559375 0.6767058953125 0.36574667656250004 0.66940745 0.3776491515625 0.6776276421875 0.3903537953125 0.6842412890625 0.3987921921875 0.69608544375 0.4078248140625 0.6995368375 0.4109375 0.77835159375 0.4109375 0.7714310203125 0.3990888828125 0.7582396609375001 0.3872607921875
0 0.8180228609375 0.40654408125 0.8356094296875 0.394849540625 0.8275621328125 0.3831254171875 0.8173604515624999 0.383407740625 0.8025333859374999 0.38652765625 0.7997738796875 0.395102278125 0.7952349421875 0.39843013125 0.8016756953125 0.4058880046875 0.8180228609375 0.40654408125
0 0.8094792749999999 0.3484011828125 0.8102932234375 0.35786221875 0.8217556625 0.3598851078125 0.8344069953125001 0.3541158140625 0.8368207140624999 0.34358015000000003 0.8214749703124999 0.343758503125 0.8094792749999999 0.3484011828125
0 0.7949193546875 0.31912179531249996 0.79421320625 0.32480684375 0.7991338625 0.32848872500000004 0.8171885984375 0.3242941828125 0.8146670796875 0.3196837640625 0.8104885046874999 0.3153655296875 0.8042565765624999 0.3139368703125 0.7949193546875 0.31912179531249996
0 0.8517061015625 0.3020317171875 0.8524986984374999 0.29683692968750003 0.84932154375 0.29335312343750003 0.8425204234375 0.2935413375 0.834753815625 0.29794381875 0.8280750749999999 0.303670990625 0.8315115671875001 0.3086255765625 0.8409206515625 0.313538040625 0.846770865625 0.3079569640625 0.8517061015625 0.3020317171875
0 0.6624158312499999 0 0.649176440625 0.00613314375 0.627771659375 0.005863359375 0.6095081015625 0.0040286859375 0.5894000109374999 0.01111280625 0.5890625 0.011339871875000001 0.5890625 0.14542454375 0.5928557796875 0.1469892921875 0.5937202421875 0.1518918953125 0.5915299265625 0.158849646875 0.5890625 0.162697484375 0.5890625 0.1919918765625 0.6011905390625001 0.19910297500000002 0.605851859375 0.20131407656250003 0.6039063015624999 0.21934973906250002 0.605548778125 0.22866468437499998 0.6153755125 0.24563558125 0.62447474375 0.2536356984375 0.637096915625 0.2670806640625 0.6454540671875 0.2757171359375 0.6528962421875 0.2840094359375 0.672182575 0.3013343625 0.67853688125 0.308301975 0.682974796875 0.314090990625 0.686929965625 0.321987140625 0.691144471875 0.3313540703125 0.7117566578125001 0.336818640625 0.7319006796874999 0.3347832171875 0.7497825203125 0.329608153125 0.76051745625 0.3226602640625 0.76767894375 0.31482596093750004 0.7713174890625 0.301546809375 0.7729891265625 0.29164749687499997 0.794250178125 0.2717225 0.800150903125 0.2615829890625 0.8062391015625 0.2428168671875 0.8165204562499999 0.2187618515625 0.8306132484375001 0.18240820625 0.8235314406249999 0.1664698140625 0.8063198140625 0.1609111375 0.795563525 0.1532032015625 0.7956286218749999 0.1390376390625 0.7868246562500001 0.1375569953125 0.7764500859375 0.136858796875 0.7746347171875 0.12656333125000002 0.777343709375 0.12254714062500001 0.7781003734375 0.112303659375 0.762286465625 0.10498201562500001 0.7354782828124999 0.10313748281249999 0.71903009375 0.111598275 0.69998851875 0.1053512625 0.7089080875 0.0881079046875 0.7277699984375 0.06911144531249999 0.73908870625 0.0509395546875 0.744902984375 0.040309781249999996 0.7383903671875001 0.0227545171875 0.7380591640625 0.0111863484375 0.7383022640625 0 0.6624158312499999 0