0 0.6233105812499999 0.2923813015625 0.6115504328125 0.313303240625 0.63514534375 0.32167336406249997 0.6692715375 0.32752113125000004 0.71187314375 0.311464003125 0.7235579890625 0.29750271562499997 0.7221038890625 0.279609603125 0.7036743203125 0.2697300640625 0.6690339890625 0.273330328125 0.6233105812499999 0.2923813015625
0 0.514391771875 0.191900828125 0.513084165625 0.1819683546875 0.4976498578125 0.18171131875 0.4735155546875 0.1889371953125 0.4416129984375 0.2126481625 0.42968673749999997 0.2210738515625 0.42426773281249996 0.23444548593749998 0.43355482656250005 0.24403977187499998 0.4531629578125 0.23900330625000002 0.47101706718749997 0.229625478125 0.48164341093749996 0.2224464234375 0.49084456093749995 0.2162039015625 0.5067958390625 0.2043484171875 0.514391771875 0.191900828125
0 0.46341300781249994 0.2666050796875 0.43722706875000006 0.27321700312499997 0.43706243906250003 0.2884336171875 0.4374695125 0.2983692140625 0.4493564265625 0.3054702375 0.471940246875 0.2988707984375 0.4874686265625 0.290432625 0.49789143437499994 0.2782857734375 0.49385871875 0.2705364625 0.4837493453125 0.2656029984375 0.46341300781249994 0.2666050796875
0 0.41743078437500003 0.2956438875 0.41892654062499995 0.2881859453125 0.4100700421875 0.2863534546875 0.40504272031250005 0.287302475 0.39339055625 0.294174553125 0.38494113125 0.302277659375 0.37484715 0.319702409375 0.386507009375 0.324009434375 0.40508932187499996 0.3186659921875 0.41736792500000003 0.31334439999999997 0.4169373296875 0.3055826046875 0.41743078437500003 0.2956438875
0 0.3957094625 0.2106335484375 0.41624164218750004 0.20342015781249997 0.4356697578125 0.191242090625 0.4368131703125 0.18068005781250002 0.4421851375 0.171656025 0.4483011390625 0.15331346875000001 0.4372441953125 0.15273073125 0.42901413593750004 0.1524487234375 0.41437859218749995 0.1497046703125 0.3943240421875 0.16033225 0.38702572343749997 0.16905242812500001 0.3893826640625 0.177118078125 0.383086646875 0.18831903125 0.37864641875 0.2063452484375 0.3957094625 0.2106335484375
0 0.329453146875 0.32015021718750003 0.3358079421875 0.31728217187499996 0.3450791703125 0.31233418125 0.3430762203125 0.3092363734375 0.33688459375 0.30692927187499996 0.330529796875 0.3097973203125 0.323927034375 0.31577097656249997 0.320449478125 0.320181425 0.329453146875 0.32015021718750003
0 0.2998589703125 0.3407389515625 0.29799873125 0.3445797859375 0.297946746875 0.3449410046875 0.30327965625000003 0.3458548375 0.3048940359375 0.34538308125 0.30889863906250004 0.3441261140625 0.3122018609375 0.3422500328125 0.3134518546875 0.33975952343750004 0.3107717046875 0.33759340781249997 0.303812646875 0.3382390734375 0.2998589703125 0.3407389515625
0 0.2994445328125 0.26599969843750004 0.30262236875 0.2638132796875 0.309691190625 0.2589718140625 0.3085118046875 0.2549358625 0.3046051984375 0.253084771875 0.2972582203125 0.253887165625 0.292591390625 0.256855675 0.2870624890625 0.262157965625 0.291020015625 0.2652519703125 0.2994445328125 0.26599969843750004
0 0.267632159375 0.2046461953125 0.256347753125 0.2099461203125 0.24646234687500002 0.21412526562499998 0.24026333281249998 0.2194075640625 0.236761775 0.225637025 0.244198875 0.228002525 0.2570791890625 0.22779846250000002 0.2701645328125 0.22695601562499998 0.2847213171875 0.21829695937500002 0.29148318125 0.2098243375 0.2867918296875 0.2039421125 0.27628737812500004 0.20429735781249997 0.267632159375 0.2046461953125
0 0.22952970156250002 0.22263313906249999 0.2278051578125 0.21721888437499998 0.2180846078125 0.2183685078125 0.21550371875000002 0.21885570781250002 0.205823340625 0.2223964703125 0.19944344375 0.226085209375 0.19690272343749998 0.2289635515625 0.20136094531249998 0.2319770515625 0.20959402656249998 0.2340209546875 0.2256422265625 0.227907425 0.22952970156250002 0.22263313906249999
0 0.1466142734375 0.341687353125 0.15483528124999998 0.3448472296875 0.15962322499999998 0.34180168125 0.167390046875 0.3381081328125 0.1784694203125 0.3334465953125 0.18134381093750002 0.33024826093750004 0.1805318078125 0.325946775 0.1788193390625 0.3194165484375 0.166131984375 0.3200981984375 0.14871288124999998 0.33083961875 0.1466142734375 0.341687353125
0 0.1972629265625 0.360482609375 0.20504577343750002 0.36141214375 0.2174879234375 0.358977740625 0.22964470312500002 0.35239944375 0.23170708750000002 0.344899625 0.22708005468749998 0.33917659375000003 0.21476654375 0.3419293875 0.194525296875 0.357144309375 0.1972629265625 0.360482609375
0 0.0877086125 0.3047470015625 0.0945949421875 0.309186853125 0.10580690468750001 0.31058275625 0.11471544843749999 0.30513165 0.13928628125 0.2926118390625 0.155676275 0.2793232875 0.1531557515625 0.27423063124999997 0.1414814796875 0.272836328125 0.131567975 0.2735083625 0.1188283765625 0.2729148453125 0.10286864375 0.2769556265625 0.0916002609375 0.28687863281250003 0.0840424171875 0.2956728515625 0.0877086125 0.3047470015625
0 0.7943811843749999 0.201495490625 0.7889502578124999 0.20789929687500003 0.79886326875 0.21010830781249998 0.8113568828125001 0.20506056093749997 0.816913984375 0.2002094203125 0.8170489546875 0.1943416734375 0.79971634375 0.1973353890625 0.7943811843749999 0.201495490625
0 0.5244046 0.2774979203125 0.52361686875 0.284230765625 0.532041628125 0.2852369671875 0.5440782937499999 0.2827793078125 0.5467720093749999 0.278283228125 0.545044478125 0.27276707031249997 0.531463015625 0.2726415765625 0.5244046 0.2774979203125
0 0.5278420781250001 0.3033710640625 0.5344000546875 0.29851645625 0.5360406203125 0.298855903125 0.536219075 0.2955765125 0.5306707703125 0.2930072375 0.5253748171875 0.2935432953125 0.5177028546875 0.29564068906249996 0.510339803125 0.3022237578125 0.5102875234375001 0.307055815625 0.5187949765625001 0.30702633125 0.5278420781250001 0.3033710640625
0 0.65991293125 0.222254378125 0.654071603125 0.23427833437499998 0.655078403125 0.250438253125 0.668151384375 0.25033351718749997 0.68358606875 0.24582319687499998 0.70830865 0.22927697500000002 0.7089741546874999 0.21554765625 0.6975977875 0.1908071546875 0.6894190640625 0.17996085781249999 0.6672230671875 0.18823834374999998 0.6649513765624999 0.1843242140625 0.648938421875 0.1762980125 0.6380053046875 0.17657360312499998 0.626056221875 0.1751888359375 0.6092969171875 0.1747121078125 0.6026885421875 0.1711695546875 0.5932839624999999 0.166685903125 0.5774896468749999 0.17030610625 0.5720019765625 0.1814968953125 0.574354509375 0.19159087187499999 0.5891686953125 0.1966500140625 0.5899058765625 0.20360010156250002 0.57733629375 0.21178479687500001 0.57029619375 0.2208416921875 0.5664629078125001 0.22929322968750002 0.574123090625 0.2448358453125 0.5828713328124999 0.24854925312499998 0.5939243265624999 0.2485703671875 0.6123260703125 0.2428612765625 0.6203251859375001 0.23617803125 0.6263672359375 0.230630628125 0.635951840625 0.2184748515625 0.6507871390625 0.2124810015625 0.65991293125 0.222254378125