0 0.51875 1 0.51875 0.88880641875 0.5177478828125001 0.8884207249999999 0.45471134375 0.8835202796875 0.388939275 0.8866874499999999 0.341775203125 0.8964297531250001 0.3028226390625 0.9292268390625 0.3005355375 0.9437073671875 0.30546341875 0.9669917640625 0.315316728125 0.9899317406250001 0.3226708609375 1 0.51875 1
0 0.3397246484375 0 0.340564509375 0.0056884171875 0.3435133140625 0.0478582828125 0.3443616734375 0.0812537484375 0.345639453125 0.11015855000000001 0.3465706546875 0.12347534843750001 0.345199546875 0.15702601562500001 0.34783795156249997 0.1947569484375 0.356224178125 0.2402637921875 0.3569484453125 0.25062130312500003 0.3573984921875 0.2676889484375 0.36650391718750003 0.291585746875 0.37313120781250003 0.3119386359375 0.3731673859375 0.3230877015625 0.373891653125 0.3334452125 0.3710564578125 0.35669010156250003 0.384445615625 0.378057034375 0.38200365937499997 0.3856621890625 0.3701353953125 0.40730841250000005 0.3825260640625 0.4250279671875 0.38381940000000003 0.443523521875 0.3860956703125 0.4760757 0.400550603125 0.49142058750000006 0.42443184843750004 0.4927244078125 0.435167046875 0.4867696515625 0.44184100156249995 0.47589480625 0.44096153437499996 0.463317828125 0.437324640625 0.4219395171875 0.4320062390625 0.409672940625 0.4273759265625 0.39661480625 0.4260825921875 0.378119253125 0.42702427812500005 0.3490592515625 0.42700365468749996 0.327500940625 0.4256585859375 0.3082655640625 0.423847915625 0.2823717859375 0.422414934375 0.25124751875 0.42698844375 0.2315982734375 0.42908382031250003 0.20840511875 0.43021688437499994 0.1927136515625 0.42837003593749995 0.1556708078125 0.426181678125 0.13500751875 0.4222032765625 0.1100087640625 0.419430296875 0.09161667500000001 0.4176196265625 0.065722896875 0.4113700234375 0.040139520312499996 0.4041581109375 0.0220578328125 0.4014650140625 0 0.3397246484375 0
0 0.42431282656249997 0.5016540078125 0.4051291828125 0.5037388984375 0.39059140625 0.508472678125 0.389665275 0.5271234328125 0.390286075 0.5360013 0.391264959375 0.55 0.44080519999999995 0.55 0.4458244734375 0.5328611171875 0.440971675 0.5272529390625 0.4330043859375 0.5196322296875 0.42431282656249997 0.5016540078125
0 0.5275601437499999 0.6181903906249999 0.5286976953125 0.6130610703125 0.5211859421875 0.607274125 0.51875 0.607733690625 0.51875 0.6234354171875001 0.5193207984375 0.623395503125 0.5275601437499999 0.6181903906249999
0 0.51875 0.6612078890624999 0.5200950859375 0.661214678125 0.5252855671875001 0.6659014984375 0.5335479953125 0.6663757703125001 0.54654701875 0.665045975 0.5593117765625 0.6603660437500001 0.5627266765625001 0.6557086984375 0.566323475 0.6483033359375 0.5646064609375 0.6397967015625 0.5560658453125 0.63534414375 0.54415425 0.6361770828125 0.531491984375 0.6423226984375 0.5243462671875 0.641770340625 0.51875 0.6388748265624999 0.51875 0.6612078890624999
0 0.5242532765625 0.720679584375 0.51875 0.7281515328125 0.51875 0.7643514984374999 0.5244525890625 0.7663240359375 0.531196784375 0.7664836562499999 0.5440786734375 0.7634787953125 0.5543402640624999 0.7604467546875 0.5619961890625 0.7575969203125 0.5789788890625001 0.7490451171875 0.5853925296875 0.7391283015625 0.5890394515625 0.7270904734375 0.5803084953125001 0.71991593125 0.5694026796875 0.7137351 0.5560083375 0.709411540625 0.5440821015624999 0.7100350953125 0.532747728125 0.7137733765625 0.5242532765625 0.720679584375
0 0.545252240625 0.7909600890624999 0.5478725421874999 0.7909872671875 0.563046421875 0.7886637624999999 0.5667541546875 0.7881940843749999 0.58112499375 0.78508510625 0.57554763125 0.7802149296875001 0.5632846421875 0.7760226671875 0.5521614484375 0.777431696875 0.543133703125 0.7820607171875 0.5440476796875 0.7897818765625 0.545252240625 0.7909600890624999
0 0.5890861484375 0.7759017078125 0.598078409375 0.7761145359375 0.6041868218750001 0.7725312859375 0.60255765625 0.7652809515625 0.5928062796875 0.764910796875 0.586580734375 0.7668189812499999 0.5851295109375 0.7728118640625 0.587910871875 0.7751422609375 0.587195678125 0.7756130875 0.5890861484375 0.7759017078125
0 0.62022679375 0.7932920218749999 0.629028715625 0.7907828640625 0.6256701375 0.7855471296875 0.6149693046875 0.782297665625 0.6060147671875 0.787973603125 0.6093879890625 0.793418721875 0.610147103125 0.7935760484375 0.6135558046875 0.7941793171875 0.62022679375 0.7932920218749999
0 0.6088152546875001 0.8119746156250001 0.6065001828125001 0.805613875 0.6015293234375 0.8040678046874999 0.5929092984375 0.8038289453124999 0.58724633125 0.8084330874999999 0.5943126421875 0.81319914375 0.5951156828124999 0.8139846203125 0.6040493765625 0.813359915625 0.6088152546875001 0.8119746156250001
0 0.6057016265625 0.8262896312500001 0.6073077078125 0.8278605812500001 0.6165049484375 0.8310047796875001 0.6189788375 0.828938125 0.6205179109375 0.824201540625 0.6203129296875 0.8212701718750001 0.6156264578124999 0.818441771875 0.6100429 0.8188322124999999 0.60155465 0.8204778046874999 0.6018914046875 0.8252936265624999 0.6057016265625 0.8262896312500001
0 0.5335483984375 0.8429074796875 0.5367543625 0.851309996875 0.545016790625 0.8517842671875 0.55699315 0.8465282453125 0.5648309734375 0.840930396875 0.569377228125 0.8364043453125 0.5674490343749999 0.8302269578124999 0.569996128125 0.82920721875 0.57253478125 0.8227174796875 0.5714535515625 0.8179537171875 0.56667923125 0.8138690171875 0.5612629296875 0.8113020593750001 0.545432421875 0.8149339234375 0.5428205625 0.8203767453124999 0.5465074546875 0.8249583015624999 0.5530843937500001 0.8280753203125 0.5489250171875 0.8327847265624999 0.541400865625 0.8375190124999999 0.5335483984375 0.8429074796875
0 0.609832540625 0.8494369203125001 0.6128998296875 0.848129021875 0.6113960031250001 0.8439972062500001 0.604525059375 0.8395573109375001 0.5969857859375 0.8359842109375 0.5933588140625 0.8362378343750001 0.591530503125 0.8448396296875 0.597405721875 0.8489391234375001 0.6030717 0.8500463609375 0.609832540625 0.8494369203125001
0 0.5352401812500001 0.8186922937500001 0.531084465625 0.8126796234375 0.531556840625 0.8060806906250001 0.5356001015625 0.7971309671875 0.540107996875 0.7881487546875 0.5341380265625 0.7762223203125 0.5197160140625 0.7769681687500001 0.51875 0.7779404734375001 0.51875 0.82581041875 0.520846984375 0.8265273015625001 0.532781328125 0.8235916812499999 0.5352401812500001 0.8186922937500001
0 0.5802242765625001 0.915398028125 0.5825051343750001 0.9116008484375 0.59049441875 0.91140595 0.5967243375 0.9120616187499999 0.6010936359375 0.91211985625 0.6065236171875 0.9117401546874999 0.61129545 0.9019484875 0.60799444375 0.8963590140625 0.6077236078125 0.8872837328125 0.6193075671875 0.886473703125 0.620585978125 0.8787451640624999 0.615482590625 0.8681889625 0.6097741625 0.864586678125 0.6047061796875 0.864941065625 0.5983673984375 0.867930696875 0.5936614140625001 0.8682597718749999 0.588702296875 0.864968859375 0.5841558046875 0.8623766312500001 0.5781613171875 0.8598856546875 0.571880771875 0.8585059906250001 0.5667115359375 0.8574123828125 0.560868928125 0.8570933999999999 0.554352953125 0.8575490406249999 0.5468775453125 0.8598906171875 0.5423993828125 0.8634776796875 0.5383844718749999 0.868487425 0.5356833796875 0.8766792171875 0.534473296875 0.89058705 0.534979565625 0.8978270234375 0.5354858328125001 0.9050670000000001 0.5430978984375 0.9150840062500001 0.5493025046875 0.9153776765625 0.5510618703125 0.9145271109375 0.5559273453125 0.9112767343750001 0.559775153125 0.9142815875 0.5590941734375 0.9201495078124999 0.5573525078125 0.9264553671875 0.5571423890625 0.9286526734375 0.5584232828125 0.93656601875 0.563845653125 0.9412796140624999 0.5672048937499999 0.9424997859375001 0.5875527640625 0.9421682312499999 0.5957774796875001 0.940138028125 0.5983950234375001 0.9359535343750001 0.59628126875 0.9317361171874999 0.58782873125 0.9305083328125001 0.5807988734375 0.9288172953125 0.5785332390625 0.922427884375 0.5802242765625001 0.915398028125
0 1 0.053210721875 0.9688158015624999 0.0508795265625 0.937861346875 0.061145174999999996 0.9288251203125 0.08810562499999999 0.9413376671875 0.1108588703125 0.949086434375 0.11234229843750002 0.9722857703125 0.11612077812499999 1 0.1161978359375 1 0.053210721875
0 1 0.1800175734375 0.9743870343750001 0.1774071875 0.951563521875 0.17900316249999998 0.9337450234375 0.189700434375 0.9308070078125 0.21015863281249997 0.9434198640625 0.21872793906250002 0.9501757578125 0.2216309796875 0.967940915625 0.22578945312499998 0.990999315625 0.2275525109375 1 0.22807747968749997 1 0.1800175734375
0 1 0.5185287359374999 0.9892749671875001 0.51526214375 0.9618628765624999 0.5293306328125 0.9576970953125 0.547849409375 0.95908926875 0.55 1 0.55 1 0.5185287359374999