0 0.6811988078125 0.1878349 0.6952641734375 0.190270134375 0.7076375015624999 0.1841946375 0.711642478125 0.1721271015625 0.713644153125 0.1555370203125 0.7033171968749999 0.147468784375 0.6893412265625 0.149926246875 0.6792393921875 0.17520238593749998 0.6811988078125 0.1878349
0 0.5822625718750001 0.31277944375 0.571359415625 0.336246565625 0.5724289296875 0.3527336765625 0.577236853125 0.3635877890625 0.5872070328125 0.36264154843749996 0.5998916234375 0.3525778609375 0.6063005609375 0.34593738281249997 0.6077244078125 0.33977002500000003 0.607812178125 0.3235500953125 0.603538196875 0.310383221875 0.5933006375 0.307207684375 0.5822625718750001 0.31277944375
0 0.6107086374999999 0.366443303125 0.601673059375 0.36598129375 0.5953974046875 0.369404503125 0.5948642765625001 0.382273578125 0.5976242 0.38615879375 0.6010074624999999 0.39262395156249996 0.6112897203125 0.39824583593749996 0.618277296875 0.3917389484375 0.6231721765625 0.375816815625 0.620901496875 0.367172490625 0.6107086374999999 0.366443303125
0 0.5885016640625 0.4124730328125 0.5835604578125 0.40483618750000006 0.57893133125 0.4037674703125 0.5747475609375 0.406049609375 0.5729685671875 0.42431512031249996 0.5836067859375 0.42839516718750004 0.58876985625 0.4271511265625 0.5885016640625 0.4124730328125
0 0.548725403125 0.44747657500000004 0.5438343625 0.4334246015625 0.5383725671875 0.4259106859375 0.5257367187499999 0.4304970234375 0.5176255953125 0.43987975312499994 0.512165053125 0.44862382656250005 0.505379846875 0.46581622031250003 0.5087392828125 0.471594178125 0.5165312359375 0.471725634375 0.523135371875 0.47700209843749997 0.528893390625 0.47374593593750003 0.53679924375 0.46931818437499995 0.5442707734375001 0.4627058421875 0.548725403125 0.44747657500000004
0 0.5452324625 0.4883565734375 0.5555381515625 0.49115269375 0.5591020234374999 0.48113701249999996 0.5609519640625 0.46905818125 0.5574327343750001 0.46532765468750004 0.5499607875 0.46652066875 0.541186703125 0.47199856562500003 0.5373716671875 0.4844574453125 0.5452324625 0.4883565734375
0 0.5310904625 0.5184407625 0.5328043921875001 0.5205039109375 0.5420816390625001 0.5209782765625001 0.5427437640624999 0.51404445 0.5407782515624999 0.5090051703125 0.5354082453125 0.5065148140625 0.5285988390624999 0.50619333125 0.528348090625 0.5140558578125 0.5310904625 0.5184407625
0 0.5077842765625 0.5326527171875 0.5081739609375 0.5485835171875 0.5127441609375001 0.5504723593749999 0.516308865625 0.5512953359375 0.5282596453124999 0.5523869359375 0.5340631390625 0.546223225 0.5332854453125 0.536038940625 0.527732278125 0.5289207953124999 0.5204885499999999 0.52641471875 0.5077842765625 0.5326527171875
0 0.4795182109375 0.5290450296875 0.473418075 0.5405594890625001 0.4749496796875 0.54883350625 0.482240140625 0.5646900203125 0.4871073984375 0.5666474453125 0.49042052343750003 0.5644942890625 0.5032841703125001 0.5507895328125 0.500952759375 0.541914003125 0.4969533109375 0.5334871062500001 0.4912403515625 0.5284163859375 0.4795182109375 0.5290450296875
0 0.45219756718750004 0.6365414578124999 0.43583638281250003 0.6315135875 0.4301476234375 0.6439567484375 0.42957687031249997 0.6504948078125 0.4298518171875 0.66014615625 0.4322971296875 0.6644624796875 0.4375987125 0.6686044953125 0.444339696875 0.6705776359375 0.446624796875 0.6715220562499999 0.4492749609375 0.6654640703125 0.4520390265625 0.6548468749999999 0.45178702499999995 0.646451415625 0.45219756718750004 0.6365414578124999
0 0.45027669687499994 0.6177559703125 0.4577031671875 0.61947050625 0.4601480609375 0.6183674984375 0.46179315 0.6166629765625 0.46405488437500003 0.6109321765625 0.46304897343749996 0.6044469828125 0.4559425078125 0.6040569171875 0.4515784140625 0.60805175625 0.45052786093749997 0.6153127703125 0.45027669687499994 0.6177559703125
0 0.4826548578125 0.6089733578125001 0.47643956875000004 0.6087890375 0.47319486875 0.6092905328125 0.47063649218750003 0.6203720796875001 0.468169903125 0.6364771859375 0.472260721875 0.6445083140625 0.47895580937500004 0.6439696765625 0.4824742046875 0.6368615453124999 0.484232775 0.625178484375 0.48558038750000004 0.6179860500000001 0.4826548578125 0.6089733578125001
0 0.3522677421875 0.8606712406250001 0.3573861640625 0.860185465625 0.36213910625 0.86128276875 0.36924557187499996 0.8616728328125 0.3730155484375 0.8575408328125 0.37367767343749997 0.85060700625 0.3742488453125 0.849488278125 0.37344861875 0.8434674359375001 0.372466071875 0.8436574609375 0.36988349375 0.8372251281249999 0.365518984375 0.8358006375 0.35978349375 0.8348933593750001 0.35311135312499997 0.8366878874999999 0.3494098 0.8391682296875 0.347308275 0.8482709281249999 0.349388525 0.8595896578125 0.3522677421875 0.8606712406250001
0 0.36359495937499997 0.79162248125 0.3624218375 0.795366215625 0.3612711515625 0.8003503828125 0.3612932109375 0.8056053015625 0.3626458265625 0.811785028125 0.36762961875 0.8169501984374999 0.3684635484375 0.8227013640624999 0.368395484375 0.8270090343750001 0.368350234375 0.828542653125 0.3714623453125 0.8311140203124999 0.37863381406249996 0.8361666296875001 0.38215205 0.8369788781249999 0.38589616250000003 0.834137515625 0.3893474640625 0.8272139828125 0.39266339375000003 0.8208768203125001 0.394648765625 0.8136148499999999 0.3986411890625 0.808360309375 0.401574184375 0.79699373125 0.39882294687500003 0.7941968671875 0.393771090625 0.7933393671875 0.3916282859375 0.7959327921875 0.389868790625 0.7995411531250001 0.3877259859375 0.802134578125 0.38420774999999996 0.8013223296875 0.38226838281250003 0.7990217140625 0.3778934015625 0.79523235 0.374555790625 0.7923001109375 0.3684665671875 0.7905854890625 0.36359495937499997 0.79162248125
0 0.40223050625 0.7727490140625 0.4053658109375 0.7685318453125001 0.40658418281250003 0.763254490625 0.40719337031249997 0.7606158140625 0.40827636875 0.7559248328125 0.40644993906250004 0.7517974109375001 0.40482657343749995 0.746790428125 0.4053003859375 0.7447381234375 0.408052378125 0.7395060203125 0.4080751921875 0.73673196875 0.4073089484375 0.7306876171875001 0.40464783437499996 0.7288379984375 0.401715971875 0.728161125 0.3984232328125 0.72770975 0.39607736718750003 0.731182734375 0.3953328046875 0.734407784375 0.3878225203125 0.7348355890625 0.38516103125 0.73700045625 0.383288596875 0.7424356203125 0.3814610375 0.7503516515624999 0.3805358515625 0.7556966921875 0.380783409375 0.761312484375 0.381797965625 0.7649436578125 0.3879545015625 0.7703795765625 0.3932542921875 0.7728383828125 0.39853164531249996 0.77405675625 0.40223050625 0.7727490140625
0 0.44294683125 0.6913580390625 0.44051121562500006 0.68986929375 0.43424136406249997 0.6902746640624999 0.4291446375 0.6869362984375 0.422288790625 0.683191809375 0.4159516296875 0.67987588125 0.41340307656249997 0.6802139406250001 0.41177895624999994 0.683235928125 0.410673521875 0.6866864765625 0.4093422109375 0.6937906375 0.40963501874999997 0.6978728078125 0.41148388437500005 0.7032406640625 0.41405449687500007 0.708157521875 0.42052703124999996 0.7108870765625 0.42237627499999997 0.712240446875 0.425105075 0.7137968796874999 0.42957055781250003 0.7145190046875001 0.4338333546875 0.7121062031250001 0.4359761609375 0.709512778125 0.44014845625000004 0.7101672156250001 0.4456965609375 0.7102128421875 0.448764175 0.7062888593750001 0.44908055156250004 0.6995680109375 0.44540488125 0.69408721875 0.44294683125 0.6913580390625
0 0.6189087890625 0.198044053125 0.6136527421875 0.210109565625 0.6111707453124999 0.2221978921875 0.6103132453125 0.22724974687500002 0.60974893125 0.2323692875 0.6097261171875 0.235143340625 0.6119807296875 0.2427665609375 0.6162203359375 0.24714229687499997 0.6188137625000001 0.249285103125 0.63214214375 0.255759146875 0.6381864968750001 0.2549929046875 0.6442312265625 0.25021217500000004 0.6495758890625 0.255151846875 0.6524172515625 0.258895959375 0.6578748531249999 0.2620088234375 0.6608744046874999 0.2623925109375 0.668948625 0.260859646875 0.6732117984375 0.2544323625 0.6761219796875 0.24583983593749997 0.6809049703125 0.2277976578125 0.678424859375 0.2198135625 0.6745233140625 0.21798637968749998 0.670576515625 0.21769281562499998 0.6636526046875 0.21825599687500002 0.657675940625 0.21872905468749998 0.6537519578125 0.21566143906250002 0.6519255296875001 0.21153401718749998 0.65291878125 0.2018813046875 0.65386678125 0.1937622125 0.64626675 0.1892282890625 0.6389595296875 0.1887765359375 0.6300734390625 0.189813153125 0.6189087890625 0.198044053125
0 0.6462546812500001 0.3176917890625 0.649096796875 0.3134069328125 0.6519617281250001 0.3063480234375 0.652503603125 0.29998804843750004 0.6493690562500001 0.29617625 0.6455576328125 0.2952963140625 0.6408666515625 0.294213315625 0.6353862359375 0.2938745015625 0.6313489375 0.29664817499999996 0.6282588859375 0.299331725 0.62674695 0.3085558765625 0.6273329453125001 0.3127057359375 0.6276934421875 0.31649472031250003 0.630331740625 0.3211183921875 0.6346394109375 0.3211864578125 0.6374811515625 0.32091608437499997 0.64244288125 0.3208263375 0.6462546812500001 0.3176917890625