0 0.19056169375 0.9183401625000001 0.1954637703125 0.9437479234374999 0.204826028125 0.9518245265624999 0.21552771874999999 0.95122000625 0.22286009999999998 0.9394782156250001 0.2266988921875 0.9237188515625 0.22680935937500002 0.91739023125 0.222197271875 0.9093965421875 0.21232409375 0.896563109375 0.20287898750000002 0.8932329703124999 0.19558803281249998 0.902601528125 0.19056169375 0.9183401625000001
0 0.2495107375 0.8758466046875 0.24430487968749998 0.8678425515624999 0.2329679921875 0.8708099375 0.2281211640625 0.8762645671874999 0.22450330312500003 0.8793666890624999 0.22190728437499999 0.8919824734375 0.22716837499999998 0.8968222171875 0.236047328125 0.8985598359375 0.2461138234375 0.9003181843749999 0.25040830625 0.8924799609375 0.2495107375 0.8758466046875
0 0.229446775 0.834347821875 0.22473803124999997 0.8318916765625 0.213428759375 0.8332769093750001 0.2107360828125 0.851430234375 0.2142434765625 0.8546567296875001 0.2189936453125 0.85473964375 0.22563559687499998 0.8485250328125 0.229446775 0.834347821875
0 0.17782195625 0.77009921875 0.1701375 0.7736212640625 0.16254519843749998 0.771863771875 0.1578877375 0.776657378125 0.160312178125 0.7949805734375001 0.1634951359375 0.8047859359375 0.1690954359375 0.8158522171874999 0.180246409375 0.823359209375 0.1873637484375 0.8173898156250001 0.195508984375 0.804938496875 0.19487096875 0.78908393125 0.18922104687500002 0.7808604781249999 0.18262119999999998 0.77465165 0.17782195625 0.77009921875
0 0.20131485468750002 0.7867589609375 0.20827623750000002 0.789724165625 0.212593428125 0.7869558296875 0.21372057187500001 0.7747882484375 0.2126855734375 0.7642078984375 0.202009565625 0.764427790625 0.1934389859375 0.7663093984375 0.19412662187500002 0.7793211375 0.20131485468750002 0.7867589609375
0 0.19687004531250002 0.744432234375 0.20268301093750002 0.7433149734375 0.2058092515625 0.73890088125 0.2068442390625 0.7320128375 0.19772780625 0.73022874375 0.1955656671875 0.7318159703125 0.1918439515625 0.735407184375 0.1901851328125 0.743096821875 0.19687004531250002 0.744432234375
0 0.1855134734375 0.6962974765625 0.1806220765625 0.6970245796875 0.1763899578125 0.7123878953125 0.1872077515625 0.7215140390625 0.194842584375 0.720834821875 0.20195283437499997 0.7152715484375001 0.205171228125 0.705577921875 0.20103125937500002 0.6981933078125 0.1891713875 0.6963613265624999 0.1855134734375 0.6962974765625
0 0.1720018734375 0.7017490140625 0.1764112171875 0.6937011453124999 0.16724515625 0.6772914812499999 0.16455134062500001 0.674400765625 0.159355115625 0.67512255 0.1484451765625 0.6887443359375001 0.1449574 0.6964020515625 0.1480907359375 0.7090502375 0.1593125953125 0.71249605 0.166082575 0.70895804375 0.1720018734375 0.7017490140625
0 0.13503276875 0.566231453125 0.1316158796875 0.5698279875 0.12901422812500002 0.5791261343749999 0.1279863265625 0.5856080625 0.1304958328125 0.59905784375 0.14758737187499998 0.5981374515625 0.14958645937499998 0.5884225437499999 0.151862021875 0.5803374296875 0.15174859375 0.569366921875 0.150642709375 0.5628477515625 0.14819701093749998 0.563211303125 0.1411789171875 0.5634950421875 0.13503276875 0.566231453125
0 0.1509050234375 0.6176949656249999 0.1487995953125 0.6160332484375 0.1411789390625 0.6159002296875 0.140831578125 0.6183316171875 0.140094328125 0.6256311 0.1433623515625 0.6305630453125 0.1503520890625 0.6319037765625 0.15289703125 0.6258545718749999 0.152088884375 0.6197468390624999 0.1509050234375 0.6176949656249999
0 0.1770421 0.605151453125 0.1753478296875 0.5974032874999999 0.168981921875 0.5952609625 0.1630697125 0.602063871875 0.1615668546875 0.618287309375 0.16136836875 0.629658615625 0.1643953640625 0.6309301781250001 0.1704706234375 0.6322549468750001 0.175489621875 0.62421771875 0.1759220453125 0.6169129140625 0.1770421 0.605151453125
0 0.1229016390625 0.547321559375 0.1298527546875 0.5456372265625 0.137410828125 0.5436625453125 0.143163784375 0.5416563531249999 0.1491493265625 0.543566496875 0.15187275312499998 0.5427112015625 0.1549180375 0.540657746875 0.1598104484375 0.5362289828125 0.16112938906250002 0.5296312328125 0.15910219375 0.5250816859375 0.15370785468749998 0.52378375 0.14950117031250001 0.523409378125 0.148049421875 0.520374596875 0.1444969578125 0.517002203125 0.13998942187500002 0.5166225796874999 0.1369651421875 0.5174726234375 0.13484342031250002 0.51833841875 0.12790280781250002 0.519421046875 0.1242190578125 0.5235699656249999 0.121126509375 0.5283310921875 0.1198548328125 0.53222116875 0.119427946875 0.539436378125 0.1196657828125 0.543051859375 0.1205105734375 0.546376990625 0.1229016390625 0.547321559375
0 0.23918955468749997 0.971275090625 0.2424359140625 0.9749430859375 0.24783550625 0.97594016875 0.2526491453125 0.976024190625 0.256560228125 0.976092459375 0.26052382500000004 0.973152203125 0.2615366625 0.966850053125 0.2604645359375 0.9593077359375 0.25874344531250004 0.9544625874999999 0.2558031859375 0.950498990625 0.251010553125 0.9492115578125 0.24831863437499999 0.9482617375 0.244122453125 0.9472856625 0.24044395624999998 0.9511337281250001 0.239177528125 0.9547229515625 0.2376049984375 0.9586077765625 0.2368405 0.9679237015625001 0.23918955468749997 0.971275090625
0 0.8531508609375 0.916794271875 0.847712834375 0.9143832171874999 0.8407435328125 0.9212099671875 0.843989728125 0.9314576171875 0.8508054484375001 0.9334294921874999 0.8576939187500001 0.9312335984375 0.854439640625 0.921449034375 0.8531508609375 0.916794271875
0 0.8921711968749999 1 0.8950245390625 0.9902517718749999 0.897901175 0.9824271296875 0.8974669484375 0.9680595234375 0.8957035265625001 0.9513525796875 0.8862051671875 0.946091290625 0.8752401984375 0.9463631250000001 0.8682466468750001 0.95457913125 0.8680284 0.9670824437500001 0.8726846234375 0.975038571875 0.8739087375000001 0.9833980203125 0.8689776859375 0.991186803125 0.8647961046875 0.9952828531250001 0.8656208578125 1 0.8921711968749999 1
0 0.864334075 0.9040191265624999 0.8703033296875 0.9152407625000001 0.8770058859375001 0.9236958375000001 0.889421296875 0.918817053125 0.9019498734375 0.9074550734375 0.9048345921875001 0.8991673453125 0.9132705031249999 0.886807475 0.9224073859375 0.873533384375 0.9054974140625 0.8611943265625 0.8912943296875 0.8507554234375 0.8880400500000001 0.8409708578125 0.882642440625 0.8362443765625001 0.8662717750000001 0.8322528109375 0.8506101656249999 0.8268839437500001 0.84158645 0.8336748343749999 0.8425923171875 0.8545375937499999 0.8506402359375 0.8644058296875 0.8572377109374999 0.8788810187499999 0.8603869078124999 0.8946856953125 0.864334075 0.9040191265624999
0 0.9062986296875 0.658315015625 0.9051795984375 0.6439354546875 0.902537375 0.6383306140625 0.8895664875 0.6357880734375 0.8765471015624999 0.6360240453125 0.8675072187499999 0.6437411078124999 0.8685939171875001 0.659973009375 0.8753045578125 0.6679649999999999 0.8910065812499999 0.6710184390625 0.9013190796874999 0.6688823125 0.9062986296875 0.658315015625