0 0.098855078125 0.4849348390625 0.1030253828125 0.43714836718749994 0.10531406562500001 0.41785066875 0.10916067812500001 0.394299828125 0.102154071875 0.3701579921875 0.0914365390625 0.3726306890625 0.078158959375 0.3882737046875 0.0781720375 0.38068294687500004 0.0746752765625 0.3648166546875 0.05832106875 0.36619369375 0.0478356625 0.39756604218749997 0.05145502656249999 0.4240867890625 0.06440892031249999 0.43267940468750005 0.077931709375 0.438345284375 0.0822949 0.442230728125 0.08141539375 0.461802334375 0.0882863109375 0.4828804796875 0.098855078125 0.4849348390625
0 0.2949699109375 0.46534664687499994 0.3082344125 0.4572943890625 0.310361246875 0.4501145046875 0.30182286875000003 0.41504430625 0.28926295 0.423233521875 0.2849962015625 0.44518404062499994 0.29089116718749997 0.45999784374999997 0.2949699109375 0.46534664687499994
0 0.34498233125 0.482661375 0.3584086796875 0.46249130312500003 0.35603663750000003 0.4483622859375 0.339275371875 0.4405482515625 0.3295468734375 0.4416945390625 0.324698146875 0.474162546875 0.34216399218750004 0.48211354687499997 0.34498233125 0.482661375
0 0.37992710937499996 0.4909726109375 0.3849948859375 0.494995003125 0.395861184375 0.487995240625 0.405751528125 0.47473113749999996 0.412836615625 0.45332845 0.41340551562499994 0.450401715625 0.40369009843750003 0.44395724843749995 0.3867539078125 0.4558517765625 0.37992710937499996 0.4909726109375
0 0.49268679843749996 0.4977042765625 0.49734751875 0.49253559375 0.5024545375 0.4737857265625 0.504743215625 0.45448802656250004 0.49785921875000005 0.4410006390625 0.49096213593750004 0.4351040078125 0.4827915703125 0.4319971515625 0.47235848750000003 0.4330064828125 0.46389039218750006 0.43895375156250005 0.4572254421875 0.4619567640625 0.4564816140625 0.4845920671875 0.45828475781250005 0.5016478140625 0.466577925 0.515409121875 0.48294521718750005 0.506441321875 0.49268679843749996 0.4977042765625
0 0.566610971875 0.46347658437500006 0.5498627875000001 0.4480717921875 0.53674705 0.45159698437499995 0.5268828671875 0.44967958125 0.5178589546875 0.450962834375 0.5109095499999999 0.4754292140625 0.5086208734375 0.4947269125 0.5163451421875 0.5114149484375 0.5276054125 0.5211970234375001 0.5421303203125001 0.5179457390625 0.5551103703125 0.5113568546875 0.563307096875 0.49928219843750005 0.565433928125 0.49210231875000005 0.566610971875 0.46347658437500006
0 0 0.4179562953125 0.003123628125 0.42178700156250004 0.0158113359375 0.4247840515625 0.020599176562499998 0.4219990375 0.0257703359375 0.41451123125 0.032432834375000004 0.39935114843749997 0.0350178234375 0.38605253125 0.034832168749999996 0.370622925 0.026832878124999997 0.3653523421875 0.01589284375 0.3642874359375 0.0091872296875 0.371476975 0.00420054375 0.375284959375 0 0.3666227046875 0 0.4179562953125
0 0.7579574609375 0.135532778125 0.7398955140625 0.122512703125 0.7277194203125 0.12230708906250001 0.702719553125 0.1252278515625 0.6893725703125 0.12565911093749998 0.6617630796875 0.127640378125 0.6395532859374999 0.12159428750000001 0.6219585640624999 0.1151485703125 0.6075901265625 0.11365233593749999 0.5922002359375 0.11022860781249999 0.5807527718750001 0.1062745046875 0.5796875 0.10547160625 0.5796875 0.1678771515625 0.582628521875 0.168448828125 0.6032376609375001 0.173751546875 0.6340984078125 0.1801825046875 0.647482846875 0.1849453546875 0.6696676703125 0.1875287046875 0.6952282078125 0.1924971703125 0.7115336234375 0.19480215 0.7217477703124999 0.190736278125 0.7302428437499999 0.1811494234375 0.7376914890624999 0.166172334375 0.7394975640625 0.16047209843750002 0.7462800078125 0.15790035 0.756388221875 0.150788234375 0.7579574609375 0.135532778125
0 0.7955517249999999 0.15186695 0.7871735656250001 0.1534653828125 0.7800370203125 0.1549017875 0.7754701749999999 0.1576444390625 0.7700722484375 0.16466264375 0.7690145046875 0.1701042578125 0.7671256796875 0.179821425 0.7712291796875 0.1919135046875 0.777156878125 0.19669608593750001 0.792768978125 0.19731053437499999 0.805001240625 0.190410671875 0.813033503125 0.1822910390625 0.8169522375 0.1745819359375 0.81531011875 0.1581278296875 0.8099977656249999 0.152254740625 0.8040054375000001 0.1498798296875 0.7955517249999999 0.15186695
0 0.8149950328125 0.1985521234375 0.809874171875 0.2037286875 0.8085896953124999 0.21033674375000003 0.817859540625 0.215567484375 0.82342145 0.21870593125 0.8250185218749999 0.221073690625 0.832838309375 0.22670834218749997 0.8411533203125 0.2262672953125 0.8523870140625001 0.22845090468749998 0.86217065 0.231038425 0.8740465828125 0.22991800625 0.8876480375 0.230504540625 0.8959816140625 0.23349597187499999 0.908280025 0.23725808593750003 0.922560853125 0.24140554375 0.9311327578125 0.23964288906250003 0.93410561875 0.2278768359375 0.9373353765625 0.214789171875 0.9527908015625 0.2164218546875 0.9622989734375 0.216898509375 0.9638589124999999 0.21240131875 0.956001990625 0.199901715625 0.9423448328124999 0.189017753125 0.9339926875 0.18259384843749998 0.9167931749999999 0.1758217359375 0.9034486171875 0.1739135890625 0.8912972218749999 0.17292314375 0.8873323875000001 0.172152459375 0.8937748609374999 0.1672327890625 0.8970603203125 0.1644425515625 0.8958485890624999 0.160092375 0.8756019437499999 0.1513564140625 0.85935726875 0.1502560875 0.8452420234375 0.152312775 0.8369270140625 0.152753821875 0.827969765625 0.15649889374999998 0.8239136203124999 0.163253965625 0.8214545484375 0.1723767953125 0.8185188218749999 0.1910078 0.8149950328125 0.1985521234375
0 0.079141434375 0.8180855890625001 0.08044410468749999 0.809846853125 0.077705834375 0.8024148765625 0.0770409546875 0.8012241437500001 0.0733873265625 0.80157544375 0.064708984375 0.8062575078125 0.06139100937500001 0.8141045078125 0.0591252265625 0.8226867828125 0.0582202 0.8288798249999999 0.058675929687499996 0.8326836375 0.0624663890625 0.8408508843750001 0.0660890234375 0.8452702828125 0.07081550625000001 0.8424737890625 0.0754839046875 0.8338277906249999 0.077838765625 0.8263243250000001 0.079141434375 0.8180855890625001
0 0.0957905390625 0.858474128125 0.10328628437500001 0.8583389140625 0.10558948906250001 0.8587866125 0.1094045171875 0.8483824921875 0.1104089546875 0.8416780265625 0.1097854 0.8341263640625 0.1069373875 0.82879604375 0.1051248078125 0.8119905609375 0.104490921875 0.8060291296875001 0.0976497234375 0.8089453109375 0.09162057031250001 0.819980540625 0.0888887296875 0.8263492328125001 0.0875860609375 0.8345879703125 0.088021125 0.8415722484374999 0.0897072046875 0.8482689515624999 0.09282245312500001 0.856835696875 0.0957905390625 0.858474128125
0 0.114155565625 0.827014634375 0.11515610000000001 0.83570106875 0.1157899875 0.8416625 0.11727724375 0.8493820484375 0.1220308171875 0.8572057578125 0.1255540421875 0.8621365796875 0.1268838015625 0.864518046875 0.12860087343749999 0.8664440515624999 0.131898184375 0.8617775140624999 0.134263378125 0.8526838187499999 0.13343066875 0.8477452359375001 0.1312888640625 0.8372447187500001 0.13082280625 0.8350311390625 0.13076471875 0.8291816328125 0.13148125625 0.8224212046874999 0.12968543593749998 0.8178261578124999 0.1269161734375 0.8151648796875 0.1242359875 0.8135824109375 0.1200065578125 0.8138217859375001 0.116123115625 0.81996663125 0.114155565625 0.827014634375
0 0.204810728125 0.8202218562500001 0.2001629953125 0.825687390625 0.1961013921875 0.8296746171875 0.1902026453125 0.8354277265625001 0.1807083546875 0.8473816421875 0.17991307031249998 0.8514730296874999 0.17851098906250001 0.8602231890625 0.178856975 0.8661286578125 0.18198255624999998 0.873105171875 0.1843438453125 0.8794023765625001 0.18775732812499998 0.8864348515625 0.1942693 0.8898236374999999 0.1995405890625 0.8919097671875 0.20304705312500002 0.8846301515624999 0.2058886359375 0.8761598015625 0.205296075 0.8638374421874999 0.20571438125000002 0.8586112828125 0.21018395625 0.85098813125 0.215993625 0.8441562125000001 0.218039921875 0.8397772515625 0.2193322609375 0.833128746875 0.21831106406249998 0.8276227765625 0.216604321875 0.8241065390625 0.2137356484375 0.8219566859375 0.211076125 0.8171937515625001 0.204810728125 0.8202218562500001
0 0.2241193546875 0.86537333125 0.22168574687499998 0.870207753125 0.2213461890625 0.8781029515625001 0.222267975 0.8841203453125001 0.2233679203125 0.8922953578125 0.22679173437500003 0.8977375999999999 0.23052411093749997 0.900055340625 0.23547007656250002 0.8930555359374999 0.23869897187500003 0.8841297265625 0.2379863359375 0.8754992546875 0.23551530625 0.8713037046875 0.2298773671875 0.866492575 0.2241193546875 0.86537333125
0 0 0.841515075 0.0067911515625 0.833963134375 0.00965214375 0.83169564375 0.017901040625 0.834912559375 0.019941870312500002 0.8389396124999999 0.0227709953125 0.84513675625 0.0289253515625 0.848753278125 0.034680100000000005 0.8502752593749999 0.0415035109375 0.8483746156249999 0.0447095046875 0.8381067328125 0.04659833125 0.8283895640625 0.046867778124999995 0.82077785625 0.0484653140625 0.814634421875 0.0539606375 0.8112655046875 0.058181584375 0.8020016546875001 0.061506815625 0.79942103125 0.06544739375 0.7957499015625 0.06974389375 0.786097365625 0.0679297234375 0.780904253125 0.058514765625 0.7774606796875 0.052004487499999995 0.7798255640625 0.0418995296875 0.792382778125 0.0407553125 0.7961940937499999 0.033456739062500004 0.7963888859375 0.0232534875 0.7907752203125 0.02074841875 0.7870613015625 0.014216296875000001 0.7853882125 0.0080191515625 0.7882173375 0.0060220078125 0.79226623125 0.0006350015625 0.8013034234375 0 0.802850953125 0 0.841515075
0 0.17231895 0.8714200062499999 0.17056791875 0.8667190453125 0.16709208749999999 0.8621673296875001 0.1651267578125 0.852337353125 0.16400441875 0.84315575 0.16513879843749998 0.8373198703125 0.1666946734375 0.8318081749999999 0.1679066859375 0.8230803234374999 0.1612469546875 0.8162139312500001 0.1549961390625 0.81596791875 0.1517608421875 0.821395421875 0.1477929828125 0.829345334375 0.1462371078125 0.8348570296875 0.1455111046875 0.8385919921875 0.14578389375 0.8459126749999999 0.145952815625 0.8512751250000001 0.146445921875 0.8562160796875 0.147548584375 0.86176003125 0.14925424375000002 0.866694425 0.151426771875 0.871719571875 0.15274975156249998 0.8748837953124999 0.1566924515625 0.8795262625 0.16202264375 0.8820158796875001 0.171133175 0.8849980640625 0.17338935625000002 0.87962249375 0.17231895 0.8714200062499999
0 0.6039680484375001 0.609375 0.604973265625 0.61177921875 0.6098397390625 0.6197173359375 0.6242281281250001 0.6356244734375001 0.6342168546875 0.6262038078125001 0.6434100578125 0.6148804671875 0.643263121875 0.609375 0.6039680484375001 0.609375