0 0.6802753906250001 0.339339465625 0.69025190625 0.2908210296875 0.6871763359374999 0.256130175 0.673961784375 0.23992431406249998 0.6561199625 0.2419110984375 0.6446447578125001 0.2560451984375 0.6370114140625 0.3009279375 0.6492633265625 0.33331133125 0.6619817890624999 0.3548756421875 0.6802753906250001 0.339339465625
0 0.793213140625 0.502484953125 0.810401175 0.4666442703125 0.8128892499999999 0.4415746203125 0.80969193125 0.42647292812500004 0.7996924421875 0.4270845515625 0.7889229234374999 0.43691603749999997 0.7803289046875 0.4548363796875 0.7759567374999999 0.4650596078125 0.7709371843749999 0.47686054375 0.765138378125 0.496175996875 0.7639358546875 0.516384875 0.7751259265625 0.5236706625 0.7872178921875 0.515799790625 0.793213140625 0.502484953125
0 0.7345939953125 0.5183473796875 0.736087925 0.4913809359375 0.7331912390624999 0.47122702812500006 0.7264194578125001 0.462244740625 0.7180430453125 0.45976475624999996 0.70810813125 0.47231379687499997 0.7027879453125 0.48916695624999995 0.700618953125 0.5125950796875001 0.709857640625 0.5229086578125 0.7196883656249999 0.5214124515624999 0.7345939953125 0.5183473796875
0 0.7268807015625 0.5475120078125 0.723391978125 0.5391678843750001 0.7163564640625 0.542059203125 0.7066945046875001 0.5444399859375 0.6989931546875 0.5454983234374999 0.6961122015625001 0.558566740625 0.69441260625 0.577827221875 0.70086530625 0.5884510374999999 0.7160438921875001 0.5752177125 0.7223858937500001 0.56537738125 0.7269083765625 0.5526280453125 0.7268807015625 0.5475120078125
0 0.85018153125 0.4845980984375 0.8333429671875001 0.49410165624999997 0.8255097515625 0.5010967921875 0.8153599453125 0.504234528125 0.807112684375 0.5256293796875 0.803949546875 0.5471607046875 0.8114148406249999 0.56309200625 0.82826263125 0.55529379375 0.8380564546875 0.546976209375 0.8464236421875 0.547750846875 0.8535910203125001 0.53892273125 0.8601967531250001 0.5172088015625 0.854710521875 0.50336574375 0.8528633250000001 0.495340703125 0.85018153125 0.4845980984375
0 0.71077465625 0.641940671875 0.7144405234375 0.637685453125 0.7190445609375 0.630064175 0.7206473625 0.623278884375 0.71720123125 0.6176412328125 0.71377815625 0.616266171875 0.710690109375 0.6263111828125 0.709087309375 0.633096471875 0.71077465625 0.641940671875
0 0.691108365625 0.6686343609375001 0.6945236828125 0.6660754343749999 0.696223234375 0.6617173984375 0.6955291875 0.6547629984375 0.692891471875 0.65254540625 0.6906852296875 0.6542476453125 0.6894739015625 0.6578481515625 0.6890041421875 0.66201901875 0.6888490921875 0.663693753125 0.690763703125 0.668754315625 0.691108365625 0.6686343609375001
0 0.7679688437500001 0.6522213359375 0.7703103078125 0.6603483984375 0.7741026 0.66364285 0.7782525078125 0.6572038046875 0.780276003125 0.6520562984375 0.7796617859375 0.6446912015625 0.7770992890625 0.6412095765625 0.772912453125 0.6408219546875 0.76950873125 0.648684696875 0.7679688437500001 0.6522213359375
0 0.8249972546875 0.7014250109375 0.828999675 0.6943319812500001 0.8312158140625 0.683830778125 0.8342651984374999 0.6717424265624999 0.8329561328124999 0.6631796671875 0.8313005078125 0.6528004265625 0.8246312031249999 0.64931765 0.817604471875 0.6575719328125 0.8118820734375 0.67351349375 0.8135519046875 0.6865191703125 0.8158092703125 0.699201771875 0.819550375 0.7060508734375001 0.8249972546875 0.7014250109375
0 0.8295228546875 0.713236675 0.8238790171874999 0.7125769046875 0.8194433999999999 0.7173993375000001 0.8165043328125 0.734319203125 0.8200816296875001 0.7420110249999999 0.8238904328125001 0.7458123343749999 0.8262310984375001 0.7427690796875 0.8286347234375 0.7358025546875 0.8302633296874999 0.7256244234375 0.8302491218749999 0.7229979906249999 0.8295228546875 0.713236675
0 0.7181627109375001 0.8092185265625 0.7228331734375 0.8166855578125001 0.7330811703125 0.8125556625 0.7403015203125001 0.7934070375 0.738549784375 0.7808227203125 0.73181278125 0.7803877406249999 0.7274353890625 0.78041141875 0.7248442765625 0.78384326875 0.722382428125 0.7956085468749999 0.7202387203125 0.8039374328125 0.7181627109375001 0.8092185265625
0 0.6985183515625 0.7726041203125 0.70959151875 0.74983161875 0.7099442078125 0.737219084375 0.7034434453125 0.73376906875 0.696474940625 0.7372245953125 0.6923371281249999 0.7504132171875 0.6923215265625 0.7630912765625 0.6947190187500001 0.7705537671875 0.6985183515625 0.7726041203125
0 0.772405278125 0.8145148656250001 0.764803828125 0.8410231546875 0.7611527031249999 0.8508081437499999 0.7646623031249999 0.861547759375 0.77033455625 0.86746040625 0.77994153125 0.8693278125000001 0.7871320703125 0.8602308109375001 0.79472265625 0.8472760625 0.7956439359374999 0.8308385359375 0.7926304921875 0.8184462484375 0.79139859375 0.8085866546875 0.787802353125 0.7973929156249999 0.7823223234375 0.7958904265625 0.772405278125 0.8145148656250001
0 0.7395467296875 0.13045376875 0.7338125437499999 0.131705878125 0.7301108765625 0.13808652187499998 0.7275397640625 0.15131375 0.7315996828125 0.1606231296875 0.7368495625 0.15407008125 0.739915234375 0.148039159375 0.7395467296875 0.13045376875
0 0.7144631296874999 0.41242502812500004 0.708718690625 0.41178176874999994 0.7048192015625 0.4152838859375 0.7047034 0.42756834843749997 0.7072986343750001 0.435646328125 0.7137574734375 0.43358838281249995 0.7171777828125 0.4257330171875 0.7144631296874999 0.41242502812500004
0 0.691217884375 0.4277870984375 0.6877037890625 0.43515088906250005 0.6858419484375 0.44472922812500004 0.6874363031249999 0.45308600156249995 0.6921696078124999 0.45211268281250006 0.697226790625 0.4436288015625 0.6978217703125 0.4356975921875 0.6973374640625 0.43039665625 0.6937567265625 0.42544053125000003 0.6905716390625 0.42624144375000006 0.691217884375 0.4277870984375
0 0.753051403125 0.38310491562500004 0.7606162375000001 0.377729428125 0.7681634171875 0.3690905390625 0.773799346875 0.35519018125 0.780762403125 0.354587678125 0.788555275 0.36816435625 0.79891268125 0.3685476453125 0.808850765625 0.3610254953125 0.8093907578125 0.3448305984375 0.80319500625 0.3364543296875 0.798456603125 0.33064331875 0.79479080625 0.31428289375 0.7911514890625 0.302817575 0.7893358796875 0.2920327453125 0.7784017265625 0.2778454640625 0.7741260515625 0.2763623625 0.7780162609375 0.2529947515625 0.765808665625 0.24703586406250003 0.7393520031249999 0.2405892234375 0.726001915625 0.24386217812500002 0.7144769859375 0.2712877046875 0.712994609375 0.28729941875 0.715386240625 0.3001521984375 0.7314413625 0.2980570421875 0.7421298265625 0.29002875625 0.7534649234375 0.2971220328125 0.7504119046875 0.312828446875 0.7403082921874999 0.32455638750000004 0.7360156890625 0.331545921875 0.7309815359375 0.3406732953125 0.72888855625 0.3598262921875 0.7310182921874999 0.37067218125 0.7363327187500001 0.37855114375 0.753051403125 0.38310491562500004