0 0.054203859374999996 0.7722415453125 0.059127917187500004 0.769798390625 0.061364826562499995 0.7607283890625001 0.059856465625 0.7499958453125 0.049587521875 0.7435589921875 0.032067865625000004 0.7438323125 0.0249378234375 0.7514010921875001 0.0245139703125 0.7567140343750001 0.024633128125 0.7658906937500001 0.030310609375000002 0.7729728359375 0.044447003125 0.7736127828125 0.054203859374999996 0.7722415453125
0 0.12521539843750001 0.79027951875 0.12337444374999999 0.78134484375 0.1121386359375 0.7763572171875001 0.1044965078125 0.7761179031250001 0.09606851875 0.778615725 0.09495006406249999 0.7831507234374999 0.0951604796875 0.7888123078125 0.09727369531249999 0.7955198125 0.10286143125 0.7977989765625 0.1140678265625 0.7984129265625 0.12521539843750001 0.79027951875
0 0.1723027640625 0.8129931593749999 0.18175643749999998 0.81779346875 0.1971922875 0.815186321875 0.20827952500000002 0.8066236124999999 0.1966523 0.794686496875 0.185597496875 0.790986771875 0.1761423125 0.7945045187499999 0.1704618078125 0.804058484375 0.1723027640625 0.8129931593749999
0 0.223226653125 0.83385426875 0.22842146093750001 0.8375019968749999 0.24204425624999998 0.8386519078125 0.2565441671875 0.8335496093750001 0.26249693281250003 0.8217684734375 0.2524399140625 0.812675146875 0.23652138906250003 0.8118478828125 0.22582708125 0.8190420234375001 0.223226653125 0.83385426875
0 0.1282680765625 0.41079645 0.1321652796875 0.412321934375 0.138560471875 0.41290400624999996 0.142008678125 0.41123470781250004 0.1437458359375 0.40862119375 0.1407172109375 0.4057889515625 0.1348787609375 0.40542480625 0.128932565625 0.40803752031249996 0.1282680765625 0.41079645
0 0.1208553984375 0.32061742656250003 0.1126414125 0.3220679984375 0.10650583437500001 0.3270766984375 0.1055964390625 0.3280930203125 0.10711810468750001 0.3314332203125 0.114370475 0.3381144234375 0.12287018593750001 0.33869689687500004 0.13172255156249998 0.3380451203125 0.13787283749999998 0.3368845828125 0.1413210421875 0.3352152828125 0.14780927187499998 0.32897233593749997 0.15080848125 0.324108253125 0.14662555156249998 0.320549725 0.13693071875 0.31895052968750004 0.12906938437499998 0.3191668546875 0.1208553984375 0.32061742656250003
0 0.1536230953125 0.2917261671875 0.1510548703125 0.284682821875 0.150728328125 0.28235934375 0.13964898750000002 0.28213941249999996 0.13298277812499998 0.283372459375 0.12604555 0.286420621875 0.1219328546875 0.29084885312500003 0.10663307656250001 0.2980340125 0.10120280625 0.30057421562500003 0.10618738593749999 0.306093278125 0.1185843 0.30820123593750004 0.12549541875 0.3087107984375 0.1337094046875 0.3072602265625 0.1401715265625 0.30457500625 0.14595445 0.3008005546875 0.153040240625 0.29506596875 0.1536230953125 0.2917261671875
0 0.11789849062499999 0.284603903125 0.12578593437500002 0.28082985312500003 0.1312162046875 0.27828964843750004 0.138030978125 0.27437018125 0.143880828125 0.2673284375 0.14739596093750001 0.2623918453125 0.14921475625 0.2603592015625 0.1504768046875 0.2581086328125 0.14499100781250002 0.256510240625 0.13562271875 0.25723452343750003 0.13122430000000002 0.2596297109375 0.12199316874999999 0.2650734609375 0.120051921875 0.26623479843750003 0.1145400171875 0.268194134375 0.1079146234375 0.26971761562499996 0.104154584375 0.272911596875 0.1025398796875 0.27639641406250004 0.10191620937500001 0.2794457796875 0.1035195109375 0.28336685156249997 0.1105939015625 0.285038153125 0.11789849062499999 0.284603903125
0 0.081961359375 0.20109927343749998 0.088642278125 0.2037143890625 0.09373460156249999 0.2062565953125 0.1010947171875 0.20996094062499998 0.11548840468749999 0.2150461546875 0.119615809375 0.2144660859375 0.12834571875 0.21294300625 0.1338168078125 0.2106932375 0.1393956421875 0.2054666109375 0.1445810046875 0.2011838 0.15011901875 0.1956667390625 0.1512030890625 0.1884062671875 0.1514594 0.1827429875 0.14343479374999998 0.1817975734375 0.1345007921875 0.1818684796875 0.1230426921875 0.186440525 0.117965075 0.1877464796875 0.1093020921875 0.18600226875 0.1009509421875 0.1827333734375 0.09614434375 0.1822242125 0.089437315625 0.1831668234375 0.0845637875 0.185924953125 0.0817947796875 0.188683484375 0.0806960015625 0.1920957921875 0.077058415625 0.19616107968750002 0.081961359375 0.20109927343749998
0 0.1183666421875 0.1681427265625 0.123729984375 0.168869815625 0.131305590625 0.16662044843749999 0.13669504375 0.163789809375 0.1440665625 0.16008826874999998 0.14809761875 0.1550791671875 0.1490739421875 0.15079555312499998 0.1408452484375 0.1483979640625 0.1313545046875 0.14825094375 0.12342624375 0.151734559375 0.12026376406249999 0.155436903125 0.11755028281249999 0.1623340296875 0.1183666421875 0.1681427265625
0 0.166552875 0.4004482140625 0.170198421875 0.3979366015625 0.1721780359375 0.3892614703125 0.1594228609375 0.383856740625 0.156347459375 0.3818898421875 0.1567035328125 0.37304303125 0.1598467578125 0.36980230937499997 0.1647851984375 0.365109725 0.1662010265625 0.35811324375 0.165766525 0.3521765125 0.1617479453125 0.346343640625 0.1509957015625 0.346655209375 0.141192996875 0.348032890625 0.1339082625 0.350256253125 0.127579425 0.350745859375 0.1226049484375 0.346646740625 0.1124716 0.345671771875 0.10894898281250001 0.343367871875 0.1041949359375 0.3408371859375 0.0936694796875 0.33991732343750003 0.08934993125 0.3433233671875 0.089159178125 0.3533465015625 0.093514759375 0.358732159375 0.10867769218750001 0.36419835625 0.11265388125 0.3640393921875 0.11521424531249999 0.37087691093749997 0.1132282734375 0.3823519046875 0.110532265625 0.385929628125 0.11107697812499999 0.392650575 0.11576956249999999 0.39758901875 0.12024807343749999 0.3981591640625 0.13054674375 0.40031045625 0.1365936890625 0.4006601734375 0.13894633750000002 0.40032952968749996 0.147290825 0.3999564953125 0.15293930312499998 0.4031611828125 0.1601074640625 0.40295346875 0.166552875 0.4004482140625
0 0.1409484484375 0.21515236718750003 0.13707368281250001 0.21833848437499997 0.1339015703125 0.223106840625 0.1252469953125 0.2281654234375 0.116931015625 0.23221585312499998 0.111043765625 0.23304325312500002 0.10532581249999999 0.2333665765625 0.09667887343750001 0.23506210625 0.09235476875000001 0.24359448437500003 0.094157225 0.249584840625 0.10034233906250001 0.2508768515625 0.1091509390625 0.2520402984375 0.11486889375 0.251716975 0.1186367328125 0.2511874390625 0.1254697625 0.2485461296875 0.1304850625 0.24664056875 0.13499628749999998 0.24456571093749999 0.13987920468749998 0.24171818906250003 0.1439894578125 0.23849897343749998 0.14803352187500002 0.23480877968749997 0.150594634375 0.232527709375 0.1537005546875 0.22728837343750002 0.15431919375 0.22143803750000002 0.1541728046875 0.21185295625 0.14835556249999998 0.21146980937499998 0.1409484484375 0.21515236718750003
0 0.6692428328125 0.4955965671875 0.6838950671874999 0.48102874375000004 0.6931172812499999 0.46347148125000004 0.6944064921875001 0.4609375 0.6253477734375 0.4609375 0.6233031015625 0.4657780734375 0.6229584265625 0.47520795624999995 0.6318792156249999 0.48521194687499997 0.6532545125 0.4947164296875 0.6692428328125 0.4955965671875
0 0.673940453125 0.5230806734375 0.6749315453125 0.5123090875 0.6686395703125 0.5031865 0.6461869859375 0.5038402890625 0.6352840078125 0.5153794671874999 0.6424809890625001 0.5250002968749999 0.6589002890625 0.5289470109375001 0.673940453125 0.5230806734375
0 0.6260119265624999 0.6135903921875 0.6436884093749999 0.6125889828125 0.6532588140625 0.6008639484375 0.6508405328125 0.588352384375 0.6603087953125 0.580595990625 0.66436166875 0.567174965625 0.6646680890625001 0.5552690375 0.6660303609375 0.5461804375 0.660819334375 0.5419699421875 0.6387152640625 0.549030753125 0.6335724453125 0.5546963890625001 0.6330276359375 0.5696015296875 0.6318015296875 0.5702681328125 0.6170542 0.5827207375000001 0.6077562859375 0.596384621875 0.6080628781249999 0.603261534375 0.6082672437500001 0.604715671875 0.61283115 0.6090171125 0.61402324375 0.6128038640625 0.6260119265624999 0.6135903921875
0 0.5271069171875 0.7925820578125 0.5318752734375 0.8077290578125 0.5447495453125 0.8148168421875001 0.5595310578125 0.816693721875 0.5764582046875 0.81036048125 0.5890258 0.8011799312500001 0.5988345890625 0.7864556765625 0.6044881953125001 0.7703382546875 0.6161702124999999 0.7548564484375 0.6101757421875 0.7403760578125 0.5972333484375 0.7328035625 0.5911368234375 0.7316832265625 0.5915795734375 0.7301381484375 0.57386906875 0.7355929125 0.558678909375 0.740199175 0.5449873421875 0.746077690625 0.5332031046875 0.7561367140625 0.5280262687499999 0.7662557015625 0.5267321171875 0.7758290140625 0.5271069171875 0.7925820578125
0 0.5873900390625 0.695632653125 0.588411865625 0.70290333125 0.602171721875 0.7162923703125 0.6209039640625 0.708716865625 0.6337439671875 0.6920837484375 0.6331648890625 0.6832679859375 0.6296567375000001 0.6723924515624999 0.6292819453125 0.655639403125 0.6330964296875 0.6452175953125 0.6380007812499999 0.6331597625 0.63885218125 0.6251315281250001 0.6354121515625 0.61474070625 0.6286685109375 0.61371131875 0.61896178125 0.6150755109375 0.6079267984375 0.62107495 0.5918512234375 0.6381627984375 0.5891947234375 0.6474332921875 0.59365649375 0.655703378125 0.5943718109375 0.6654885625 0.58899069375 0.6835448328125 0.5873900390625 0.695632653125
0 0.5306695203125 0.8911614453125001 0.5449005031249999 0.8907665687499999 0.5591683140625 0.8855510390625 0.5688644921875 0.87830274375 0.5691961890624999 0.8654148421875 0.563555365625 0.8608570703125 0.5564398296874999 0.8559715062500001 0.5530111296875 0.8569884312499999 0.5342086046875 0.8655165468750001 0.53074308125 0.8713541265625 0.52937901875 0.87689636875 0.5306695203125 0.8911614453125001
0 0.5612331328125 0.9104083609375 0.5543756453124999 0.9022762078125 0.544089540625 0.9053269875 0.5394810875 0.9081148765625 0.5385962906249999 0.9119846031250001 0.5441633718750001 0.9160176796874999 0.5497672796875 0.9152301015625 0.55537118125 0.9144425249999999 0.5601271203125 0.912704015625 0.5612331328125 0.9104083609375
0 0.5443265312500001 1 0.54545441875 0.9912787796875 0.5443483125 0.98340843125 0.5399978109375 0.9727837296875 0.539629021875 0.9599942765625 0.5388177859375001 0.94405668125 0.52410744375 0.93595806875 0.5034245875 0.9361895875 0.49118459531249997 0.950751090625 0.4918484375 0.975805309375 0.49350755 0.9825278296875 0.4939869078125 0.99102131875 0.4883293125 1 0.5443265312500001 1