0 0.6756708234375 0.033838164062499995 0.6640519421875 0.0315475453125 0.6506998078125 0.0287270171875 0.6451320640625 0.0314404921875 0.63919633125 0.0384571640625 0.631688478125 0.04751645 0.6276623703124999 0.05448613906250001 0.6307456421875 0.0629985671875 0.6397341609375 0.0707931515625 0.6520128109375001 0.080224446875 0.659973575 0.085181553125 0.6698592046875 0.086942265625 0.6864013046874999 0.076229321875 0.6923522796875 0.06606323593749999 0.6905036234375 0.053512562500000006 0.6877730984375 0.04384635 0.6756708234375 0.033838164062499995
0 0.7881658671875 0.9450912499999999 0.7982630703125 0.9466669953125001 0.8109454625 0.9480255937500001 0.82881288125 0.9373678968749999 0.8371846453125 0.92481460625 0.8407322828125 0.908267634375 0.8331703703125 0.8983993281249999 0.81768564375 0.8946726921874999 0.802482615625 0.890024659375 0.776489284375 0.8847351187499999 0.757193378125 0.8766821109375 0.7466736265625 0.8764884593750001 0.7399157578125 0.8804674890624999 0.7333750375 0.8870317062499999 0.733333984375 0.9036432296875001 0.72236240625 0.919688546875 0.72680210625 0.9348943828125 0.7319842296875 0.9410125546874999 0.7348247156250001 0.9449035374999999 0.739865990625 0.9514824093750001 0.754672871875 0.9524830078125 0.7586137515625 0.957717934375 0.7668036140625001 0.962236865625 0.776900815625 0.9638126109374999 0.786730971875 0.9547277546874999 0.7881658671875 0.9450912499999999
0 0.8055024859375 1 0.8056259953125 0.9992282843750001 0.8008992765625 0.9891764140625 0.793444965625 0.9871663640625 0.7837424562499999 0.9863517015625 0.7742310875 0.9866713203125 0.7656832312499999 0.9864786328124999 0.756541590625 0.982069984375 0.751780409375 0.9738903062500001 0.75048318125 0.9675765515625001 0.7395382765625 0.9593890515625001 0.7287907812500001 0.9558342515625 0.7193279718750001 0.9515963734374999 0.711066821875 0.9531051093749999 0.706452940625 0.9637977703124999 0.698404846875 0.9575717593749999 0.6974350609375 0.9545856531249999 0.685650403125 0.942106990625 0.6703657796875 0.9393167421875 0.664276075 0.9495582015625 0.6686675265625001 0.962466146875 0.6729101265625 0.96618389375 0.671843221875 0.9723127828125 0.6698128031249999 0.9789539812499999 0.6721753875 0.9888209859374999 0.6796500671875 0.9916441484374999 0.680633946875 0.9919449515625001 0.6854568640625 1 0.8055024859375 1
0 0.27005301406250004 0.2852163921875 0.2691288953125 0.270064771875 0.25824720624999997 0.2551730578125 0.24903400156250002 0.2630950859375 0.245338584375 0.2751822515625 0.2481104125 0.2842902890625 0.25119027968749996 0.29844886875 0.255630325 0.3121972359375 0.25847923125 0.3271112609375 0.265023553125 0.329938121875 0.2708235109375 0.3251028625 0.269001140625 0.3088505578125 0.2686160265625 0.2979940296875 0.27005301406250004 0.2852163921875
0 0.23556050625 0.2647582484375 0.2256541453125 0.2567732078125 0.21869936874999998 0.2653857046875 0.2206756265625 0.275076571875 0.22935009375 0.2810328671875 0.2340208375 0.275852371875 0.23556050625 0.2647582484375
0 0.20532908437500003 0.30507920624999996 0.206022240625 0.320986275 0.2121302390625 0.32120155625 0.2214714625 0.29266715468750004 0.21092368281249999 0.2968769203125 0.20532908437500003 0.30507920624999996
0 0.21021783749999998 0.339646309375 0.21284884062499998 0.3310406859375 0.207233278125 0.32736341874999997 0.2038104671875 0.3337665453125 0.20301878593749997 0.34018991875000004 0.2069776953125 0.34257653125 0.21021783749999998 0.339646309375
0 0.191032434375 0.3333886578125 0.18681781718749998 0.3375892875 0.1839797171875 0.34495534375000003 0.1841746640625 0.34815161093749997 0.1856120671875 0.350159403125 0.188681696875 0.3487453828125 0.19176347968750002 0.3453746609375 0.195454275 0.33905346718749996 0.1935539390625 0.33376747500000004 0.191032434375 0.3333886578125
0 0.2574808078125 0.3470385484375 0.25743194687500004 0.3376136078125 0.2564087359375 0.33808494843750003 0.25243767500000003 0.3376550390625 0.2508054515625 0.341076853125 0.25022086875 0.34873979374999997 0.24985553437500002 0.3556856015625 0.25180460625 0.3617706609375 0.25528843125 0.3628357734375 0.2587844078125 0.36194418125 0.2588087140625 0.3580307796875 0.25749308593750003 0.3537077171875 0.2574808078125 0.3470385484375
0 0.21850635624999998 0.3407920921875 0.2132213375 0.3482192359375 0.20820972656249997 0.356160584375 0.19480530000000001 0.3774687859375 0.19027528437500002 0.38383490937500003 0.1782178125 0.39651197968749996 0.1718165953125 0.40618156250000004 0.1629095734375 0.41982182031250004 0.1560267625 0.4310666296875 0.1508496171875 0.44800030625 0.1517225359375 0.462046896875 0.1546648 0.4650995171875 0.1522016484375 0.47597308906249997 0.15033675156249998 0.4796875 0.2409822203125 0.4796875 0.24368006250000002 0.4669078703125 0.24653702187499998 0.4561546984375 0.24878194374999998 0.441769478125 0.24942907343749998 0.431201925 0.24625853593749997 0.41903657968749997 0.245659025 0.40550419375 0.2428496859375 0.392157428125 0.241888978125 0.3798064625 0.24296252499999998 0.3706611265625 0.24463806250000003 0.3595467578125 0.23913729843749998 0.3479608375 0.232738565625 0.342129003125 0.22749868125 0.3409576265625 0.21850635624999998 0.3407920921875
0 0.21085305468749999 0.527769725 0.21539585312499998 0.5571771328125 0.234553584375 0.583047478125 0.245834859375 0.5854958484375 0.264134390625 0.5600700546875 0.26390205 0.5509930640625 0.2675629296875 0.53410039375 0.27369440312500004 0.51896371875 0.288404221875 0.49544242812499995 0.28176305625000003 0.4796875 0.2251574953125 0.4796875 0.213745759375 0.4986342546875 0.21085305468749999 0.527769725
0 0.184041475 0.6056295328125 0.19406129375 0.6417147453125 0.21823136875000002 0.6561089124999999 0.246062321875 0.6536104046875 0.25657541875 0.643815975 0.2610756421875 0.6241779328125 0.23527432187500003 0.6052823953125 0.2184922984375 0.601152278125 0.184041475 0.6056295328125
0 0.1735235078125 0.6744615281249999 0.1863411421875 0.7013954984375 0.2170836515625 0.7238030328125 0.2328177078125 0.716605471875 0.24498576875000003 0.706316353125 0.25997536875 0.6818799359375001 0.23524573124999998 0.66931601875 0.205807246875 0.6623170968750001 0.1735235078125 0.6744615281249999
0 0.1496027171875 1 0.1533203859375 0.99309840625 0.16725184531249998 0.9779698015625 0.168494103125 0.9713699625000001 0.18291795625 0.9571674140624999 0.1798461453125 0.9469220859374999 0.182213203125 0.92903340625 0.1940350796875 0.9233415359375 0.19636149375 0.9131955796875 0.19469004375 0.8932966875 0.19477133124999998 0.8778112390624999 0.1975901375 0.8685913375000001 0.1972784046875 0.8467816078125001 0.19430596875 0.8311380546875 0.19929308750000002 0.8148259250000001 0.20800250937500003 0.80663145 0.218938975 0.7936892453125 0.2264874265625 0.7766091609375 0.22125177499999998 0.7455388875 0.214042084375 0.738681575 0.196962 0.731133121875 0.183703590625 0.7263041046875001 0.1749760828125 0.7244113515625 0.1642383640625 0.7265571078125 0.1597255484375 0.73370806875 0.1560394171875 0.7457648625 0.151996440625 0.771671828125 0.14984621250000002 0.7888512859375 0.1472216796875 0.815191915625 0.1457038609375 0.8201564749999999 0.142035815625 0.8423004953125 0.1408703734375 0.8613320625 0.1384264984375 0.866789015625 0.1324365109375 0.8711618140624999 0.1308374046875 0.891611825 0.1305212015625 0.897719271875 0.13016435312500002 0.9115694453125001 0.12675378125 0.925261515625 0.1248023 0.931644525 0.12176666249999998 0.9415736484374999 0.11790434375 0.9465969390625 0.1136083609375 0.953038678125 0.10718470937499999 0.958829921875 0.10310555937500002 0.9645624359375 0.101980759375 0.9758512765624999 0.10390968281249999 0.98729821875 0.10288425625 0.9931888359375 0.100801875 1 0.1496027171875 1