0 0.41898251562500005 1 0.432253821875 0.9815281734375001 0.42906354843749994 0.9680511328125 0.4181022796875 0.9642842375 0.40228392187499995 0.962632471875 0.3898981 0.9632815859375 0.37612015468750004 0.9689651984375001 0.368446390625 0.98053083125 0.36820412343750003 0.9917069953125001 0.37027694375000003 0.9996608671875 0.3713504578125 1 0.41898251562500005 1
0 0.431046175 0.8004952234375 0.4353538890625 0.8194954359375 0.44872749843750004 0.8218955187500001 0.46969466875 0.826998603125 0.48839453125 0.8204368515624999 0.4994035890625 0.809316615625 0.5091979640625001 0.79081773125 0.5103631953125001 0.781453771875 0.5023482578125 0.7707103531249999 0.48188267187499995 0.75937905625 0.46603190000000005 0.75710879375 0.450165753125 0.77034415625 0.439448415625 0.7870308390625 0.431046175 0.8004952234375
0 0.45481964843749995 0.906542628125 0.46182975312499996 0.8981127437499999 0.45562832656249996 0.890375240625 0.429804071875 0.8873872859375 0.4168518453125 0.8930276234375001 0.4070728453125 0.8960208906249999 0.39808881875 0.9299821234375001 0.40501872656250004 0.935820865625 0.41756661250000005 0.9382642234375 0.4418196296875 0.9270700937499999 0.45358958281249995 0.9146695984375001 0.45593708906249997 0.9120658 0.45481964843749995 0.906542628125
0 0.49525461093749995 0.730149403125 0.47924177031250004 0.724786671875 0.463747553125 0.7293198484375 0.4618214265625 0.7399640671875 0.4672943734375 0.7496003203125 0.48971850000000006 0.7509058921875 0.50158569375 0.74036088125 0.49525461093749995 0.730149403125
0 0.532114171875 0.64903645 0.5312566515625 0.6451602109375 0.5193821390625 0.64333179375 0.50168564375 0.642788784375 0.4911297515625 0.6536350859375 0.49244837500000005 0.6663098078125 0.48234012968749995 0.673211471875 0.4771329578125 0.6862281953125 0.475790034375 0.6980621109375 0.4736408234375 0.7069973968750001 0.47846504999999995 0.711646040625 0.5011003984375 0.7065385953125001 0.5067174390625 0.7013427453125 0.50855924375 0.6865418046875 0.5098387843750001 0.6859846 0.5256153109375 0.6748646968750001 0.5360687296875 0.662063175 0.5363626671875 0.655185709375 0.536285815625 0.65371929375 0.532114171875 0.64903645
0 0.630300590625 0.49978743437500006 0.6324241859375 0.49036334375 0.6335109375 0.47364138437500003 0.6300808734375 0.45813643437499996 0.6178733328125 0.44995355468750003 0.60331165 0.4467955234375 0.5858969375 0.451629365625 0.572577028125 0.45967964375000003 0.5615222609375 0.473492975 0.5544854421875 0.48905632031249996 0.54149855 0.5034610578125001 0.5462081609375 0.5184087984375 0.55844131875 0.527080484375 0.564417 0.528727903125 0.563841271875 0.5302285140625 0.5819597984375 0.5263380796875 0.597493615625 0.5230732546875 0.6116454296875 0.5184104078125 0.6242615265625 0.509416725 0.630300590625 0.49978743437500006
0 0.5554250781250001 0.594388728125 0.5623594265625 0.5768701640625 0.5650075140624999 0.5649678484375 0.56462325625 0.557635778125 0.5520826921875 0.5430984375000001 0.5327614828125 0.5490124921875 0.5185206671875 0.5644632374999999 0.5183291984375 0.573295921875 0.520876134375 0.5844358265625 0.519789378125 0.6011577906250001 0.5150810875 0.6112074859375001 0.5091444890625 0.62279199375 0.507596621875 0.630715471875 0.510117940625 0.6413665734375 0.5167462031250001 0.642979790625 0.5265348921874999 0.6424667875 0.5380507703124999 0.6374519390625 0.555554478125 0.6218301937499999 0.5590088453125001 0.61282650625 0.5552848390625 0.604199021875 0.5554250781250001 0.594388728125
0 0.6367540468749999 0.3948521546875 0.6385959578125 0.3894498875 0.63855365 0.3751266203125 0.6243424046875 0.3742796828125 0.6096743234375 0.37823184374999996 0.5993833125 0.3846074796875 0.597929621875 0.39741742812499997 0.6031517453124999 0.40244948750000004 0.6098144 0.4079366203125 0.613318684375 0.40722239531250004 0.6327929328125 0.40036548125 0.6367540468749999 0.3948521546875
0 0.615975065625 0.349781240625 0.6110857046875 0.3510986265625 0.6097838203125 0.35328915 0.61590645 0.36198802812499997 0.6264193046875 0.3598453515625 0.631253203125 0.357469721875 0.6324719015625 0.3536918359375 0.627277509375 0.34918890468749997 0.6216262859375 0.3494850734375 0.615975065625 0.349781240625
0 0.6894629875 0.238223475 0.6499044296875 0.24029665156250002 0.6365528109375 0.2558524390625 0.6325508140625 0.2741016734375 0.6329667640625 0.28203847656250003 0.6363747078124999 0.29300191875000003 0.6356274187500001 0.305774846875 0.635046515625 0.3217224984375 0.6489950390625 0.3310723828125 0.66961936875 0.3326443765625 0.683081903125 0.3192050703125 0.68460420625 0.29418833125 0.6835373125 0.28734679218750003 0.683800034375 0.27884384375 0.6963897875 0.2622668390625 0.7008077390625 0.2519544078125 0.6894629875 0.238223475
0 0.6927863125 0.22054038125000003 0.695112784375 0.2108681328125 0.6911370890625 0.2025873109375 0.6807205796875 0.1930523203125 0.6664816 0.1916762640625 0.6616754328125001 0.1945810109375 0.6474787609375 0.20752821875 0.6568152296875 0.2234866921875 0.6775504796875 0.227175165625 0.6927863125 0.22054038125000003
0 0.71174541875 0.1633059828125 0.7164129359375 0.1577556328125 0.714667371875 0.15148023125 0.711619921875 0.1473953546875 0.7043895140624999 0.144590840625 0.6957462984375 0.1418603734375 0.6894718609375 0.143780925 0.6870344703125 0.151336690625 0.6865221781249999 0.155077553125 0.686938128125 0.16301435625 0.7034349640625 0.1669249546875 0.71174541875 0.1633059828125
0 0.702321484375 0.064582621875 0.7069481265625 0.0717681796875 0.7132371359375 0.083641778125 0.7244155125 0.09419798593749999 0.7367016578125 0.09885983125 0.7567991171874999 0.0903785375 0.7570895734375 0.0824047140625 0.75161788125 0.0726105765625 0.748154478125 0.06058889375 0.7462979953125 0.052197014062500005 0.7323494703125 0.042847128125 0.7161576671875001 0.0447568515625 0.703858365625 0.0533600328125 0.702321484375 0.064582621875