0 0.37818500781250003 0.8107180156249999 0.3723881609375 0.8167095468750001 0.36824999062499997 0.823366209375 0.3674291703125 0.8313531218750001 0.3695124484375 0.841890590625 0.37062485624999997 0.8488047125 0.3783776390625 0.863925665625 0.3939935125 0.8669535968750001 0.401449034375 0.8616271937500001 0.40213399531249994 0.8558958171875 0.40502674218749996 0.8473537328124999 0.39672201406249996 0.8329354578125001 0.397262603125 0.8211401421875 0.39822212343749996 0.8136708484374999 0.3971097140625 0.8067567234374999 0.38826439375 0.8041337640625 0.37818500781250003 0.8107180156249999
0 0.40067323125 0.7786174640625 0.40702202187500003 0.77192325625 0.4144718625 0.7610505328125 0.41058837343750004 0.74655715625 0.39981266875 0.747780146875 0.3832344390625 0.74944835 0.3771516828125 0.7460851640625 0.371479340625 0.7387285203125 0.369534759375 0.728708671875 0.358886390625 0.7193566437500001 0.348809840625 0.7287140546875001 0.347714465625 0.7384388890625 0.3471710390625 0.7474610453125 0.3499506328125 0.763359775 0.35216976875 0.7716417046874999 0.355773028125 0.7823266796875 0.3575732390625 0.786282584375 0.36380888125 0.8040291906249999 0.37527239218749997 0.799847984375 0.38824452656249997 0.784721646875 0.40067323125 0.7786174640625
0 0.3437997515625 0.6934407593749999 0.339106796875 0.6980269375 0.33856052812500004 0.704275934375 0.34271573125 0.7142582296875 0.3467265625 0.7181765890625 0.3617791359375 0.7108145578125 0.3657729328125 0.698093959375 0.3596873421875 0.6919576109375 0.3533271953125 0.6875591859375 0.3437997515625 0.6934407593749999
0 0.41475169375 1 0.41538959999999997 0.9827182343749999 0.40943135 0.9660068703125001 0.39450895468749997 0.965567040625 0.3805602703125 0.9715237171875 0.3820887671875 0.9799907015624999 0.3843079046875 0.9882726312500001 0.385833559375 0.9939664546874999 0.3884631046875 0.9982549265625 0.3909864875 1 0.41475169375 1
0 0.105249146875 0.3307362875 0.0887834640625 0.336596025 0.0827781 0.3430310609375 0.0739681328125 0.3502175890625 0.08062445625 0.3542251171875 0.096189784375 0.34981310625 0.10850212968749999 0.338068690625 0.105249146875 0.3307362875
0 0.098431675 0.3902325796875 0.10862458906250001 0.38339937812499997 0.1078142671875 0.37396469374999997 0.1000424078125 0.37701233749999996 0.09309347031250001 0.3815285484375 0.086984565625 0.3843719 0.098431675 0.3902325796875
0 0.09754482812500001 0.40615439843749995 0.0872528765625 0.41422061406250005 0.089644221875 0.4215425953125 0.10493404218749999 0.42251289999999997 0.11440757187499999 0.41780281874999997 0.1226404140625 0.41487295 0.12315271406249999 0.40556646093750004 0.11018490624999999 0.4020436140625 0.09754482812500001 0.40615439843749995
0 0.7162115203125 0.9202232296874999 0.72460650625 0.9134856640625 0.72605441875 0.898735659375 0.7228029046875 0.891079440625 0.7147385671875 0.8878545093750001 0.702868853125 0.88834210625 0.692682190625 0.8951109390624999 0.6885425875 0.90205471875 0.689894990625 0.9182984484375 0.69448936875 0.9242484078125001 0.7162115203125 0.9202232296874999
0 0.7388098359375 0.8791605625000001 0.74228575625 0.88765428125 0.7447518468750001 0.8923792578124999 0.75427244375 0.8965604265625 0.7705061671875 0.88996654375 0.7774437 0.8800289921875001 0.7746386140625 0.8695602703124999 0.7690355984374999 0.862085321875 0.7635483609375 0.8617603671875 0.75403134375 0.86431044375 0.741268771875 0.8704230484375 0.7388098359375 0.8791605625000001
0 0.808328375 0.8385412578125001 0.815269484375 0.8353349515625 0.8236632765625 0.8263536359374999 0.82186683125 0.81740990625 0.8084274609375001 0.81427876875 0.7983518093749999 0.8192226 0.7940988109375 0.8235038828125001 0.794774415625 0.8305038734375 0.7967928859375 0.8357976062500001 0.7995943921875 0.8395350796875001 0.808328375 0.8385412578125001
0 0.8631625734374999 0.7699908375 0.8563360515625 0.778103390625 0.8581324984375 0.7870471203125 0.8670944625000001 0.7936220421875 0.8771724984375 0.7931657109375 0.8859029015625 0.785440640625 0.891941615625 0.7699093484375 0.87839004375 0.7663594625 0.8631625734374999 0.7699908375
0 0.89841721875 0.7336155640625 0.8950606546875 0.7390030890625 0.9032419656249999 0.751621765625 0.915897103125 0.754065409375 0.9302269453124999 0.7470840437499999 0.9359314328125 0.7347840015625 0.925848628125 0.726265340625 0.9105077625 0.7272342171874999 0.89841721875 0.7336155640625
0 0.7325164140625 0.3800929734375 0.7419787984374999 0.4061982234375 0.753240221875 0.40832137343749997 0.7650854500000001 0.4095537125 0.7644171328125 0.4009202703125 0.7638313796875 0.38492093125000004 0.7535850749999999 0.3604944796875 0.742622846875 0.34874426875000003 0.733430503125 0.34973859687500003 0.7281431781250001 0.36070222812499997 0.7297625 0.3698152296875 0.7325164140625 0.3800929734375
0 0.64129433125 0.395723334375 0.6322360406249999 0.40182237968749995 0.6304350640624999 0.40891433906249997 0.6323720296875 0.42381724062500004 0.6358768359375 0.4353625390625 0.640365665625 0.44444103281249997 0.6441201203125 0.45077879843749996 0.6486622578125 0.4609375 0.679893215625 0.4609375 0.678521221875 0.45331107812500004 0.67543315 0.43871661250000005 0.673013396875 0.432755596875 0.6679902953125 0.42014837031249996 0.664652571875 0.4107614375 0.6575273687500001 0.3979830921875 0.6489683765625001 0.39366707968750003 0.64129433125 0.395723334375
0 0.626016171875 0.42772341718750007 0.6142700249999999 0.41765201249999995 0.6041927375 0.41227406406249995 0.5945836625 0.4163175640625 0.5849580765625 0.42183424062499997 0.5796875 0.4267799359375 0.5796875 0.4609375 0.6433897546875 0.4609375 0.64156825625 0.45660320781249997 0.6337251890625 0.43961095468750006 0.626016171875 0.42772341718750007
0 0.718882246875 0.42675561718750005 0.7132256124999999 0.4102344015625 0.7064764875 0.39728535468750004 0.6998646640625 0.3924981140625 0.694380146875 0.39191803593749996 0.6856309078125 0.39139287968750003 0.67527676875 0.39252754375 0.666404946875 0.39613453125000003 0.6656199046875 0.400854109375 0.6674645875 0.40773856249999996 0.672451409375 0.41870023749999996 0.6757234890625 0.424792290625 0.6800203921875 0.43470904218750006 0.6840098484375 0.44347838125 0.6888392671875 0.4507928671875 0.6988933171875 0.4546577671875 0.7084550578125001 0.45209570781249997 0.7161794718750001 0.44879616718750004 0.7186169765625 0.43953451718750003 0.718882246875 0.42675561718750005