0 0.9160319578125 0.4214686671875 0.9162311328125 0.423363696875 0.9164801015625 0.42573248281250003 0.9174378125 0.428026778125 0.92041634375 0.4325036296875 0.9227915359375001 0.4346489421875 0.9295685546874999 0.43776857500000005 0.9348343187499999 0.4367361296875 0.9381788468750001 0.43446864218750003 0.9410752328124999 0.42793733906250003 0.94224955625 0.422066021875 0.941403059375 0.4140121484375 0.9390336828124999 0.408513290625 0.9324616515624999 0.4039351390625 0.9273510828125 0.40303530781249997 0.922290309375 0.40260923593750003 0.9176278859375 0.40597322187499996 0.916248571875 0.41330305625 0.91583859375 0.4162200921875 0.9160319578125 0.4214686671875
0 0.9029526046875 0.4333811609375 0.9022554906250001 0.426748559375 0.8960934359375001 0.419253371875 0.886376053125 0.4188377390625 0.8800911593749999 0.423809225 0.8782637 0.42687524374999997 0.8767350046875 0.43278380624999996 0.8775815 0.44083767968750004 0.87919234375 0.4459372734375 0.88581416875 0.4509891796875 0.8906201609375 0.45240001406249997 0.898111734375 0.45209160937500004 0.9009027171874999 0.44796633750000003 0.90340075 0.4376449765625 0.9029526046875 0.4333811609375
0 0.8358155796875 0.44570644687499994 0.8406829921875 0.44088394375 0.8398862906250001 0.43330382656250005 0.8334694546874999 0.42679340000000004 0.8309888609374999 0.427054121875 0.8274891375 0.4312538828125 0.828485015625 0.4407290296875 0.8358155796875 0.44570644687499994
0 0.732995065625 0.42873184843749995 0.7225689421875 0.42839070625 0.7190692171874999 0.43259046874999996 0.717739696875 0.440394059375 0.7181820296875 0.4480114234375 0.720949759375 0.4573003390625 0.72589350625 0.46683953906250003 0.735461509375 0.4658339015625 0.74245514375 0.46078792343749997 0.7443880046875 0.455315871875 0.7406625625000001 0.44373266093749997 0.7370865046875 0.4335707203125 0.732995065625 0.42873184843749995
0 0.7586972890625 0.434652271875 0.7557013171875 0.4402360609375 0.7570457515625 0.45302750625000004 0.759359525 0.4614061546875 0.7672934296875 0.46871511093749996 0.7758041328124999 0.46446766562499997 0.7802175859375 0.45873489375 0.781690675 0.4557061203125 0.7827272468750001 0.4417064375 0.779754528125 0.43387603906249994 0.7767261999999999 0.42892542968749997 0.7631107421875 0.4289195 0.7586972890625 0.434652271875
0 0.20338277656249998 0.4832132921875 0.1949373984375 0.5142914000000001 0.21127728124999998 0.5521339234375 0.2296875 0.567245184375 0.2296875 0.48297049375 0.22096920312499999 0.47720068125 0.20338277656249998 0.4832132921875
0 0.26486232187500003 0.92283670625 0.26046149375 0.906908759375 0.257034315625 0.900244471875 0.25219296406249997 0.89958256875 0.24768388125000002 0.905324865625 0.24580603281250002 0.91664435625 0.24690138906249998 0.9270659734375 0.24824500781249997 0.933363878125 0.25182189374999997 0.944695428125 0.2565366859375 0.9506390046875 0.2630027734375 0.9505447671875 0.2645763546875 0.93633038125 0.264979178125 0.9304342953125 0.26486232187500003 0.92283670625
0 0.5455874984375 0.8956727984375 0.5473059375 0.8925653125 0.547006521875 0.8832307859374999 0.5412803765625 0.8773935046875 0.5325761734375 0.878893728125 0.530117796875 0.8879327343750001 0.5340317984375 0.8992288515625001 0.5455874984375 0.8956727984375
0 0.5907709453125001 0.8780455828125 0.586697534375 0.8749614687499999 0.572140628125 0.875906084375 0.5691017203125 0.882664609375 0.5712084281250001 0.89297993125 0.57727169375 0.8987817796875 0.586003896875 0.9007908609375 0.5930553625 0.8965374734375 0.594286978125 0.8887981546875 0.5907709453125001 0.8780455828125
0 0.8358370718750001 0.8358976 0.8389551328125 0.8461066265625 0.8346006046875001 0.850076553125 0.8301803781249999 0.859907134375 0.8294075859375001 0.86876898125 0.8300441187500001 0.8780680750000001 0.8316920031249999 0.8872608718749999 0.840733321875 0.8857252140625 0.8473259656250001 0.8803493046875 0.8540683171874999 0.8796406546875 0.858389990625 0.8786010515625 0.864767221875 0.8744185296874999 0.8651420406250001 0.8650131390625001 0.861598009375 0.8507512609375001 0.8602543890625001 0.8444533609375 0.8594912984375 0.840435940625 0.8540462671875 0.827544615625 0.8463631203125 0.8160592781249999 0.8390402390625 0.81448744375 0.8333700937499999 0.815668775 0.8293758359375 0.8295522078124999 0.8358370718750001 0.8358976
0 0.8937216265625001 0.8807412953125 0.9001268578125 0.880068078125 0.90384 0.8732386875 0.904214821875 0.863833296875 0.90467849375 0.8585161906250001 0.9052967265625 0.8514267140625 0.901902403125 0.8418321015625001 0.8963965171874999 0.8283617984375 0.8897198703125 0.82320979375 0.879882609375 0.8236583578125 0.8749427031250001 0.8317874328125001 0.8736502359375 0.8389477765625 0.8778965031249999 0.856648090625 0.8854579453125 0.8669754749999999 0.8871106828125 0.8697286375 0.8890676843750001 0.875376696875 0.8937216265625001 0.8807412953125
0 0.9285443859375 0.82615366875 0.9190819453125 0.8171968406250001 0.913720915625 0.8148334343749999 0.9082004796875 0.8206820296874999 0.9089258656249999 0.8340694093750001 0.9122264875000001 0.84601536875 0.9165104578125 0.854345728125 0.9239830484375 0.8605848234375 0.9296203406249999 0.8623338203124999 0.9330243671874999 0.8590491671875 0.9322381265624999 0.8450828093749999 0.931049065625 0.8370125406250001 0.9301642703124999 0.8318371625 0.9285443859375 0.82615366875
0 0.937777965625 0.8134756859375001 0.933147175 0.8180600265625 0.9343362359375 0.8261302984375 0.9365975046875 0.83467325 0.94244535625 0.8416684890624999 0.9438546796875 0.8421057375000001 0.9501102046875 0.8367652578125 0.9500542031249999 0.8297466468750001 0.9479754937499999 0.8229406296875 0.9451896984375001 0.8191358046874999 0.9419730828124999 0.817717759375 0.9381759359374999 0.8140192328125 0.937777965625 0.8134756859375001
0 0.31755576093750004 0.8993414124999999 0.315665509375 0.9111843546875 0.3108860296875 0.9125824093749999 0.3064577359375 0.9045385703125 0.30438393124999996 0.8975908328125 0.30018842343749996 0.8917618078125 0.29027961874999997 0.8954904046875001 0.284519759375 0.9046050625 0.288107346875 0.92169439375 0.291299865625 0.9307638296875 0.29607800625 0.9378751859375001 0.30717469375 0.9411874421875 0.3091567234375 0.938739840625 0.31755041093749997 0.9333790640625 0.3241948578125 0.9326807046875001 0.3308858609375 0.9324253078125 0.340350365625 0.9372526828125001 0.340021790625 0.9511707671874999 0.34249200156250004 0.9576289828125001 0.3509774671875 0.9616635453125 0.35678388125 0.9529918500000001 0.35433761874999997 0.9425004093749999 0.3480443578125 0.9337568718749999 0.34615678125 0.9285809875 0.347183715625 0.92130735 0.346998825 0.911026084375 0.33881798750000003 0.8971066625 0.32280215 0.8938635749999999 0.31755576093750004 0.8993414124999999
0 0.7790314984375 0.8414333718749999 0.7761861546875 0.8484502765625 0.771498453125 0.859243671875 0.765437978125 0.8527149515625 0.7626418671875 0.8431559921874999 0.7575125375 0.8454865328125001 0.7515198937500001 0.852386375 0.7500034390625 0.8592636062500001 0.7480905765625 0.866630359375 0.7487423796875 0.87283184375 0.7495578015625 0.876328990625 0.753287734375 0.877728384375 0.756924553125 0.8782418515625 0.761354184375 0.8777762796875 0.7666005734375 0.872298440625 0.7677432328125 0.8703869171875 0.7722420328124999 0.8748404937500001 0.775458496875 0.8798767078124999 0.785040065625 0.8815567828124999 0.7951124921875 0.8751238515624999 0.8025271406250001 0.8689702625000001 0.8050931406249999 0.8592955812499999 0.8065869875 0.8479421593750001 0.8031842921875001 0.84113409375 0.796307059375 0.8396176375 0.78278538125 0.8387995421875001 0.7790314984375 0.8414333718749999
0 0.623063596875 0.8927849984374999 0.6273009140625 0.899151584375 0.633058584375 0.9014658343749999 0.6393403828124999 0.8995080765625 0.643039134375 0.894578025 0.6437492125000001 0.8889889609375 0.6428050234375 0.8800056046875 0.6438185921875 0.8773040484375001 0.646014334375 0.8735051031250001 0.646758134375 0.868236871875 0.6423011453125 0.862866509375 0.63421285 0.86306786875 0.63086865625 0.8682850328124999 0.63291023125 0.8784505625 0.6317444328125 0.8827900109375 0.6254799796875 0.8818265406249999 0.6221194078125001 0.8838016421875 0.623063596875 0.8927849984374999
0 0.711499190625 0.8607835578125 0.7122246765625 0.8645998453124999 0.7103834890625 0.868685903125 0.7072425906250001 0.86966478125 0.7009945125 0.871943371875 0.699660109375 0.8746786500000001 0.6995069125 0.882479834375 0.70173540625 0.885165015625 0.7091820328125 0.8850311 0.7120358203125 0.8844067765625001 0.7135908640624999 0.8745119828125001 0.7181162609375 0.8743607234375 0.7234018375 0.87218329375 0.725377909375 0.8693805734375 0.729008246875 0.8699721453124999 0.7332802546875 0.870496275 0.7355260921875 0.870260228125 0.7376543921875001 0.865819615625 0.7379087531249999 0.858980934375 0.7373017749999999 0.8532059203125 0.7359346203125 0.8494570749999999 0.7297886734375 0.8465348765625 0.7238614296875 0.8487797468749999 0.7225780937499999 0.8489146312500001 0.7159089875 0.84410115 0.709458584375 0.8444547359374999 0.70368356875 0.8450617140625001 0.69691233125 0.8454490218749999 0.69284265 0.8468498984374999 0.6916257859375 0.8537897421875 0.6962012828125 0.8572013765625 0.7069574140625 0.8576927546875 0.711499190625 0.8607835578125