0 0.80597715 0.42111475781249996 0.8161045796874999 0.4054257953125 0.820005884375 0.3974269375 0.8265080578124999 0.38409550625 0.8304093609375001 0.376096646875 0.8333026312499999 0.36678100156250004 0.8391382328124999 0.3531244609375 0.8508421437499999 0.32912788593750003 0.8573443187500001 0.3157964546875 0.8614726062500001 0.297181515625 0.8652921390625 0.28089139687500003 0.856561290625 0.270031978125 0.84724564375 0.267138709375 0.8389870937499999 0.2705369828125 0.83146053125 0.2808933734375 0.8253652375 0.301849490625 0.8165873046875 0.3198469234375 0.807110090625 0.3342027421875 0.7979906953125 0.35120849375 0.7857817765624999 0.357630871875 0.770338128125 0.372377215625 0.7717366875 0.37966044062500004 0.7748262078125 0.3902438125 0.7733642078125 0.41015918906250004 0.791020175 0.41794544375 0.80597715 0.42111475781249996
0 0.8850856140625 1 0.8920859921875 0.9925853968749999 0.8870961328125 0.97227885625 0.861241709375 0.94894511875 0.8164891453124999 0.9277135953125001 0.7930720390625 0.9329736109375 0.8026399015625 0.9561087531249999 0.8211290453125001 0.9853823765625 0.8493921890625 1 0.8850856140625 1
0 0.8146495343750001 0.76027680625 0.7931306609375001 0.7471765796875001 0.7541630015624999 0.7393340921875 0.7399212687500001 0.7361090406249999 0.726358184375 0.7410293046875001 0.72544251875 0.754350790625 0.74230574375 0.7655524171875 0.761221559375 0.772545615625 0.7736670484375 0.775638803125 0.7844629171874999 0.7782995265625 0.8039467484375 0.7822207703124999 0.81827978125 0.7795365859375 0.8247860875 0.771918721875 0.8146495343750001 0.76027680625
0 0.6947985140624999 0.7866627359375 0.6876873125 0.7936134625 0.690364121875 0.807198671875 0.7103799859375 0.8195658343750001 0.727041284375 0.8254594296875 0.743042375 0.8250772546875 0.746102821875 0.8168950625000001 0.7430046078125 0.806081203125 0.7286522515625 0.7916388828125 0.706216821875 0.7766031765625 0.6947985140624999 0.7866627359375
0 0.6782829375 0.765211575 0.67421374375 0.762110565625 0.6613099734375 0.7580496375 0.6496344234375 0.7571925265624999 0.62993111875 0.7613506703125 0.63453234375 0.7728975984375 0.650937290625 0.7831314875000001 0.6631079921875 0.788695425 0.66858800625 0.7831817765625 0.6763040984375001 0.776898184375 0.6828472859375 0.7730194125 0.6782829375 0.765211575
0 0.7660940078125 0.720593946875 0.7747082203125 0.7143762875 0.7850089312499999 0.71233018125 0.8027325109375001 0.7046016890625 0.7957670296875 0.695994853125 0.79046961875 0.6896900265625 0.7827157578125 0.6769775671875 0.7613988125 0.6691853703125 0.7500349296875 0.6695966015625 0.745618084375 0.676745121875 0.7330812953125 0.6795611703125 0.7167141140625 0.6883233328125 0.724944690625 0.703873078125 0.74404399375 0.714304759375 0.7660940078125 0.720593946875
0 0.6154881125 0.73429844375 0.6164499984375 0.7307371234375 0.6140215015625 0.724592096875 0.6076379375000001 0.7217886609375 0.5987805359375 0.7208790078125 0.59317599375 0.721245846875 0.599223815625 0.72791599375 0.605607378125 0.7307194296875 0.6154881125 0.73429844375
0 0.559718775 0.7210904499999999 0.5626080765625 0.7256650484375 0.564038890625 0.7265491 0.5676526015625 0.728684025 0.5712570890625 0.729883453125 0.5739443078125 0.7291459031249999 0.573760675 0.72570475 0.5686243328125 0.720965196875 0.5641210359375 0.7196997875 0.560021996875 0.7208873796875 0.559718775 0.7210904499999999
0 0.6314649 0.67229365625 0.6336750328125 0.6687166234374999 0.6324366312499999 0.664574828125 0.62692425 0.659651865625 0.6215954984375001 0.65817005625 0.6139555718749999 0.6576092046875 0.6143043796875001 0.662620515625 0.6193858109375 0.669381478125 0.623137025 0.6702800718749999 0.6314649 0.67229365625
0 0.6224840265625 0.595297271875 0.6144105640624999 0.594225053125 0.6074381718749999 0.5957912109375 0.6106566546875001 0.6029008828125 0.6194269140625 0.6123362765625 0.628808778125 0.6214968734374999 0.6449841015625 0.626520634375 0.65580505625 0.6258763890625 0.657037275 0.6184540578125 0.6497444265625 0.610885434375 0.6436937171875 0.6046867703125 0.632204365625 0.599847165625 0.6224840265625 0.595297271875
0 0.60034226875 0.577047784375 0.59825325625 0.575455809375 0.5891445203125001 0.5706311203125 0.58213426875 0.5683581796875 0.5782951703125 0.56839604375 0.579038834375 0.5737255734375 0.5830289265624999 0.581211584375 0.59831050625 0.5890469703125001 0.6048312921875 0.588406740625 0.6077009234374999 0.5835023125000001 0.60034226875 0.577047784375
0 0.46949524374999996 0.6161954234375 0.47743710312500004 0.61949583125 0.48831484999999997 0.6246102328124999 0.4926150171875 0.6246062171875 0.49526830781250003 0.6211245265625001 0.498975346875 0.6154823390625 0.4899792859375 0.6065099093749999 0.4703412 0.6007524078124999 0.46087551875 0.6064513890625001 0.4640282015625 0.6146751578125 0.46949524374999996 0.6161954234375
0 0.4954499859375 0.670690303125 0.5084730859375 0.675322809375 0.5154265421875001 0.671837103125 0.51658349375 0.6645690921875 0.5062984234375 0.6572603484374999 0.4814474953125 0.652398940625 0.480798484375 0.6566671546875 0.48531544843749996 0.6630729171875 0.4954499859375 0.670690303125
0 0.45668527968749995 0.555312565625 0.4666972203125 0.5582854015625001 0.49244234843749995 0.5681676999999999 0.5132847140625 0.5714560640624999 0.5153827375 0.566175296875 0.5086072921875 0.5565666515625 0.50147444375 0.5496491609375 0.49339105937500005 0.539784653125 0.47970902656250003 0.5306280703125 0.4647947765625 0.5288938187500001 0.4532022140625 0.5291617265624999 0.44891196874999995 0.53795803125 0.45022037031249995 0.5460464125 0.45668527968749995 0.555312565625
0 0.7607275703124999 0.8551070515625 0.77060806875 0.8624075421875 0.7757517546875 0.8614008999999999 0.7786951156249999 0.8564260625 0.7697006015625 0.846249096875 0.761368634375 0.8442532 0.7558380609375 0.8481729546875 0.7607275703124999 0.8551070515625
0 0.7532825765625 0.8671917296875 0.7558390484374999 0.86513000625 0.7540358515625 0.85928763125 0.7500937984375 0.8557106640625 0.7434015859375 0.851412715625 0.7335825687499999 0.8503458343749999 0.72995666875 0.8535402609375 0.7356711781249999 0.8598428015625 0.7444412640625 0.8641202578125 0.7524370828125 0.8657454171875001 0.7532825765625 0.8671917296875
0 0.8689157265624999 0.923256309375 0.8777410921875 0.932901346875 0.891420734375 0.9413535578125 0.9202596078124999 0.948654434375 0.930907790625 0.9399622937500001 0.9416812890624999 0.914953378125 0.944269025 0.9016178109374999 0.923265634375 0.8906616906249999 0.9246543421875 0.8863544328125 0.9199042140625 0.869083909375 0.9123837265624999 0.861143428125 0.9054173109375 0.8513369375 0.8945574265625 0.8385633546875001 0.8927681906249999 0.83128194375 0.8898073 0.8212928312500001 0.87654850625 0.8119777562499999 0.8645601609375 0.8153877203125001 0.8586330265625 0.82389018125 0.864785975 0.83828449375 0.8601143234374999 0.84348284375 0.8456212171875 0.839618453125 0.8341798875 0.8404468859374999 0.8253342015625 0.8432533812499999 0.8189094499999999 0.8593460453124999 0.8220035671874999 0.8683320125 0.829383771875 0.8765601140625 0.8459396234375 0.8864151484375 0.8562586953125001 0.887887684375 0.8644241390625 0.888665865625 0.8798709953125 0.8876548124999999 0.894252046875 0.8946689203125 0.8930953578124999 0.907990371875 0.88025120625 0.9116950156250001 0.8689157265624999 0.923256309375
0 0.316241721875 0.2335168140625 0.31622304375 0.24859499999999998 0.327737434375 0.2504391203125 0.33125 0.2479379015625 0.33125 0.2139308296875 0.32559427812499997 0.21318432187499997 0.316241721875 0.2335168140625
0 0.2500302921875 0.239695946875 0.2597613390625 0.2451964609375 0.267729034375 0.2566262140625 0.28156255625000004 0.2641276375 0.2906391875 0.26402841875 0.2963251078125 0.23964449375000002 0.2899621609375 0.22145378125 0.3014352609375 0.20140118125 0.3008981609375 0.1747364515625 0.296457171875 0.151448221875 0.2770750359375 0.149538571875 0.26433308125 0.16293739062499998 0.25222555468749996 0.17966310000000002 0.23014972500000003 0.19831622499999998 0.2153072140625 0.21370799218749997 0.21851932812500002 0.23488813125000002 0.2300537078125 0.23900509374999998 0.2500302921875 0.239695946875
0 0.16227488750000002 0.221788815625 0.15197069375 0.237130975 0.1495942125 0.2593571984375 0.1587907828125 0.2728950421875 0.1756165328125 0.27657531875 0.197792309375 0.2692864140625 0.218322053125 0.2468617515625 0.20567742500000002 0.2369227296875 0.193389990625 0.23319284218749997 0.1760084625 0.21792602187500001 0.16227488750000002 0.221788815625
0 0.2582378625 0.278399828125 0.242620996875 0.2745548 0.22825430624999998 0.2924417359375 0.2157895859375 0.3029583109375 0.20076716874999997 0.29789448125 0.1909961421875 0.28784828125 0.18629922031249999 0.28706616875 0.165432275 0.3055545421875 0.1618056203125 0.3060487984375 0.1502125828125 0.31246433281249997 0.147143015625 0.3418961640625 0.1495221171875 0.354372 0.156696778125 0.36164314218750004 0.1820833609375 0.35818334375 0.1979374796875 0.35460044062499996 0.22120351562499999 0.35086074843750004 0.2365818140625 0.34478268125 0.254476521875 0.332388296875 0.2634532046875 0.32092485625 0.26812882656250003 0.3020830953125 0.2645208515625 0.287499165625 0.2582378625 0.278399828125
0 0.1486520796875 0.1178314671875 0.12511011875 0.1418044328125 0.128025009375 0.16359396875 0.1390635796875 0.16294292187499998 0.154739103125 0.1562554546875 0.1731083203125 0.1290052078125 0.17885420937500002 0.11143981562500001 0.1675970640625 0.104440609375 0.1486520796875 0.1178314671875
0 0 0.18045718125000001 0.0073351140625 0.185446609375 0.01938398125 0.1792533984375 0.03002538125 0.1678475296875 0.0446093359375 0.1402598171875 0.0497407875 0.12164037968750001 0.028731293749999998 0.0895167859375 0.02748243125 0.08513585 0.0045322984375 0.07318795781250001 0 0.077580521875 0 0.18045718125000001
0 0 0.053788371875 0.006452946875 0.05073941093749999 0.01901630625 0.0342360265625 0.01727163125 0.025087079687500003 0.0008230640625000001 0.029888778124999998 0 0.030828415625 0 0.053788371875
0 0.0350512484375 0 0.032094153125000004 0.007422467187499999 0.0314610359375 0.02144660625 0.0375654296875 0.027441378125 0.04895988125 0.015648432812499998 0.0492749953125 0 0.0350512484375 0
0 0.2054049984375 0.6407185734375 0.22433427187500002 0.6466311218749999 0.24419731093750002 0.641142403125 0.2520195390625 0.6359464703125 0.2562103953125 0.6232881875 0.24723870468750003 0.6037358312500001 0.24606373593750003 0.5993686171875 0.24066963125 0.5806126296875 0.240161715625 0.5694567421875 0.24349754687499997 0.5449990062500001 0.2402659640625 0.5258749484374999 0.236527575 0.5145662578125 0.222536615625 0.49446291249999996 0.2057970328125 0.496258096875 0.1955988046875 0.5036150515625 0.1828116453125 0.524411603125 0.17982237343750002 0.5400272796875 0.18398827812500002 0.5572356968750001 0.167222634375 0.56992633125 0.154355075 0.585466721875 0.1665300703125 0.597096078125 0.17993326874999999 0.6102730046875 0.19234891406250001 0.6281852140625 0.2054049984375 0.6407185734375
0 0.297505140625 0.5006743640625 0.2904037515625 0.50574760625 0.294623440625 0.52962200625 0.31488793125000003 0.5409284624999999 0.32193442499999997 0.510217984375 0.297505140625 0.5006743640625