0 0.7240140921875 0.0638954421875 0.7444429078125 0.07649274843750001 0.7936695953124999 0.07098795937499999 0.8257121546875 0.0573428546875 0.8370413234375 0.03976718125 0.8296383531249999 0.0234125515625 0.8126499921875 0.0168666609375 0.7676051375 0.0234764484375 0.74059275 0.0451357265625 0.7240140921875 0.0638954421875
0 0.6241820125 0.2343176609375 0.6635799234374999 0.239589071875 0.688191434375 0.234208425 0.7015659703125 0.22650091562500002 0.6978942703125 0.21717983749999997 0.68521600625 0.20997551250000002 0.6655170515625 0.20733980624999998 0.654443109375 0.206340778125 0.641668625 0.20521358906249998 0.6215066078125 0.20566740156250002 0.601915221875 0.21076861875000003 0.5984439484374999 0.22366244218750003 0.609666215625 0.23273035156250002 0.6241820125 0.2343176609375
0 0.608905259375 0.14420270156249998 0.5859535328125001 0.14937955625 0.5789996484375 0.161353140625 0.5834604875 0.17024036250000002 0.5909816359375 0.1834693 0.6170898984375001 0.176557021875 0.635362278125 0.167574209375 0.6418123453125 0.158358184375 0.641582496875 0.14962538593750002 0.6265775921875 0.1440545875 0.608905259375 0.14420270156249998
0 0.5541582890625001 0.1580009921875 0.540839221875 0.15929940625 0.5219962125000001 0.163634809375 0.5138863578125 0.1730546328125 0.5311624390625 0.18340100312500002 0.5424809359375 0.18639177499999998 0.5560037984374999 0.18675314999999998 0.5608608875 0.1851458875 0.567718546875 0.1792494390625 0.5627946453125 0.173451734375 0.557544675 0.1649983671875 0.5541582890625001 0.1580009921875
0 0.6423480671874999 0.293077325 0.64940951875 0.2888406640625 0.658797621875 0.282970478125 0.6445558 0.2698928125 0.6354824328124999 0.2646045984375 0.62936180625 0.25592117187499996 0.60646555 0.2546889328125 0.5850105796875 0.2583341578125 0.5721659156250001 0.27035711562500003 0.5847887093749999 0.2839705359375 0.5957256609375 0.290714740625 0.5975745375 0.298911784375 0.6081854171875001 0.303000328125 0.630877875 0.30257278125 0.6423480671874999 0.293077325
0 0.47992760937499995 0.203203296875 0.4868760984375 0.20263088125 0.4911729109375 0.1976112859375 0.4914228828125 0.19393083125 0.4809152515625 0.194098003125 0.473966765625 0.19467042031249998 0.46607685 0.199008190625 0.47125661875 0.201179703125 0.47992760937499995 0.203203296875
0 0.44436564375 0.18366564999999999 0.44025374843750004 0.18450775156250002 0.4386130671875 0.1848778125 0.4343918359375 0.1882625140625 0.43461242499999997 0.188553240625 0.4381015 0.19101064843749999 0.44277142812500003 0.1912803109375 0.4491709828125 0.1884712046875 0.45046494062500003 0.1852773140625 0.44816424843749997 0.183705075 0.44436564375 0.18366564999999999
0 0.477812728125 0.256951634375 0.47397333281250004 0.2565799953125 0.46696759062500004 0.261318259375 0.46500626250000004 0.26594298437499997 0.47241255000000004 0.2679000078125 0.4779334140625 0.2682338 0.48474823437500003 0.26537370312499997 0.48726760156250004 0.2618607421875 0.48634244843749996 0.25775904375 0.477812728125 0.256951634375
0 0.4634553546875 0.32649929218749996 0.47589437187500006 0.3256639234375 0.4836335171875 0.32177289062500003 0.49299314531249994 0.31699093437500003 0.49424453437500004 0.3095718125 0.48422286562499994 0.3054397078125 0.467293221875 0.30492359687500004 0.45544009531249996 0.310530675 0.4440757875 0.31659669687499997 0.4387179703125 0.32227118906249996 0.44480060468750005 0.3260220078125 0.45278329375000004 0.32763666874999997 0.4634553546875 0.32649929218749996
0 0.40586133750000003 0.339971484375 0.4132296578125 0.3401046921875 0.423412903125 0.338508371875 0.4259064 0.33768324843749997 0.43496553281250006 0.3339761140625 0.43384896875 0.32840462656249997 0.42789188281249996 0.325676315625 0.4108919125 0.3281096234375 0.40468200000000004 0.3338887390625 0.4022437265625 0.3386857953125 0.40586133750000003 0.339971484375
0 0.323517015625 0.25753382187499996 0.3203125 0.25773354375 0.3203125 0.2733921953125 0.33114807812499997 0.2738955875 0.342575159375 0.2683408203125 0.3409070015625 0.261799134375 0.33953179375000003 0.257643303125 0.3354672125 0.2562395078125 0.323517015625 0.25753382187499996
0 0.375205071875 0.22766103593749998 0.3764773859375 0.22041232968750002 0.3710375984375 0.2148527046875 0.35721581874999997 0.21499291875 0.345153446875 0.218895815625 0.33879706249999997 0.22348200468749999 0.33802111875 0.2277289765625 0.363100853125 0.23122309687499998 0.375205071875 0.22766103593749998
0 0.93812694375 0.07304659531249999 0.9448100359374999 0.074098565625 0.9614208609375 0.06831391249999999 0.9584580734375001 0.06324729999999999 0.9512458421875 0.061698534375 0.937871484375 0.0633406984375 0.930272321875 0.0700786671875 0.93812694375 0.07304659531249999
0 0.6651533921875 0.1374606203125 0.6736812234375 0.138286084375 0.685499 0.1315919015625 0.6843356453125 0.1259298375 0.6797999265625 0.12330341874999999 0.6680809234375 0.126989390625 0.6612002796875001 0.1319538390625 0.6651533921875 0.1374606203125
0 0.6582230124999999 0.122956646875 0.6631148437500001 0.120857965625 0.666721890625 0.11592095468750001 0.6649759296875 0.1131392515625 0.6637056265625 0.1142315 0.65561633125 0.113164934375 0.6459314484374999 0.1143540890625 0.6384763671875 0.1184527953125 0.6408647203125 0.12265366250000001 0.6504961265625 0.12484166562500001 0.6582230124999999 0.122956646875
0 0.791329759375 0.13500418281249998 0.7770536375 0.129019209375 0.7690797078125 0.1270965859375 0.758843421875 0.1251293359375 0.7399810718750001 0.1290573953125 0.7303241421875 0.134434459375 0.724473053125 0.1419235109375 0.725308515625 0.15923111875 0.7327585703125 0.1647645859375 0.74330685 0.1692728171875 0.7582684734375 0.1703374578125 0.760993190625 0.176773534375 0.7504891312499999 0.1883804203125 0.7533252171875 0.1983493421875 0.7635502437499999 0.20547654999999998 0.779119371875 0.2009856140625 0.7851710859375001 0.1925046953125 0.7892334375 0.1862025046875 0.8036603328125 0.1776604765625 0.8134398875000001 0.1706563015625 0.8231358156249999 0.1655968578125 0.8332498828125001 0.1508137484375 0.8333391406249999 0.1462890375 0.8567652015625 0.14276785625 0.8586600843750001 0.129316346875 0.856615646875 0.10216244375000001 0.8493774765625 0.0904771546875 0.8197328531249999 0.0879912484375 0.8040467265625001 0.0915293171875 0.7925620624999999 0.0977756203125 0.7995159796875 0.11239751093749999 0.8104542515625001 0.120081965625 0.80721088125 0.13305422656250002 0.791329759375 0.13500418281249998
0 0.686999796875 0.9089127124999999 0.6871589250000001 0.898482221875 0.682898725 0.8950563265625 0.67507311875 0.8938632 0.6674646359375 0.8944384078125 0.6582254375 0.897367828125 0.6487739703125001 0.9024773046875 0.6499464406250001 0.9120263 0.6551137046875 0.9189308046875 0.6606186562499999 0.9207678703125 0.6721350859374999 0.916840840625 0.6822330671875 0.9130879765625 0.686999796875 0.9089127124999999
0 0.681528840625 0.9347143453125 0.6758936156249999 0.9318162796875 0.66312758125 0.9333837515625 0.6547905890625 0.9358434000000001 0.6476212125 0.9439036562500001 0.6520165437500001 0.9523389343750001 0.6578254671875 0.956651665625 0.6608794890625 0.9580716703125001 0.674895128125 0.9588637562500001 0.6826724546875 0.9557548296875 0.6875694578125 0.9526405640625001 0.6873377640625 0.9390270765625001 0.681528840625 0.9347143453125
0 0.1874731640625 0.1533740484375 0.16874958281250002 0.1573735140625 0.161163978125 0.163406396875 0.167445946875 0.1728380515625 0.184108434375 0.172917775 0.20256100312499997 0.17192745781250002 0.222597959375 0.1681918546875 0.22892161249999998 0.1623139203125 0.2171151328125 0.1548359640625 0.20087792656249998 0.153003525 0.1874731640625 0.1533740484375
0 0.2114336234375 0.2337564171875 0.2117185296875 0.2256440765625 0.2181867140625 0.20529417031250002 0.207782559375 0.20402089375000002 0.19557443125 0.2089208578125 0.1869839921875 0.21720274218750002 0.1827075375 0.22410468749999998 0.18020726874999998 0.23503978593750002 0.19134524375 0.237073209375 0.2114336234375 0.2337564171875
0 0.22623042343750002 0.20924955 0.2270446390625 0.215880796875 0.23134907343750002 0.21804476562500003 0.24189695000000003 0.21989088437499998 0.24928029375 0.228856778125 0.24817116874999998 0.23078795468750002 0.253615503125 0.24223566718749998 0.260231078125 0.24860334375 0.2648611984375 0.2534198125 0.2618130609375 0.2578328078125 0.25589530312500003 0.26080315781249996 0.2489769828125 0.266588846875 0.247410103125 0.27575619375 0.2593071703125 0.2922453359375 0.266814746875 0.2949135046875 0.27637773125 0.2923930734375 0.281543390625 0.2796426171875 0.28974935 0.26607010937500003 0.2935881953125 0.279061196875 0.29582938593749997 0.2900047109375 0.3053767 0.29466617031250003 0.31849985468750003 0.28093865625 0.3203125 0.2782325 0.3203125 0.24645414062499998 0.311954796875 0.24225247031250002 0.3193152015625 0.2364124984375 0.3203125 0.236740415625 0.3203125 0.199172459375 0.31917642968750004 0.19873471250000002 0.3155933203125 0.19513593125 0.3071937421875 0.1961672703125 0.2987941625 0.197198609375 0.29476113437499996 0.1972450546875 0.289735378125 0.1965158953125 0.279575303125 0.1941734125 0.2696866328125 0.19404134374999998 0.2652658015625 0.194584153125 0.249071571875 0.1979187984375 0.24061771250000002 0.1985080546875 0.2314425296875 0.20053212187499997 0.2277351875 0.20323106562499998 0.22623042343750002 0.20924955
0 0.18544758125 0.8599602796875001 0.17329556562499998 0.8699427515625 0.1696879140625 0.8768783671874999 0.174470971875 0.8867792078125 0.1874963421875 0.8911731093749999 0.2116138921875 0.88421636875 0.2190984265625 0.8798013390625 0.2225852546875 0.871881690625 0.21259099531249998 0.863120140625 0.19956562656250001 0.8587262390625 0.18544758125 0.8599602796875001
0 0.23868375468749997 0.7560339421875 0.22995815312499998 0.7576047484374999 0.2170483515625 0.76867913125 0.21737799375 0.7786273484375 0.22373701875 0.78683638125 0.25100125625 0.790980275 0.2745146859375 0.7791033640625 0.2762443125 0.7713994734375 0.2644928484375 0.762853678125 0.2559209015625 0.7584124015625 0.23868375468749997 0.7560339421875
0 0.1492856390625 0.8059862703125 0.1644595625 0.8078591375 0.18443771250000002 0.8001757421875 0.187847071875 0.79751553125 0.19173443125 0.786577446875 0.189849459375 0.765140140625 0.18792535 0.7616404 0.192368046875 0.7491397328125 0.195506259375 0.7442712203124999 0.1927687125 0.734146571875 0.1861568515625 0.7289808203125 0.17419847500000002 0.728954728125 0.16766395 0.7305042640625 0.16231743437499999 0.735643925 0.1615552421875 0.74769268125 0.16788291093750002 0.7566293203125001 0.16668185468750002 0.7590183859375 0.1522309828125 0.763034325 0.140078796875 0.7675152187500001 0.129760340625 0.774759753125 0.1254080234375 0.7879965203125 0.1273190890625 0.7974754484375 0.1341117125 0.8041134031249999 0.1492856390625 0.8059862703125