0 0.353678575 0.23145020624999998 0.3431443109375 0.2053277625 0.339322578125 0.2000433875 0.326746784375 0.19960423124999999 0.317211503125 0.2104315703125 0.3119198671875 0.2308504421875 0.3183302515625 0.2439515875 0.3259437796875 0.2553777765625 0.3435417234375 0.243115021875 0.35006915781250003 0.23647507656250003 0.353678575 0.23145020624999998
0 0.638381934375 0.36952777812500004 0.633015559375 0.360595815625 0.621839178125 0.35543576875 0.5999457968749999 0.35228635625 0.5800128156250001 0.35397516093750003 0.5796875 0.35406987343749996 0.5796875 0.427139403125 0.5945453781250001 0.42563158124999995 0.613088240625 0.42309927187499996 0.6267102484375 0.4192026828125 0.639775821875 0.4109143796875 0.64786509375 0.40284978125000004 0.6468076968750001 0.3924783734375 0.644346321875 0.38166045937500004 0.638381934375 0.36952777812500004
0 0.591868503125 0.3396824078125 0.6063796531250001 0.330649628125 0.6117302812500001 0.3197070328125 0.6099778296875 0.308913875 0.5973974671875 0.30330731875 0.5796875 0.30577305 0.5796875 0.336876803125 0.591868503125 0.3396824078125
0 0.48968032499999997 0.7385850734375 0.490302025 0.7570537374999999 0.49183367499999997 0.7736458703125 0.5017769484375 0.7790819109375 0.5071257453125 0.770999371875 0.509478125 0.7519984640625 0.5086789375 0.7386124171875 0.5054383046875001 0.7225967062499999 0.4969598015625 0.7114868984375 0.4916553765625 0.718298784375 0.48968032499999997 0.7385850734375
0 0.42731334375 0.735134965625 0.42575999062500003 0.75543598125 0.42875641406250004 0.7663543484375 0.4394319890625 0.7629105359375 0.445934953125 0.7580488109375 0.4534366171875 0.748769246875 0.4572539265625 0.7361805140625 0.4550787140625 0.725926925 0.43536998281250006 0.73414410625 0.42731334375 0.735134965625
0 0.44122946093750004 0.7139259390625 0.44376035312499995 0.7180253921875 0.45043732812500004 0.7182585578125 0.4563017625 0.716234975 0.45866732031249996 0.7123065109375 0.45988401406249996 0.7029898343750001 0.45973422499999994 0.6945167875 0.4616447609375 0.678093546875 0.46180020468749994 0.6736422296875 0.460806784375 0.6638027 0.45758770625 0.6538854484375001 0.45642329843749996 0.648942365625 0.456118065625 0.6449206359375 0.4564134078125 0.636463134375 0.45670875000000005 0.62800563125 0.45281137656250003 0.6247498109375 0.44948348749999995 0.6179484796875 0.4493181546875 0.609920565625 0.4427189 0.6074617421874999 0.42942712656250004 0.605214884375 0.4186507 0.6075126109375 0.4122478671875 0.6121914390625001 0.41196806874999997 0.620203809375 0.41526487031250003 0.6278954031249999 0.4100886234375 0.6357367859374999 0.40333958125 0.624804915625 0.3810674515625 0.6244728296875001 0.37097921093749997 0.63258835625 0.3584476921875 0.64685800625 0.3639235171875 0.6559627171875 0.3750207203125 0.6572415890625 0.38829694843749996 0.659933578125 0.37549128593750003 0.6692912328125 0.363239565625 0.6755485109375 0.3615621953125 0.6852947765625 0.3648745375 0.6925412375 0.38233783125 0.702955909375 0.39133373125 0.70059600625 0.396494434375 0.6931997546875001 0.3989377140625 0.6870456328125 0.403068253125 0.6836244765624999 0.4082699359375 0.6878171953125001 0.41518996562500005 0.6938526171875 0.42706862343749996 0.6982785 0.42889578281249996 0.6970052812499999 0.438471059375 0.7035791015624999 0.44122946093750004 0.7139259390625
0 0.743912384375 0.5381665796874999 0.73687914375 0.54082060625 0.7343774984375 0.56277045 0.7383662078125 0.5727684890625 0.752048378125 0.5784656171875 0.7603207078125 0.5775946421875 0.765762509375 0.57082555625 0.7687665859374999 0.5593319328125 0.7652718125 0.5476113640625 0.75984174375 0.5416224781250001 0.743912384375 0.5381665796874999
0 0.7767897140625 0.6152850437499999 0.7746756171875 0.6012929828125 0.7670388140625 0.5963868890625 0.7578999703125 0.5972276062499999 0.7526604375 0.5982044906249999 0.7458784125 0.6060866265625 0.7474378921875 0.623538878125 0.75491288125 0.6330787328125 0.7657442984375 0.633456975 0.774530790625 0.630284246875 0.776445859375 0.6251317843749999 0.7767897140625 0.6152850437499999
0 0.7915544125 0.6645144562499999 0.7871611671875 0.6661008203125001 0.7855579953125 0.674743734375 0.7865948171875 0.6823189828125 0.792729584375 0.6929718890625 0.8018077453125001 0.6938688328125 0.8087313578125 0.68193215625 0.806949384375 0.670851325 0.8040986296874999 0.6655324375 0.7972069765625001 0.6641319218749999 0.7915544125 0.6645144562499999
0 0.8267448703125 0.7747695015625 0.8341017390625 0.7628479546875 0.83508111875 0.7472241421875 0.829318928125 0.7383240265625 0.8202407671874999 0.7374270828125 0.8113329125 0.74407513125 0.808822771875 0.7538462234375001 0.8136577703125001 0.7644537406249999 0.8267448703125 0.7747695015625
0 0.8585683921875 0.8199552125 0.8621270859375001 0.8050013984375 0.8595595046875 0.791573428125 0.8553887546875 0.7867883703125 0.8409294703124999 0.790922853125 0.8348925984375001 0.80231056875 0.8373792718749999 0.81805541875 0.847474028125 0.8271068312500001 0.8585683921875 0.8199552125