0 0.5031929796875 0.1523488109375 0.482114834375 0.14547789375 0.46254322812500004 0.1463574 0.458657784375 0.141994209375 0.45299190468750006 0.1284714203125 0.44439928906250004 0.1155175265625 0.41787854218750003 0.1118981625 0.38650619375 0.12238356875 0.38512915468750003 0.1387377765625 0.400995446875 0.14223453749999998 0.40858620468750007 0.142221459375 0.39294318906250003 0.1554990390625 0.3904704921875 0.166216571875 0.41461232812500004 0.17322317812500002 0.43816316874999994 0.169376565625 0.45746086718749995 0.1670878828125 0.5052473390625 0.16291757812500002 0.5031929796875 0.1523488109375
0 0.48565914687499995 0.3590324109375 0.48031034375 0.3549536671875 0.46549654062499995 0.3490587015625 0.44354602187500003 0.35332545 0.43535680625 0.36588536875 0.4704270046875 0.374423746875 0.4776068890625 0.3722969125 0.48565914687499995 0.3590324109375
0 0.502973875 0.40904483125 0.5024260468749999 0.4062264921875 0.494475046875 0.388760646875 0.4620070390625 0.3936093734375 0.46086075156249995 0.403337871875 0.4686747859375 0.4200991375 0.48280380312500004 0.4224711796875 0.502973875 0.40904483125
0 0.470714215625 0.47746801562499996 0.47364094999999995 0.47689911562500004 0.49504363749999997 0.46981402812499995 0.5083077406250001 0.459923684375 0.5153075031250001 0.4490573859375 0.5112851109375 0.443989609375 0.4761642765625 0.4508164078125 0.46426974843749996 0.46775259843750006 0.470714215625 0.47746801562499996
0 0.4533189828125 0.5364209875 0.4523096515625 0.5468540703125 0.4554165078125 0.5550246359375001 0.4613131390625 0.5619217187500001 0.47480052656250005 0.568805715625 0.4940982265625 0.5665170374999999 0.51284809375 0.56141001875 0.5180167765625 0.5567492984375 0.5267538218750001 0.5470077171875001 0.5357216218749999 0.530640425 0.5219603140625 0.5223472578125 0.5049045671875 0.5205441140625 0.48226926406250004 0.5212879421875 0.4592662515625 0.5279528921875001 0.4533189828125 0.5364209875
0 0.471275334375 0.5819214546875 0.46999208125 0.5909453671875 0.47190948437499997 0.6008095499999999 0.4683842921875 0.6139252875000001 0.483789084375 0.630673471875 0.5124148187500001 0.6294964281250001 0.5195946984375001 0.627369596875 0.5316693546875 0.6191728703125 0.5382582390625 0.6061928203125 0.5415095234375 0.5916679125 0.5317274484375 0.5804076421875 0.5150394125 0.5726833734375 0.4957417140625 0.57497205 0.471275334375 0.5819214546875
0 0.6061931984375 0.8373066171874999 0.6170944609375 0.8192227953125 0.605919771875 0.8099419031249999 0.586170640625 0.8047571453125 0.567961153125 0.8037849109374999 0.5432164203125 0.80998304375 0.5240487875000001 0.8189147796875 0.5071803890625 0.83225845 0.504788578125 0.845911709375 0.5093220328125 0.8544011578124999 0.5265288640625 0.8687566265625 0.5361229203125 0.8661976078125001 0.5499049234375 0.8666422140625001 0.5676148515625 0.8687527359375 0.582416459375 0.8707344546875 0.6101550046875001 0.8688132453125 0.6092894421875 0.8606520156249999 0.5995243968749999 0.8549147953125 0.595640996875 0.84976960625 0.6061931984375 0.8373066171874999
0 0.620501559375 0.8886669546875 0.620005540625 0.8786985890624999 0.58184835625 0.882644978125 0.565784059375 0.892708790625 0.5408443093749999 0.8979036484374999 0.5278868937500001 0.8979928828125001 0.5049213484374999 0.9059275515625 0.5059578953125 0.9223850203125 0.5388149546875 0.9319630859375 0.54581863125 0.9531607093750001 0.557602403125 0.9581584718749999 0.580718446875 0.9547063515625 0.6282541875 0.9433839718750001 0.6282782203124999 0.9360910078125 0.645581165625 0.9212746218750001 0.6267492 0.8985585078125 0.620501559375 0.8886669546875
0 0.5422754640624999 1 0.5426566 0.9999345343750001 0.5755137609375 0.9946799593750001 0.615087575 0.9868965656249999 0.632691521875 0.981045271875 0.6448038609375 0.9766085015625 0.6567211859375 0.97116845625 0.66160725625 0.9629304078124999 0.6472197125 0.9556622765625 0.6367805734374999 0.9538737625 0.6163778390625 0.95645140625 0.5918726421875 0.9601735515625001 0.5703407687500001 0.9643589234375 0.55664425625 0.9680624390625001 0.546790178125 0.9692837578125 0.52499828125 0.972131425 0.5066347515625 0.9777833015624999 0.49586704531250003 0.98542931875 0.4949293859375 0.9991469796875 0.49817860625000004 1 0.5422754640624999 1
0 0.395597459375 0.06826304375 0.391789475 0.0732497296875 0.38459993593749997 0.07995534374999999 0.3856648421875 0.09089537812500001 0.390935425 0.09889466875 0.40636503125 0.09908032343749999 0.41966364843750004 0.09649533437499999 0.43482373125 0.0898328359375 0.4423115375 0.0846616765625 0.44509655156249994 0.0798738359375 0.44209950156250005 0.067186128125 0.4357915765625 0.06204253125 0.444956375 0.0491140421875 0.452373503125 0.0381177015625 0.45127985312499996 0.0324913640625 0.44539836250000003 0.024080009375 0.4330520390625 0.0206409703125 0.4202792796875 0.020469689062499997 0.4034002671875 0.023750637499999998 0.3926590765625 0.0258385125 0.3801558421875 0.0325153828125 0.375480615625 0.04669443125 0.377682284375 0.0552902578125 0.38153220625 0.0614424515625 0.395597459375 0.06826304375
0 0.5445592046875001 0.7075149140625 0.537119675 0.6902112406249999 0.5571294578125 0.6757240343750001 0.5574789828125 0.669134434375 0.559443709375 0.65407879375 0.5591824703125 0.6443470828125 0.5480323953124999 0.64569923125 0.533085303125 0.6526806890625 0.52191315625 0.6581131640625 0.5138831203125 0.662934875 0.501336753125 0.6612976046875 0.4793419859375 0.6655729546875 0.47630842500000004 0.6751299015625001 0.4803446078125 0.6833126296875001 0.4916032296875 0.690906665625 0.5083605421875 0.6974318640625 0.4949624328125 0.7081882687500001 0.49099065 0.7171123796875001 0.490530765625 0.7441036203125 0.49312651250000006 0.7574575859375 0.501962334375 0.7777506796875 0.507897028125 0.783118753125 0.5274910687500001 0.7874621312500001 0.541477871875 0.783928165625 0.5473702328125001 0.7681090703125 0.5562740859375 0.74681335625 0.5684285953125 0.7338530624999999 0.56871371875 0.7101566218750001 0.5445592046875001 0.7075149140625