0 1 0.581017484375 0.9815281734375001 0.567746178125 0.9680511328125 0.5709364515625001 0.9642842375 0.5818977203125 0.962632471875 0.597716078125 0.9632815859375 0.6101019 0.9689651984375001 0.6238798453125 0.98053083125 0.6315536093749999 0.9917069953125001 0.6317958765625 0.9996608671875 0.62972305625 1 0.6286495421875 1 0.581017484375
0 0.8004952234375 0.568953825 0.8194954359375 0.5646461109375001 0.8218955187500001 0.5512725015625 0.826998603125 0.53030533125 0.8204368515624999 0.51160546875 0.809316615625 0.5005964109375001 0.79081773125 0.49080203593749994 0.781453771875 0.4896368046875 0.7707103531249999 0.4976517421875 0.75937905625 0.518117328125 0.75710879375 0.5339681 0.77034415625 0.5498342468749999 0.7870308390625 0.560551584375 0.8004952234375 0.568953825
0 0.906542628125 0.5451803515625 0.8981127437499999 0.538170246875 0.890375240625 0.5443716734375 0.8873872859375 0.570195928125 0.8930276234375001 0.5831481546874999 0.8960208906249999 0.5929271546875 0.9299821234375001 0.60191118125 0.935820865625 0.5949812734375 0.9382642234375 0.5824333875 0.9270700937499999 0.5581803703125 0.9146695984375001 0.5464104171875 0.9120658 0.5440629109375 0.906542628125 0.5451803515625
0 0.730149403125 0.5047453890625 0.724786671875 0.5207582296875 0.7293198484375 0.5362524468750001 0.7399640671875 0.5381785734375 0.7496003203125 0.5327056265625 0.7509058921875 0.5102814999999999 0.74036088125 0.49841430625000005 0.730149403125 0.5047453890625
0 0.64903645 0.467885828125 0.6451602109375 0.4687433484375 0.64333179375 0.48061786093750003 0.642788784375 0.49831435625 0.6536350859375 0.5088702484375001 0.6663098078125 0.507551625 0.673211471875 0.5176598703125 0.6862281953125 0.5228670421875 0.6980621109375 0.524209965625 0.7069973968750001 0.5263591765625 0.711646040625 0.52153495 0.7065385953125001 0.4988996015625 0.7013427453125 0.49328256093749995 0.6865418046875 0.49144075625 0.6859846 0.490161215625 0.6748646968750001 0.4743846890625 0.662063175 0.46393127031250003 0.655185709375 0.46363733281249997 0.65371929375 0.463714184375 0.64903645 0.467885828125
0 0.49978743437500006 0.369699409375 0.49036334375 0.3675758140625 0.47364138437500003 0.3664890625 0.45813643437499996 0.36991912656250003 0.44995355468750003 0.3821266671875 0.4467955234375 0.39668834999999997 0.451629365625 0.4141030625 0.45967964375000003 0.427422971875 0.473492975 0.4384777390625 0.48905632031249996 0.44551455781250004 0.5034610578125001 0.45850145 0.5184087984375 0.45379183906250004 0.527080484375 0.44155868125 0.528727903125 0.435583 0.5302285140625 0.436158728125 0.5263380796875 0.4180402015625 0.5230732546875 0.40250638437499997 0.5184104078125 0.3883545703125 0.509416725 0.3757384734375 0.49978743437500006 0.369699409375
0 0.594388728125 0.444574921875 0.5768701640625 0.4376405734375 0.5649678484375 0.4349924859375 0.557635778125 0.43537674375 0.5430984375000001 0.4479173078125 0.5490124921875 0.4672385171875 0.5644632374999999 0.4814793328125 0.573295921875 0.48167080156250003 0.5844358265625 0.479123865625 0.6011577906250001 0.48021062187499997 0.6112074859375001 0.48491891249999997 0.62279199375 0.4908555109375 0.630715471875 0.492403378125 0.6413665734375 0.489882059375 0.642979790625 0.483253796875 0.6424667875 0.4734651078125 0.6374519390625 0.4619492296875 0.6218301937499999 0.44444552187499997 0.61282650625 0.44099115468749994 0.604199021875 0.4447151609375 0.594388728125 0.444574921875
0 0.3948521546875 0.36324595312499997 0.3894498875 0.3614040421875 0.3751266203125 0.36144634999999997 0.3742796828125 0.3756575953125 0.37823184374999996 0.3903256765625 0.3846074796875 0.4006166875 0.39741742812499997 0.402070378125 0.40244948750000004 0.39684825468749996 0.4079366203125 0.3901856 0.40722239531250004 0.386681315625 0.40036548125 0.36720706718749996 0.3948521546875 0.36324595312499997
0 0.349781240625 0.384024934375 0.3510986265625 0.3889142953125 0.35328915 0.3902161796875 0.36198802812499997 0.38409355 0.3598453515625 0.3735806953125 0.357469721875 0.368746796875 0.3536918359375 0.3675280984375 0.34918890468749997 0.372722490625 0.3494850734375 0.3783737140625 0.349781240625 0.384024934375
0 0.238223475 0.3105370125 0.24029665156250002 0.3500955703125 0.2558524390625 0.3634471890625 0.2741016734375 0.3674491859375 0.28203847656250003 0.36703323593750004 0.29300191875000003 0.3636252921875 0.305774846875 0.36437258125 0.3217224984375 0.364953484375 0.3310723828125 0.3510049609375 0.3326443765625 0.33038063125 0.3192050703125 0.316918096875 0.29418833125 0.31539579375 0.28734679218750003 0.3164626875 0.27884384375 0.31619996562499997 0.2622668390625 0.30361021250000003 0.2519544078125 0.2991922609375 0.238223475 0.3105370125
0 0.22054038125000003 0.3072136875 0.2108681328125 0.304887215625 0.2025873109375 0.30886291093749996 0.1930523203125 0.3192794203125 0.1916762640625 0.3335184 0.1945810109375 0.33832456718750004 0.20752821875 0.3525212390625 0.2234866921875 0.3431847703125 0.227175165625 0.3224495203125 0.22054038125000003 0.3072136875
0 0.1633059828125 0.28825458125000003 0.1577556328125 0.2835870640625 0.15148023125 0.28533262812500004 0.1473953546875 0.288380078125 0.144590840625 0.2956104859375 0.1418603734375 0.3042537015625 0.143780925 0.3105281390625 0.151336690625 0.3129655296875 0.155077553125 0.313477821875 0.16301435625 0.313061871875 0.1669249546875 0.2965650359375 0.1633059828125 0.28825458125000003
0 0.064582621875 0.29767851562500003 0.0717681796875 0.2930518734375 0.083641778125 0.2867628640625 0.09419798593749999 0.27558448750000003 0.09885983125 0.26329834218750003 0.0903785375 0.2432008828125 0.0824047140625 0.2429104265625 0.0726105765625 0.24838211875 0.06058889375 0.251845521875 0.052197014062500005 0.2537020046875 0.042847128125 0.26765052968749997 0.0447568515625 0.28384233281250004 0.0533600328125 0.29614163437499996 0.064582621875 0.29767851562500003