0 0.6890296984375001 0.3494357734375 0.73327063125 0.3386901625 0.74656983125 0.326256965625 0.74730719375 0.308320015625 0.7302190093750001 0.2962681171875 0.69539811875 0.29561994999999996 0.6476937984375 0.3089566390625 0.6334715640625 0.328289428125 0.6558705406249999 0.33947265781249997 0.6890296984375001 0.3494357734375
0 0.5364570078125 0.18379738437499998 0.5116219859375 0.18802816875 0.47706758593750004 0.20767445312500002 0.4642033890625 0.21458389375000003 0.4571951828125 0.2271954484375 0.465243803125 0.23785003124999998 0.48531956875000004 0.2352407359375 0.5041834671875 0.228108678125 0.5156055109375 0.22227816093750002 0.5254988484374999 0.2172035078125 0.5427760484374999 0.2073803640625 0.5518323421875 0.19595126875 0.5517449453125 0.1859334734375 0.5364570078125 0.18379738437499998
0 0.513101871875 0.29046751875 0.52492731875 0.279681428125 0.521869065625 0.271498415625 0.512436284375 0.2653697015625 0.49212940781250003 0.2638859375 0.4653328640625 0.2672573125 0.463315021875 0.2823404421875 0.4625082171875 0.29225158906250004 0.47344113125 0.3007483328125 0.49666088437499994 0.2969503609375 0.513101871875 0.29046751875
0 0.440731446875 0.304665384375 0.4412499875 0.29690896875 0.4429509875 0.28710447031249997 0.445344490625 0.27988440625 0.43677733124999996 0.27698623906250003 0.431671825 0.2773155078125 0.41926901875 0.282716321875 0.4098950546875 0.2897293015625 0.39775276875 0.3057940234375 0.40880082343749996 0.3114899265625 0.42789582812500004 0.3084509265625 0.440731446875 0.304665384375
0 0.4826311453125 0.1670575921875 0.49093695468750004 0.1495971109375 0.48003344531250003 0.14767121562500002 0.4718991 0.1463883171875 0.45770706250000004 0.14188109375 0.43650682031250004 0.14998542343750002 0.4282001796875 0.157751159375 0.42955659687500003 0.166043928125 0.42194245625000004 0.1763941 0.41533848124999995 0.1937448265625 0.43175172812499996 0.20008062343750002 0.45300995468750005 0.1954232421875 0.4737773890625 0.185703640625 0.476199465625 0.1753596828125 0.4826311453125 0.1670575921875
0 0.3526425515625 0.3007063578125 0.35929950625 0.29863414375 0.3691046375 0.29485291406249997 0.36749414375 0.2915340984375 0.361629834375 0.2884896234375 0.354972878125 0.2905618390625 0.3476913265625 0.29568629375 0.343702190625 0.2996400609375 0.3526425515625 0.3007063578125
0 0.3328265640625 0.320539040625 0.33437075781250003 0.31821943125 0.33197456875000003 0.3157428328125 0.324988696875 0.31553559062500003 0.32075983125 0.317535003125 0.31844537812499996 0.321120503125 0.318349759375 0.32147269375 0.3235315484375 0.3230296328125 0.3251913890625 0.32275813750000004 0.32931932812500003 0.321998578125 0.3328265640625 0.320539040625
0 0.339804934375 0.23342599375 0.3361530390625 0.2311126046875 0.3287630375 0.231013646875 0.323769221875 0.23339128437499998 0.3176353453125 0.23798024843749999 0.321186309375 0.24153349375 0.3294569046875 0.24330233906249998 0.3328775125 0.24151949843749998 0.3404836703125 0.23757559062500003 0.339804934375 0.23342599375
0 0.3053587671875 0.17852920156250002 0.2935125765625 0.1824143984375 0.2831915453125 0.185357665625 0.27639498749999997 0.1898451203125 0.27216034843750003 0.195601415625 0.2792537328125 0.1988556375 0.29206290625000003 0.20022281249999999 0.30515338281250004 0.2009813453125 0.3206569359375 0.194160859375 0.32840095156250004 0.1865754546875 0.32446143125 0.18016534374999998 0.313991984375 0.17923777031250002 0.3053587671875 0.17852920156250002
0 0.23219299843750002 0.19404555 0.23625073593749998 0.197579909375 0.2441733609375 0.2006119375 0.26084699218749996 0.196499759375 0.2653482625 0.1917385515625 0.26429640625 0.1861544859375 0.2545082078125 0.18611090156250001 0.25188718125 0.1862799390625 0.24184745 0.18861456875 0.2350655625 0.1914982984375 0.23219299843750002 0.19404555
0 0.20412482812500002 0.2883107625 0.2032209578125 0.28162051250000003 0.1905451 0.2807508828125 0.1719467875 0.289289384375 0.16854181562499998 0.29980050468749997 0.176316453125 0.3039387171875 0.1814398671875 0.3014993734375 0.1895989265625 0.29877989375 0.20116381562500002 0.2955033375 0.20440655937500002 0.29267914375 0.20412482812500002 0.2883107625
0 0.2165223765625 0.3246281828125 0.22413392812500002 0.32649927968750003 0.2367800171875 0.32559933750000003 0.2496478734375 0.32055161249999997 0.252608884375 0.3133590375 0.24871380156249998 0.30711477187499997 0.23615659375 0.3083464078125 0.2142119890625 0.32098113125 0.2165223765625 0.3246281828125
0 0.131829315625 0.263954590625 0.141335778125 0.25962979375 0.16724924531250002 0.25019773437500004 0.1851365375 0.239005671875 0.1832554421875 0.23364379999999998 0.171838109375 0.23083715468750002 0.1619165984375 0.230296028125 0.1493442921875 0.22815436875 0.133011071875 0.23022002656249999 0.12061737187499999 0.23869579999999999 0.1120441171875 0.24650339843750002 0.1145771234375 0.2559567078125 0.12087104374999999 0.261202696875 0.131829315625 0.263954590625
0 0.8510870374999999 0.24106611249999998 0.8519361 0.235258553125 0.8343678406249999 0.2361176390625 0.8285654609374999 0.23959654062500002 0.8223945875 0.24529074843749998 0.831964496875 0.2486913875 0.8449801515625 0.24520385312499998 0.8510870374999999 0.24106611249999998
0 0.57344385625 0.28563594531250003 0.5724014515625 0.27995037031250003 0.558936515625 0.2781706484375 0.5513388734375 0.2821305890625 0.5497364874999999 0.2887172484375 0.557975825 0.2907426703125 0.570222284375 0.2897702296875 0.57344385625 0.28563594531250003
0 0.5424760359375 0.2993213875 0.5343655921875 0.3049580578125 0.5337248234375 0.3097477265625 0.54217245625 0.3107552578125 0.5515975875 0.3082298015625 0.558698309375 0.3042105953125 0.5602852781250001 0.3047474484375 0.560862059375 0.3015142484375 0.5556682265624999 0.29828795625 0.5503464203124999 0.2981746046875 0.5424760359375 0.2993213875
0 0.7039708 0.2109415328125 0.7021930546874999 0.20677972968749997 0.68727760625 0.19686186562500002 0.6763923968750001 0.195802990625 0.664701140625 0.19297231875 0.64812485625 0.1904566984375 0.6419974671875 0.18613519218750002 0.6332094078125 0.18053883125 0.6170916296875 0.1822072078125 0.6102810484375001 0.1926458015625 0.6113858999999999 0.2029512421875 0.625473109375 0.20977806875 0.6253577921875 0.2167661921875 0.6118844375 0.2233580328125 0.60379305625 0.231489446875 0.5989583609375 0.23941082812499997 0.6046672765625 0.25577113281249997 0.6128977609375 0.260523003125 0.6238657921875 0.26189098125 0.6428261359375 0.2584670546875 0.6515801109375 0.25280847031250003 0.65825318125 0.24803875937500003 0.6692477609374999 0.2371416578125 0.684702946875 0.233000453125 0.6925696421875001 0.24381313593749998 0.6853065015625 0.2550355890625 0.6843363984375 0.27119775156250003 0.6973247 0.27268699218750003 0.71319400625 0.27009130625 0.7397487859375 0.2566813421875 0.7420825140625 0.2431354640625 0.7338060515625 0.21719294374999998 0.7270101234374999 0.2054307578125 0.7039708 0.2109415328125