0 0.9292068484374999 0.6397341609375 0.9197755531249999 0.6520128109375001 0.9148184468749999 0.659973575 0.9130577343749999 0.6698592046875 0.9237706781250001 0.6864013046874999 0.9339367640624999 0.6923522796875 0.9464874375000001 0.6905036234375 0.9561536500000001 0.6877730984375 0.9661618359374999 0.6756708234375 0.9684524546875 0.6640519421875 0.9712729828125 0.6506998078125 0.9685595078125001 0.6451320640625 0.9615428359375 0.63919633125 0.95248355 0.631688478125 0.9455138609375 0.6276623703124999 0.9370014328125 0.6307456421875 0.9292068484374999 0.6397341609375
0 0.109975340625 0.802482615625 0.11526488125 0.776489284375 0.1233178890625 0.757193378125 0.123511540625 0.7466736265625 0.11953251093749999 0.7399157578125 0.11296829374999999 0.7333750375 0.09635677031249999 0.733333984375 0.080311453125 0.72236240625 0.06510561718749999 0.72680210625 0.0589874453125 0.7319842296875 0.0550964625 0.7348247156250001 0.048517590625 0.739865990625 0.0475169921875 0.754672871875 0.042282065625 0.7586137515625 0.037763134375 0.7668036140625001 0.036187389062500006 0.776900815625 0.0452722453125 0.786730971875 0.05490874999999999 0.7881658671875 0.0533330046875 0.7982630703125 0.05197440625000001 0.8109454625 0.062632103125 0.82881288125 0.07518539375 0.8371846453125 0.091732365625 0.8407322828125 0.10160067187499999 0.8331703703125 0.10532730781249999 0.81768564375 0.109975340625 0.802482615625
0 0 0.8055024859375 0.000771715625 0.8056259953125 0.0108235859375 0.8008992765625 0.012833635937499999 0.793444965625 0.013648298437500001 0.7837424562499999 0.013328679687500001 0.7742310875 0.0135213671875 0.7656832312499999 0.017930015625 0.756541590625 0.026109693750000003 0.751780409375 0.0324234484375 0.75048318125 0.0406109484375 0.7395382765625 0.0441657484375 0.7287907812500001 0.0484036265625 0.7193279718750001 0.046894890625000005 0.711066821875 0.0362022296875 0.706452940625 0.042428240625 0.698404846875 0.045414346875 0.6974350609375 0.057893009375000005 0.685650403125 0.0606832578125 0.6703657796875 0.0504417984375 0.664276075 0.037533853125 0.6686675265625001 0.03381610625 0.6729101265625 0.0276872171875 0.671843221875 0.02104601875 0.6698128031249999 0.011179014062500001 0.6721753875 0.008355851562499999 0.6796500671875 0.0080550484375 0.680633946875 0 0.6854568640625 0 0.8055024859375
0 0.6728887390625 0.25847923125 0.6700618781250001 0.265023553125 0.6748971375 0.2708235109375 0.6911494421875 0.269001140625 0.7020059703125 0.2686160265625 0.7147836078124999 0.27005301406250004 0.729935228125 0.2691288953125 0.7448269421875 0.25824720624999997 0.7369049140625 0.24903400156250002 0.7248177484375 0.245338584375 0.7157097109375 0.2481104125 0.70155113125 0.25119027968749996 0.6878027640625 0.255630325 0.6728887390625 0.25847923125
0 0.7346142953125 0.21869936874999998 0.724923428125 0.2206756265625 0.7189671328125 0.22935009375 0.724147628125 0.2340208375 0.7352417515624999 0.23556050625 0.7432267921875 0.2256541453125 0.7346142953125 0.21869936874999998
0 0.7073328453125 0.2214714625 0.7031230796875 0.21092368281249999 0.6949207937499999 0.20532908437500003 0.679013725 0.206022240625 0.67879844375 0.2121302390625 0.7073328453125 0.2214714625
0 0.67263658125 0.207233278125 0.6662334546875 0.2038104671875 0.6598100812500001 0.20301878593749997 0.65742346875 0.2069776953125 0.6603536906249999 0.21021783749999998 0.6689593140625 0.21284884062499998 0.67263658125 0.207233278125
0 0.6662325250000001 0.1935539390625 0.6666113421875 0.191032434375 0.6624107125 0.18681781718749998 0.6550446562500001 0.1839797171875 0.6518483890625 0.1841746640625 0.6498405968750001 0.1856120671875 0.6512546171875 0.188681696875 0.6546253390625 0.19176347968750002 0.6609465328125 0.195454275 0.6662325250000001 0.1935539390625
0 0.6371642265624999 0.25528843125 0.6380558187500001 0.2587844078125 0.6419692203125 0.2588087140625 0.6462922828125001 0.25749308593750003 0.6529614515625 0.2574808078125 0.6623863921875001 0.25743194687500004 0.6619150515625 0.2564087359375 0.6623449609375001 0.25243767500000003 0.6589231468750001 0.2508054515625 0.65126020625 0.25022086875 0.6443143984375 0.24985553437500002 0.6382293390625 0.25180460625 0.6371642265624999 0.25528843125
0 0.5689333703125 0.1560267625 0.55199969375 0.1508496171875 0.537953103125 0.1517225359375 0.5349004828125 0.1546648 0.5240269109375 0.1522016484375 0.5203125 0.15033675156249998 0.5203125 0.2409822203125 0.5330921296875 0.24368006250000002 0.5438453015625 0.24653702187499998 0.558230521875 0.24878194374999998 0.568798075 0.24942907343749998 0.5809634203125 0.24625853593749997 0.59449580625 0.245659025 0.607842571875 0.2428496859375 0.6201935375 0.241888978125 0.6293388734375001 0.24296252499999998 0.6404532421875 0.24463806250000003 0.6520391625 0.23913729843749998 0.6578709968750001 0.232738565625 0.6590423734375 0.22749868125 0.6592079078124999 0.21850635624999998 0.6517807640625 0.2132213375 0.643839415625 0.20820972656249997 0.6225312140625 0.19480530000000001 0.616165090625 0.19027528437500002 0.6034880203124999 0.1782178125 0.5938184375 0.1718165953125 0.5801781796875 0.1629095734375 0.5689333703125 0.1560267625
0 0.504557571875 0.288404221875 0.5203125 0.28176305625000003 0.5203125 0.2251574953125 0.5013657453125 0.213745759375 0.472230275 0.21085305468749999 0.44282286718749997 0.21539585312499998 0.416952521875 0.234553584375 0.4145041515625 0.245834859375 0.43992994531249996 0.264134390625 0.4490069359375 0.26390205 0.46589960625 0.2675629296875 0.48103628125000003 0.27369440312500004 0.504557571875 0.288404221875
0 0.3943704671875 0.184041475 0.3582852546875 0.19406129375 0.34389108749999997 0.21823136875000002 0.3463895953125 0.246062321875 0.356184025 0.25657541875 0.3758220671875 0.2610756421875 0.3947176046875 0.23527432187500003 0.398847721875 0.2184922984375 0.3943704671875 0.184041475
0 0.32553847187499996 0.1735235078125 0.29860450156249996 0.1863411421875 0.27619696718750003 0.2170836515625 0.283394528125 0.2328177078125 0.29368364687500004 0.24498576875000003 0.31812006406250004 0.25997536875 0.33068398125 0.23524573124999998 0.337682903125 0.205807246875 0.32553847187499996 0.1735235078125
0 0 0.1496027171875 0.00690159375 0.1533203859375 0.022030198437500002 0.16725184531249998 0.0286300375 0.168494103125 0.0428325859375 0.18291795625 0.053077914062499995 0.1798461453125 0.07096659375 0.182213203125 0.0766584640625 0.1940350796875 0.08680442031249999 0.19636149375 0.10670331250000001 0.19469004375 0.1221887609375 0.19477133124999998 0.1314086625 0.1975901375 0.1532183921875 0.1972784046875 0.1688619453125 0.19430596875 0.185174075 0.19929308750000002 0.19336855 0.20800250937500003 0.2063107546875 0.218938975 0.22339083906249999 0.2264874265625 0.2544611125 0.22125177499999998 0.261318425 0.214042084375 0.268866878125 0.196962 0.2736958953125 0.183703590625 0.2755886484375 0.1749760828125 0.2734428921875 0.1642383640625 0.26629193125 0.1597255484375 0.2542351375 0.1560394171875 0.228328171875 0.151996440625 0.2111487140625 0.14984621250000002 0.18480808437500001 0.1472216796875 0.179843525 0.1457038609375 0.1576995046875 0.142035815625 0.1386679375 0.1408703734375 0.133210984375 0.1384264984375 0.12883818593750002 0.1324365109375 0.108388175 0.1308374046875 0.102280728125 0.1305212015625 0.0884305546875 0.13016435312500002 0.074738484375 0.12675378125 0.068355475 0.1248023 0.0584263515625 0.12176666249999998 0.0534030609375 0.11790434375 0.046961321875 0.1136083609375 0.041170078124999995 0.10718470937499999 0.035437564062499996 0.10310555937500002 0.0241487234375 0.101980759375 0.012701781249999999 0.10390968281249999 0.0068111640625 0.10288425625 0 0.100801875 0 0.1496027171875