0 0.6990730015625 0.7938975046875 0.711771734375 0.7757250015625 0.7070519765625 0.7660480640625 0.6663782515625 0.7914761265625 0.6495890609375 0.80126195 0.6284655734375 0.8123631578125 0.6134017265625 0.8324878015625 0.6218264828125 0.8395590984375 0.642310196875 0.8407488421875 0.6362400781249999 0.8453066296875 0.6256730968750001 0.8576478406250001 0.6366150578124999 0.8698801703125 0.6679804046875 0.8593738359374999 0.6869826265625 0.8405226984375 0.6860491453125 0.8250060953125 0.6824359015625 0.810796503125 0.6829131203125 0.8049735859375 0.6990730015625 0.7938975046875
0 0.5632830531249999 0.64131178125 0.571566203125 0.62768868125 0.5733832984375 0.6212122640625 0.558969703125 0.61546473125 0.5519556328124999 0.618087128125 0.52908585 0.6460119515625 0.5431847953125 0.65111435625 0.5632830531249999 0.64131178125
0 0.562533090625 0.5921646984375 0.5583718328125 0.5734308218749999 0.5571132296875 0.5708503046875 0.532924515625 0.5722661984374999 0.5230681109375 0.58266365 0.5269147265624999 0.600752396875 0.5336849499999999 0.6078320671874999 0.562533090625 0.5921646984375
0 0.4908715234375 0.5472569218750001 0.5105633703125 0.553624459375 0.542720584375 0.5379403375 0.5428831453125 0.5314722953125 0.530753384375 0.5270066453125 0.51420804375 0.527090403125 0.4928511859375 0.5343124593749999 0.49017141875 0.53561946875 0.4908715234375 0.5472569218750001
0 0.5100886874999999 0.454031659375 0.4930766015625 0.44635711562499997 0.4802362578125 0.44383522812500004 0.4733034734375 0.44322360312500003 0.45525568125 0.4504289078125 0.4384664921875 0.46021473281249997 0.43183787812499996 0.4738294515625 0.43127938749999994 0.48288638749999996 0.43371531093750004 0.49128144375 0.440800184375 0.49900624374999997 0.45064611093750007 0.502190009375 0.4730282015625 0.49366931718749996 0.49155320468749997 0.48064109843749997 0.5040893703125 0.46893663906249994 0.5100886874999999 0.454031659375
0 0.438996084375 0.3864857328125 0.43198201875000003 0.38910812968749997 0.408412128125 0.4053954984375 0.40618862343749995 0.42804202656249996 0.41689721406249997 0.4363952078125 0.421302321875 0.445427015625 0.4277579 0.451861553125 0.4514798765625 0.442687359375 0.4682690625 0.4329015328125 0.47694814062499996 0.416689546875 0.477983853125 0.4018096953125 0.46664595468750003 0.392166259375 0.45357224687500003 0.3857652203125 0.438996084375 0.3864857328125
0 0.3479617140625 0.2264282421875 0.3714538671875 0.2164865390625 0.38541150625 0.2047513359375 0.3980635984375 0.1887252796875 0.4014027203125 0.174588134375 0.3818134703125 0.1667062953125 0.36588569375 0.1631033828125 0.3658906609375 0.15665716406250002 0.37023662812499997 0.146198465625 0.366016346875 0.1391597078125 0.342707146875 0.1543188359375 0.3320786859375 0.16480933749999999 0.3192050515625 0.1771529765625 0.30846582499999997 0.18580227031250002 0.2992636140625 0.18953239375 0.2941609671875 0.2113525109375 0.295649465625 0.22086078750000002 0.3057763875 0.2303253375 0.327278509375 0.23083041093749998 0.3479617140625 0.2264282421875
0 0.3613679140625 0.10541745 0.3627368921875 0.07594219375 0.340001421875 0.074522475 0.33559321249999996 0.06871251874999999 0.2908155046875 0.08827778750000001 0.2702766734375 0.0994323828125 0.2638734625 0.110515425 0.2710371265625 0.1316595171875 0.2505605359375 0.1590827734375 0.259637065625 0.1728501015625 0.2827533671875 0.1653659984375 0.293155321875 0.157639296875 0.3161994359375 0.1467789796875 0.3350855078125 0.1451485625 0.3679341859375 0.125336721875 0.3623312109375 0.11707712031249999 0.3613679140625 0.10541745
0 0.23582873124999998 0.1078947375 0.2549462828125 0.09705429531250001 0.2635511078125 0.0920993515625 0.276718459375 0.0868143421875 0.2964333984375 0.077198725 0.3182441609375 0.06542376718750001 0.336089775 0.0552036921875 0.3433504859375 0.0474928890625 0.35046681875 0.0330296625 0.3416068484375 0.029390975000000003 0.3288153484375 0.0322183875 0.3164718890625 0.0359644125 0.29889135625 0.041885682812500005 0.262602140625 0.059485703125 0.2331989625 0.0750631453125 0.2193570640625 0.0821933359375 0.20730732343749997 0.0929979953125 0.1984759921875 0.10071674687500001 0.19555627656250002 0.10441506874999999 0.20456061874999998 0.11480618281249999 0.21776157812500002 0.114432396875 0.23582873124999998 0.1078947375
0 0.74280899375 0.9129466890625 0.74244408125 0.9026895140625 0.73993149375 0.8975379468750001 0.72739015 0.8932196171875001 0.7122902578125 0.88840998125 0.714232496875 0.8805059171874999 0.70899039375 0.8685693921875 0.7038847875 0.8664217171875 0.694792678125 0.8667981203125 0.6786757062500001 0.8706007781249999 0.6664992734374999 0.8765396203125 0.654288371875 0.8859736609375 0.6548931890625 0.89553409375 0.6606265953125 0.9049120703125 0.67040395625 0.905940640625 0.6764462109375 0.9076314812499999 0.669317934375 0.9215433281250001 0.6699457328125 0.92877363125 0.6733604984375 0.9369635609375001 0.685627465625 0.9454738296875 0.699631234375 0.94328158125 0.7094660453125 0.9384848234375 0.724920746875 0.9309470609374999 0.7350184468750001 0.92312343125 0.74280899375 0.9129466890625
0 0.362253465625 0.248282878125 0.3489563140625 0.2538779953125 0.335921728125 0.2691387609375 0.334412659375 0.27699748125 0.3395687453125 0.29852179687499997 0.34553230625000003 0.3107489078125 0.362143321875 0.33202830625 0.3706859921875 0.33676514062499996 0.3878595640625 0.33729240312500003 0.37840354062500003 0.352588459375 0.37398221249999997 0.365428934375 0.3756832609375 0.3743929875 0.3838574859375 0.3801998625 0.40399625625 0.3703775265625 0.41303089687499994 0.361519353125 0.42234574687500004 0.36053754531250004 0.434537565625 0.35815254687500003 0.450676390625 0.354732803125 0.4603949796875 0.34910239375 0.4547469234375 0.34117308749999997 0.44411711406250004 0.33033151875 0.43987224999999996 0.32527918125 0.41517310781249994 0.325751371875 0.41070097031249997 0.307454821875 0.428401803125 0.2908085109375 0.41391322031250005 0.27205528437500004 0.39640649843750003 0.2690194984375 0.3764794828125 0.2573704578125 0.362253465625 0.248282878125