0 0.2061024953125 0.6990730015625 0.2242749984375 0.711771734375 0.23395193593750002 0.7070519765625 0.20852387343749998 0.6663782515625 0.19873805 0.6495890609375 0.1876368421875 0.6284655734375 0.1675121984375 0.6134017265625 0.1604409015625 0.6218264828125 0.15925115781250002 0.642310196875 0.1546933703125 0.6362400781249999 0.142352159375 0.6256730968750001 0.1301198296875 0.6366150578124999 0.1406261640625 0.6679804046875 0.1594773015625 0.6869826265625 0.1749939046875 0.6860491453125 0.189203496875 0.6824359015625 0.19502641406250001 0.6829131203125 0.2061024953125 0.6990730015625
0 0.35868821875 0.5632830531249999 0.37231131875 0.571566203125 0.3787877359375 0.5733832984375 0.38453526875 0.558969703125 0.381912871875 0.5519556328124999 0.3539880484375 0.52908585 0.34888564375 0.5431847953125 0.35868821875 0.5632830531249999
0 0.4078353015625 0.562533090625 0.426569178125 0.5583718328125 0.42914969531249997 0.5571132296875 0.4277338015625 0.532924515625 0.41733634999999997 0.5230681109375 0.39924760312499996 0.5269147265624999 0.3921679328125 0.5336849499999999 0.4078353015625 0.562533090625
0 0.452743078125 0.4908715234375 0.44637554062499996 0.5105633703125 0.4620596625 0.542720584375 0.4685277046875 0.5428831453125 0.47299335468750003 0.530753384375 0.472909596875 0.51420804375 0.465687540625 0.4928511859375 0.46438053124999995 0.49017141875 0.452743078125 0.4908715234375
0 0.545968340625 0.5100886874999999 0.5536428843750001 0.4930766015625 0.556164771875 0.4802362578125 0.5567763968749999 0.4733034734375 0.5495710921875 0.45525568125 0.5397852671875001 0.4384664921875 0.5261705484375 0.43183787812499996 0.5171136125 0.43127938749999994 0.5087185562500001 0.43371531093750004 0.50099375625 0.440800184375 0.497809990625 0.45064611093750007 0.5063306828125 0.4730282015625 0.5193589015625 0.49155320468749997 0.5310633609375001 0.5040893703125 0.545968340625 0.5100886874999999
0 0.6135142671875 0.438996084375 0.6108918703125 0.43198201875000003 0.5946045015625 0.408412128125 0.5719579734375 0.40618862343749995 0.5636047921875 0.41689721406249997 0.554572984375 0.421302321875 0.548138446875 0.4277579 0.557312640625 0.4514798765625 0.5670984671875 0.4682690625 0.583310453125 0.47694814062499996 0.5981903046875 0.477983853125 0.6078337406250001 0.46664595468750003 0.6142347796875 0.45357224687500003 0.6135142671875 0.438996084375
0 0.7735717578125 0.3479617140625 0.7835134609375001 0.3714538671875 0.7952486640624999 0.38541150625 0.8112747203125 0.3980635984375 0.825411865625 0.4014027203125 0.8332937046875 0.3818134703125 0.8368966171875 0.36588569375 0.8433428359375 0.3658906609375 0.8538015343750001 0.37023662812499997 0.8608402921874999 0.366016346875 0.8456811640625 0.342707146875 0.8351906625 0.3320786859375 0.8228470234374999 0.3192050515625 0.8141977296875 0.30846582499999997 0.8104676062499999 0.2992636140625 0.7886474890625 0.2941609671875 0.7791392125 0.295649465625 0.7696746625 0.3057763875 0.7691695890625 0.327278509375 0.7735717578125 0.3479617140625
0 0.89458255 0.3613679140625 0.9240578062499999 0.3627368921875 0.925477525 0.340001421875 0.93128748125 0.33559321249999996 0.9117222125 0.2908155046875 0.9005676171875001 0.2702766734375 0.889484575 0.2638734625 0.8683404828124999 0.2710371265625 0.8409172265624999 0.2505605359375 0.8271498984375001 0.259637065625 0.8346340015625 0.2827533671875 0.842360703125 0.293155321875 0.8532210203125 0.3161994359375 0.8548514375 0.3350855078125 0.874663278125 0.3679341859375 0.8829228796875 0.3623312109375 0.89458255 0.3613679140625
0 0.8921052625 0.23582873124999998 0.9029457046875 0.2549462828125 0.9079006484375001 0.2635511078125 0.9131856578124999 0.276718459375 0.922801275 0.2964333984375 0.9345762328125 0.3182441609375 0.9447963078124999 0.336089775 0.9525071109375001 0.3433504859375 0.9669703374999999 0.35046681875 0.9706090250000001 0.3416068484375 0.9677816124999999 0.3288153484375 0.9640355875 0.3164718890625 0.9581143171875001 0.29889135625 0.9405142968750001 0.262602140625 0.9249368546875001 0.2331989625 0.9178066640625 0.2193570640625 0.9070020046874999 0.20730732343749997 0.899283253125 0.1984759921875 0.8955849312499999 0.19555627656250002 0.8851938171875 0.20456061874999998 0.885567603125 0.21776157812500002 0.8921052625 0.23582873124999998
0 0.08705331093749999 0.74280899375 0.0973104859375 0.74244408125 0.10246205312500001 0.73993149375 0.10678038281249999 0.72739015 0.11159001875 0.7122902578125 0.1194940828125 0.714232496875 0.1314306078125 0.70899039375 0.1335782828125 0.7038847875 0.1332018796875 0.694792678125 0.129399221875 0.6786757062500001 0.12346037968750001 0.6664992734374999 0.1140263390625 0.654288371875 0.10446590625 0.6548931890625 0.09508792968749999 0.6606265953125 0.094059359375 0.67040395625 0.09236851874999999 0.6764462109375 0.078456671875 0.669317934375 0.07122636875 0.6699457328125 0.0630364390625 0.6733604984375 0.0545261703125 0.685627465625 0.05671841875 0.699631234375 0.061515176562499996 0.7094660453125 0.0690529390625 0.724920746875 0.07687656875 0.7350184468750001 0.08705331093749999 0.74280899375
0 0.751717121875 0.362253465625 0.7461220046875 0.3489563140625 0.7308612390625 0.335921728125 0.72300251875 0.334412659375 0.701478203125 0.3395687453125 0.6892510921875 0.34553230625000003 0.66797169375 0.362143321875 0.6632348593749999 0.3706859921875 0.662707596875 0.3878595640625 0.6474115406250001 0.37840354062500003 0.634571065625 0.37398221249999997 0.6256070125 0.3756832609375 0.6198001375 0.3838574859375 0.6296224734375 0.40399625625 0.638480646875 0.41303089687499994 0.6394624546875 0.42234574687500004 0.641847453125 0.434537565625 0.645267196875 0.450676390625 0.65089760625 0.4603949796875 0.6588269125 0.4547469234375 0.66966848125 0.44411711406250004 0.67472081875 0.43987224999999996 0.674248628125 0.41517310781249994 0.6925451781249999 0.41070097031249997 0.7091914890625 0.428401803125 0.727944715625 0.41391322031250005 0.7309805015624999 0.39640649843750003 0.7426295421875 0.3764794828125 0.751717121875 0.362253465625