0 0.9370014328125 0.3692543578125 0.9455138609375 0.3723376296875 0.95248355 0.368311521875 0.9615428359375 0.36080366875 0.9685595078125001 0.3548679359375 0.9712729828125 0.34930019218749997 0.9684524546875 0.3359480578125 0.9661618359374999 0.3243291765625 0.9561536500000001 0.3122269015625 0.9464874375000001 0.3094963765625 0.9339367640624999 0.3076477203125 0.9237706781250001 0.3135986953125 0.9130577343749999 0.3301407953125 0.9148184468749999 0.340026425 0.9197755531249999 0.34798718906250004 0.9292068484374999 0.3602658390625 0.9370014328125 0.3692543578125
0 0.06510561718749999 0.27319789375000003 0.080311453125 0.27763759375 0.09635677031249999 0.266666015625 0.11296829374999999 0.2666249625 0.11953251093749999 0.2600842421875 0.123511540625 0.25332637343750003 0.1233178890625 0.24280662187500002 0.11526488125 0.22351071562499997 0.109975340625 0.197517384375 0.10532730781249999 0.18231435625 0.10160067187499999 0.16682962968749998 0.091732365625 0.1592677171875 0.07518539375 0.1628153546875 0.062632103125 0.17118711874999998 0.05197440625000001 0.1890545375 0.0533330046875 0.2017369296875 0.05490874999999999 0.21183413281250002 0.0452722453125 0.21326902812499998 0.036187389062500006 0.223099184375 0.037763134375 0.2331963859375 0.042282065625 0.2413862484375 0.0475169921875 0.24532712812500002 0.048517590625 0.26013400937500003 0.0550964625 0.26517528437500004 0.0589874453125 0.2680157703125 0.06510561718749999 0.27319789375000003
0 0 0.3145431359375 0.0080550484375 0.319366053125 0.008355851562499999 0.3203499328125 0.011179014062500001 0.3278246125 0.02104601875 0.330187196875 0.0276872171875 0.328156778125 0.03381610625 0.32708987343749996 0.037533853125 0.3313324734375 0.0504417984375 0.33572392500000003 0.0606832578125 0.3296342203125 0.057893009375000005 0.31434959687499997 0.045414346875 0.3025649390625 0.042428240625 0.30159515312499996 0.0362022296875 0.293547059375 0.046894890625000005 0.288933178125 0.0484036265625 0.28067202812500003 0.0441657484375 0.27120921875000004 0.0406109484375 0.2604617234375 0.0324234484375 0.24951681875 0.026109693750000003 0.248219590625 0.017930015625 0.243458409375 0.0135213671875 0.23431676875 0.013328679687500001 0.22576891250000003 0.013648298437500001 0.21625754375 0.012833635937499999 0.206555034375 0.0108235859375 0.19910072343750002 0.000771715625 0.1943740046875 0 0.1944975140625 0 0.3145431359375
0 0.7248177484375 0.754661415625 0.7369049140625 0.7509659984375 0.7448269421875 0.74175279375 0.729935228125 0.7308711046874999 0.7147836078124999 0.7299469859375 0.7020059703125 0.7313839734375 0.6911494421875 0.730998859375 0.6748971375 0.7291764890625 0.6700618781250001 0.734976446875 0.6728887390625 0.74152076875 0.6878027640625 0.744369675 0.70155113125 0.7488097203125 0.7157097109375 0.7518895875 0.7248177484375 0.754661415625
0 0.724923428125 0.7793243734375 0.7346142953125 0.7813006312499999 0.7432267921875 0.7743458546875 0.7352417515624999 0.7644394937500001 0.724147628125 0.7659791625000001 0.7189671328125 0.77064990625 0.724923428125 0.7793243734375
0 0.679013725 0.7939777593749999 0.6949207937499999 0.794670915625 0.7031230796875 0.7890763171875 0.7073328453125 0.7785285375 0.67879844375 0.7878697609375 0.679013725 0.7939777593749999
0 0.6662334546875 0.7961895328125 0.67263658125 0.792766721875 0.6689593140625 0.787151159375 0.6603536906249999 0.7897821625 0.65742346875 0.7930223046875 0.6598100812500001 0.7969812140625 0.6662334546875 0.7961895328125
0 0.6666113421875 0.8089675656249999 0.6662325250000001 0.8064460609375 0.6609465328125 0.804545725 0.6546253390625 0.8082365203125 0.6512546171875 0.811318303125 0.6498405968750001 0.8143879328124999 0.6518483890625 0.8158253359375 0.6550446562500001 0.8160202828124999 0.6624107125 0.8131821828125 0.6666113421875 0.8089675656249999
0 0.6623449609375001 0.747562325 0.6619150515625 0.7435912640625 0.6623863921875001 0.7425680531250001 0.6529614515625 0.7425191921875001 0.6462922828125001 0.7425069140625 0.6419692203125 0.7411912859374999 0.6380558187500001 0.7412155921875 0.6371642265624999 0.74471156875 0.6382293390625 0.74819539375 0.6443143984375 0.750144465625 0.65126020625 0.7497791312500001 0.6589231468750001 0.7491945484375 0.6623449609375001 0.747562325
0 0.5809634203125 0.7537414640625 0.568798075 0.7505709265625 0.558230521875 0.75121805625 0.5438453015625 0.753462978125 0.5330921296875 0.7563199375 0.5203125 0.7590177796875001 0.5203125 0.8496632484375001 0.5240269109375 0.8477983515625 0.5349004828125 0.8453352000000001 0.537953103125 0.8482774640624999 0.55199969375 0.8491503828125 0.5689333703125 0.8439732375 0.5801781796875 0.8370904265625001 0.5938184375 0.8281834046875 0.6034880203124999 0.8217821875 0.616165090625 0.809724715625 0.6225312140625 0.8051947 0.643839415625 0.7917902734375 0.6517807640625 0.7867786625 0.6592079078124999 0.78149364375 0.6590423734375 0.77250131875 0.6578709968750001 0.767261434375 0.6520391625 0.7608627015625 0.6404532421875 0.7553619375 0.6293388734375001 0.757037475 0.6201935375 0.758111021875 0.607842571875 0.7571503140625 0.59449580625 0.7543409750000001 0.5809634203125 0.7537414640625
0 0.4145041515625 0.754165140625 0.416952521875 0.765446415625 0.44282286718749997 0.784604146875 0.472230275 0.7891469453125 0.5013657453125 0.786254240625 0.5203125 0.7748425046875 0.5203125 0.71823694375 0.504557571875 0.711595778125 0.48103628125000003 0.726305596875 0.46589960625 0.7324370703125 0.4490069359375 0.73609795 0.43992994531249996 0.735865609375 0.4145041515625 0.754165140625
0 0.398847721875 0.7815077015624999 0.3947176046875 0.764725678125 0.3758220671875 0.7389243578125 0.356184025 0.74342458125 0.3463895953125 0.753937678125 0.34389108749999997 0.7817686312500001 0.3582852546875 0.8059387062500001 0.3943704671875 0.8159585249999999 0.398847721875 0.7815077015624999
0 0.337682903125 0.794192753125 0.33068398125 0.76475426875 0.31812006406250004 0.7400246312500001 0.29368364687500004 0.75501423125 0.283394528125 0.7671822921875 0.27619696718750003 0.7829163484375 0.29860450156249996 0.8136588578125 0.32553847187499996 0.8264764921875001 0.337682903125 0.794192753125
0 0 0.8991981250000001 0.0068111640625 0.89711574375 0.012701781249999999 0.8960903171875 0.0241487234375 0.8980192406249999 0.035437564062499996 0.8968944406249999 0.041170078124999995 0.892815290625 0.046961321875 0.8863916390625001 0.0534030609375 0.88209565625 0.0584263515625 0.8782333375 0.068355475 0.8751977 0.074738484375 0.87324621875 0.0884305546875 0.8698356468749999 0.102280728125 0.8694787984374999 0.108388175 0.8691625953125 0.12883818593750002 0.8675634890625 0.133210984375 0.8615735015625001 0.1386679375 0.8591296265624999 0.1576995046875 0.857964184375 0.179843525 0.8542961390625001 0.18480808437500001 0.8527783203125001 0.2111487140625 0.8501537875 0.228328171875 0.8480035593749999 0.2542351375 0.8439605828125 0.26629193125 0.8402744515625 0.2734428921875 0.8357616359375 0.2755886484375 0.8250239171875 0.2736958953125 0.816296409375 0.268866878125 0.8030379999999999 0.261318425 0.785957915625 0.2544611125 0.778748225 0.22339083906249999 0.7735125734375 0.2063107546875 0.781061025 0.19336855 0.791997490625 0.185174075 0.8007069124999999 0.1688619453125 0.80569403125 0.1532183921875 0.8027215953125 0.1314086625 0.8024098625 0.1221887609375 0.8052286687500001 0.10670331250000001 0.80530995625 0.08680442031249999 0.8036385062500001 0.0766584640625 0.8059649203125 0.07096659375 0.817786796875 0.053077914062499995 0.8201538546875 0.0428325859375 0.8170820437499999 0.0286300375 0.831505896875 0.022030198437500002 0.8327481546875 0.00690159375 0.8466796140625 0 0.8503972828125 0 0.8991981250000001