0 0.057750443750000005 0.422066021875 0.058924767187500005 0.42793733906250003 0.06182115312499999 0.43446864218750003 0.06516568125 0.4367361296875 0.0704314453125 0.43776857500000005 0.07720846406250001 0.4346489421875 0.07958365625 0.4325036296875 0.0825621875 0.428026778125 0.08351989843749999 0.42573248281250003 0.0837688671875 0.423363696875 0.08396804218750001 0.4214686671875 0.08416140625 0.4162200921875 0.083751428125 0.41330305625 0.0823721140625 0.40597322187499996 0.07770969062500001 0.40260923593750003 0.0726489171875 0.40303530781249997 0.06753834843749999 0.4039351390625 0.060966317187499994 0.408513290625 0.058596940625 0.4140121484375 0.057750443750000005 0.422066021875
0 0.12173629999999999 0.42687524374999997 0.119908840625 0.423809225 0.11362394687499999 0.4188377390625 0.10390656406250001 0.419253371875 0.097744509375 0.426748559375 0.09704739531249999 0.4333811609375 0.09659925 0.4376449765625 0.09909728281249999 0.44796633750000003 0.101888265625 0.45209160937500004 0.1093798390625 0.45240001406249997 0.11418583125 0.4509891796875 0.12080765625 0.4459372734375 0.12241850000000001 0.44083767968750004 0.12326499531249999 0.43278380624999996 0.12173629999999999 0.42687524374999997
0 0.1725108625 0.4312538828125 0.1690111390625 0.427054121875 0.1665305453125 0.42679340000000004 0.160113709375 0.43330382656250005 0.1593170078125 0.44088394375 0.1641844203125 0.44570644687499994 0.17151498437499998 0.4407290296875 0.1725108625 0.4312538828125
0 0.282260303125 0.440394059375 0.2809307828125 0.43259046874999996 0.2774310578125 0.42839070625 0.267004934375 0.42873184843749995 0.26291349531249997 0.4335707203125 0.2593374375 0.44373266093749997 0.2556119953125 0.455315871875 0.25754485625 0.46078792343749997 0.264538490625 0.4658339015625 0.27410649375 0.46683953906250003 0.279050240625 0.4573003390625 0.2818179703125 0.4480114234375 0.282260303125 0.440394059375
0 0.24064047500000002 0.4614061546875 0.24295424843750002 0.45302750625000004 0.2442986828125 0.4402360609375 0.24130271093750003 0.434652271875 0.2368892578125 0.4289195 0.2232738 0.42892542968749997 0.220245471875 0.43387603906249994 0.217272753125 0.4417064375 0.21830932500000003 0.4557061203125 0.2197824140625 0.45873489375 0.2241958671875 0.46446766562499997 0.23270657031250003 0.46871511093749996 0.24064047500000002 0.4614061546875
0 0.7703125 0.567245184375 0.78872271875 0.5521339234375 0.8050626015625 0.5142914000000001 0.7966172234375 0.4832132921875 0.779030796875 0.47720068125 0.7703125 0.48297049375 0.7703125 0.567245184375
0 0.75231611875 0.905324865625 0.7478070359375 0.89958256875 0.742965684375 0.900244471875 0.73953850625 0.906908759375 0.735137678125 0.92283670625 0.735020821875 0.9304342953125 0.7354236453125 0.93633038125 0.7369972265625 0.9505447671875 0.7434633140625 0.9506390046875 0.7481781062499999 0.944695428125 0.7517549921875 0.933363878125 0.7530986109375 0.9270659734375 0.7541939671875 0.91664435625 0.75231611875 0.905324865625
0 0.46988220312499995 0.8879327343750001 0.46742382656250003 0.878893728125 0.4587196234375 0.8773935046875 0.45299347812499996 0.8832307859374999 0.4526940625 0.8925653125 0.4544125015625 0.8956727984375 0.4659682015625 0.8992288515625001 0.46988220312499995 0.8879327343750001
0 0.4092290546875 0.8780455828125 0.405713021875 0.8887981546875 0.4069446375 0.8965374734375 0.413996103125 0.9007908609375 0.42272830624999996 0.8987817796875 0.428791571875 0.89297993125 0.4308982796875 0.882664609375 0.427859371875 0.875906084375 0.413302465625 0.8749614687499999 0.4092290546875 0.8780455828125
0 0.134857959375 0.8650131390625001 0.135232778125 0.8744185296874999 0.14161000937499998 0.8786010515625 0.1459316828125 0.8796406546875 0.152674034375 0.8803493046875 0.159266678125 0.8857252140625 0.168307996875 0.8872608718749999 0.16995588125 0.8780680750000001 0.1705924140625 0.86876898125 0.169819621875 0.859907134375 0.1653993953125 0.850076553125 0.1610448671875 0.8461066265625 0.164162928125 0.8358976 0.1706241640625 0.8295522078124999 0.16662990625000001 0.815668775 0.1609597609375 0.81448744375 0.1536368796875 0.8160592781249999 0.1459537328125 0.827544615625 0.1405087015625 0.840435940625 0.1397456109375 0.8444533609375 0.138401990625 0.8507512609375001 0.134857959375 0.8650131390625001
0 0.10360348281250001 0.8283617984375 0.098097596875 0.8418321015625001 0.0947032734375 0.8514267140625 0.09532150625 0.8585161906250001 0.09578517812500001 0.863833296875 0.09616 0.8732386875 0.0998731421875 0.880068078125 0.10627837343749999 0.8807412953125 0.11093231562500001 0.875376696875 0.11288931718749999 0.8697286375 0.1145420546875 0.8669754749999999 0.122103496875 0.856648090625 0.1263497640625 0.8389477765625 0.125057296875 0.8317874328125001 0.120117390625 0.8236583578125 0.1102801296875 0.82320979375 0.10360348281250001 0.8283617984375
0 0.091074134375 0.8340694093750001 0.09179952031250001 0.8206820296874999 0.08627908437500001 0.8148334343749999 0.08091805468749999 0.8171968406250001 0.07145561406249999 0.82615366875 0.0698357296875 0.8318371625 0.068950934375 0.8370125406250001 0.0677618734375 0.8450828093749999 0.06697563281249999 0.8590491671875 0.070379659375 0.8623338203124999 0.0760169515625 0.8605848234375 0.0834895421875 0.854345728125 0.0877735125 0.84601536875 0.091074134375 0.8340694093750001
0 0.0634024953125 0.83467325 0.06566376406249999 0.8261302984375 0.066852825 0.8180600265625 0.062222034375 0.8134756859375001 0.061824064062499996 0.8140192328125 0.058026917187500006 0.817717759375 0.0548103015625 0.8191358046874999 0.052024506250000005 0.8229406296875 0.049945796875 0.8297466468750001 0.0498897953125 0.8367652578125 0.056145320312500004 0.8421057375000001 0.05755464375 0.8416684890624999 0.0634024953125 0.83467325
0 0.6490225328125 0.9616635453125 0.6575079984375 0.9576289828125001 0.659978209375 0.9511707671874999 0.659649634375 0.9372526828125001 0.6691141390625 0.9324253078125 0.6758051421875 0.9326807046875001 0.6824495890625 0.9333790640625 0.6908432765625 0.938739840625 0.6928253062499999 0.9411874421875 0.7039219937500001 0.9378751859375001 0.708700134375 0.9307638296875 0.7118926531249999 0.92169439375 0.715480240625 0.9046050625 0.70972038125 0.8954904046875001 0.6998115765625 0.8917618078125 0.6956160687499999 0.8975908328125 0.6935422640625 0.9045385703125 0.6891139703125 0.9125824093749999 0.684334490625 0.9111843546875 0.6824442390625001 0.8993414124999999 0.67719785 0.8938635749999999 0.6611820125000001 0.8971066625 0.653001175 0.911026084375 0.6528162843749999 0.92130735 0.65384321875 0.9285809875 0.6519556421875 0.9337568718749999 0.64566238125 0.9425004093749999 0.6432161187500001 0.9529918500000001 0.6490225328125 0.9616635453125
0 0.22454150312499999 0.8798767078124999 0.2277579671875 0.8748404937500001 0.2322567671875 0.8703869171875 0.23339942656249998 0.872298440625 0.23864581562499998 0.8777762796875 0.243075446875 0.8782418515625 0.24671226562499998 0.877728384375 0.2504421984375 0.876328990625 0.2512576203125 0.87283184375 0.2519094234375 0.866630359375 0.24999656093749997 0.8592636062500001 0.24848010625 0.852386375 0.24248746250000003 0.8454865328125001 0.23735813281249998 0.8431559921874999 0.23456202187500003 0.8527149515625 0.22850154687500002 0.859243671875 0.22381384531249998 0.8484502765625 0.22096850156249997 0.8414333718749999 0.21721461875 0.8387995421875001 0.203692940625 0.8396176375 0.1968157078125 0.84113409375 0.1934130125 0.8479421593750001 0.19490685937500002 0.8592955812499999 0.197472859375 0.8689702625000001 0.2048875078125 0.8751238515624999 0.214959934375 0.8815567828124999 0.22454150312499999 0.8798767078124999
0 0.353985665625 0.8735051031250001 0.35618140781249996 0.8773040484375001 0.3571949765625 0.8800056046875 0.3562507875 0.8889889609375 0.35696086562499996 0.894578025 0.3606596171875 0.8995080765625 0.366941415625 0.9014658343749999 0.3726990859375 0.899151584375 0.376936403125 0.8927849984374999 0.37788059218750003 0.8838016421875 0.3745200203125 0.8818265406249999 0.36825556718749997 0.8827900109375 0.36708976875 0.8784505625 0.36913134375 0.8682850328124999 0.36578715 0.86306786875 0.3576988546875 0.862866509375 0.353241865625 0.868236871875 0.353985665625 0.8735051031250001
0 0.27742190624999996 0.8489146312500001 0.2761385703125 0.8487797468749999 0.2702113265625 0.8465348765625 0.2640653796875 0.8494570749999999 0.262698225 0.8532059203125 0.26209124687499996 0.858980934375 0.2623456078125 0.865819615625 0.2644739078125 0.870260228125 0.2667197453125 0.870496275 0.270991753125 0.8699721453124999 0.274622090625 0.8693805734375 0.2765981625 0.87218329375 0.2818837390625 0.8743607234375 0.2864091359375 0.8745119828125001 0.2879641796875 0.8844067765625001 0.2908179671875 0.8850311 0.29826459375000003 0.885165015625 0.3004930875 0.882479834375 0.300339890625 0.8746786500000001 0.2990054875 0.871943371875 0.292757409375 0.86966478125 0.2896165109375 0.868685903125 0.2877753234375 0.8645998453124999 0.288500809375 0.8607835578125 0.2930425859375 0.8576927546875 0.30379871718749996 0.8572013765625 0.3083742140625 0.8537897421875 0.30715735 0.8468498984374999 0.30308766875000004 0.8454490218749999 0.29631643125 0.8450617140625001 0.290541415625 0.8444547359374999 0.2840910125 0.84410115 0.27742190624999996 0.8489146312500001