0 0.6771026874999999 0.488482496875 0.6980736015625 0.47883312343749995 0.7092923453125 0.478638225 0.7470365140624999 0.4861069390625 0.7566664703125 0.47588083125 0.7551051125 0.45714440468750006 0.7380874296875 0.43848305468750004 0.725157684375 0.4278751109375 0.709878434375 0.4113113859375 0.677499209375 0.40220196093749994 0.617629334375 0.4148483703125 0.614925678125 0.4421701921875 0.6289553531250001 0.4597228203125 0.6280449906250001 0.4717318328125 0.6131448765624999 0.49307550000000006 0.6391540124999999 0.5063578015625 0.6771026874999999 0.488482496875
0 0.6069966796874999 0.347716428125 0.6271794453124999 0.3508477 0.65199386875 0.3477084703125 0.6893988249999999 0.344157071875 0.7116193140625 0.333518796875 0.6832606718750001 0.3142807125 0.6445113578125 0.3093441640625 0.6183251453125 0.31270066406249997 0.60567975 0.330523265625 0.6069966796874999 0.347716428125
0 0.6847421859375 0.279242575 0.6850539671875 0.298967903125 0.6877975468749999 0.2985333640625 0.7129786124999999 0.297709028125 0.7294675140625 0.2863965703125 0.7368701796875 0.2709863125 0.7285446609374999 0.262813084375 0.71336019375 0.2557262078125 0.69875936875 0.2612027046875 0.6891294125 0.2714288109375 0.6847421859375 0.279242575
0 0.694836015625 0.20091799687499998 0.67548131875 0.21189336406249998 0.671488165625 0.21331680468749997 0.6801528968749999 0.23251014374999998 0.7000912359375 0.23409815156249997 0.7099656203125 0.2254153078125 0.714352846875 0.21760154375 0.7138914203125 0.2058098015625 0.704438540625 0.19939710625 0.694836015625 0.20091799687499998
0 0.5325656609375 0.1664321015625 0.53734270625 0.1779673375 0.54598071875 0.18594101406250002 0.5534553812499999 0.18967388125 0.558835703125 0.1957051546875 0.5631807765625 0.20140872187499997 0.578481640625 0.2048853875 0.5868872875 0.2020790421875 0.5943574859375 0.196470815625 0.5945570906250001 0.1915224625 0.5913947421875 0.177764790625 0.5862899921875 0.16726480625 0.5730268703125 0.1487151796875 0.5655522093750001 0.1449823125 0.5553516328125 0.14266453437499999 0.5437121312500001 0.140574659375 0.5326803734375 0.1423219171875 0.5304862328125 0.1470945 0.5325656609375 0.1664321015625
0 0.67370148125 0.5594957140625 0.6647553546875 0.563927665625 0.66395700625 0.5779232265625 0.6697225625 0.591482171875 0.6887967875000001 0.5938881546875 0.6975620499999999 0.5997359343750001 0.7086803046875 0.605211034375 0.72317094375 0.6053279625 0.7349359109375 0.6034645750000001 0.7428334171875 0.6076407781250001 0.7482555265624999 0.61522406875 0.752530371875 0.619371040625 0.7681043375 0.6187133828125 0.7791878890625 0.616354915625 0.7861189953125 0.606815065625 0.7860495843749999 0.59114793125 0.7794802078124999 0.5801283171875 0.764978625 0.5570989328125 0.7609832875 0.5547167078124999 0.765992540625 0.5406572109375001 0.76849716875 0.5336274624999999 0.76682011875 0.5230389921875 0.7616720421875 0.5057642171875 0.7554753468750001 0.4970975984375 0.74253388125 0.49914732500000003 0.7329063359375 0.5030841984375 0.7229170593750001 0.527580534375 0.7242214312499999 0.5358160109375001 0.722462159375 0.547551746875 0.718967375 0.55594433125 0.70875158125 0.5599743734375 0.6974816921875 0.5611563421875 0.6853732781249999 0.557044078125 0.67370148125 0.5594957140625
0 0.6786251859375 0.1612514359375 0.6658552890625 0.1625326828125 0.65775001875 0.167522953125 0.653718715625 0.1748331890625 0.654867459375 0.1891066796875 0.6583721015624999 0.1948526859375 0.66752618125 0.1941441265625 0.675767321875 0.19469211875 0.6823510296874999 0.1917961015625 0.6895040609375 0.18547404218750002 0.6904709046875 0.1775372140625 0.686354271875 0.16558705 0.6786251859375 0.1612514359375
0 0.6020047390625 0.08702496562499999 0.617974965625 0.091908575 0.633640878125 0.0972110328125 0.642361503125 0.10546677812500001 0.6484151875 0.1085851421875 0.657436759375 0.109380178125 0.6691219109375 0.1082707375 0.679994059375 0.11840962656250001 0.6818626 0.1255267234375 0.68927276875 0.13954980625 0.7038898734375 0.140570553125 0.711419090625 0.1249226078125 0.708272665625 0.11207747500000001 0.7028994796875 0.0992143734375 0.6951097609375 0.08747531875 0.6802748203125 0.06869776718750001 0.66475938125 0.05966495468750001 0.654918075 0.056034534375 0.643154321875 0.051967295312499995 0.6298117375000001 0.049632728125 0.6225228359375 0.050416525000000004 0.607393675 0.053183400000000006 0.5992670703125 0.0533585703125 0.5904959046875 0.058824960937500004 0.6020047390625 0.08702496562499999
0 0.129417046875 0.7434208812499999 0.1324946390625 0.746199834375 0.13833855625 0.7464620296875 0.144238246875 0.7437459390625001 0.14485448437499998 0.74097583125 0.140931253125 0.7395185953125 0.134526875 0.7390482234375 0.131108328125 0.7407774468749999 0.129417046875 0.7434208812499999
0 0.1680745234375 0.8243030296875 0.16896604375 0.823270990625 0.167386315625 0.81995785625 0.160018446875 0.8134042421875 0.1515098640625 0.812970196875 0.142670221875 0.8137763687499999 0.1365411265625 0.8150440671875 0.13312258125 0.8167732937500001 0.12674429375000001 0.8231285234374999 0.12383043125 0.8280442109375 0.12807482812499998 0.83152919375 0.1377960953125 0.8329589468749999 0.14565245625 0.8326054562499999 0.15383987500000001 0.8310117515625001 0.16202729531249999 0.829418046875 0.1680745234375 0.8243030296875
0 0.1423643578125 0.8684626984375001 0.14924733125 0.865293928125 0.153282115625 0.86079459375 0.16845416562499999 0.8533435125000001 0.1738392765625 0.850708925 0.168759134375 0.8452776953125 0.15632732031250002 0.8433864156249999 0.1494083609375 0.8429975453124999 0.14122094062499999 0.84459125 0.13480666875 0.847388840625 0.1290904984375 0.85126364375 0.12210586875 0.8571210203125 0.121581390625 0.8604704859375 0.12427214687499999 0.8674679375000001 0.1246391921875 0.8697853625 0.1357206828125 0.8698118984375001 0.1423643578125 0.8684626984375001
0 0.1555923375 0.8853720734375001 0.1610692078125 0.8833168406249999 0.167667003125 0.8816779625000001 0.171370728125 0.8784188453124999 0.17292436718749998 0.8749063796875 0.1734947234375 0.8718465921874999 0.171823234375 0.8679541000000001 0.164720753125 0.8664065171875001 0.15742485625 0.866968184375 0.14960447968749999 0.8708793140625 0.14421936875000002 0.873513903125 0.1374740375 0.877551709375 0.1317479734375 0.8846944734375001 0.12831953125 0.8896916609375 0.12653648906249998 0.8917557374999999 0.125313909375 0.8940279890625 0.130826765625 0.8955303984375 0.1401809890625 0.8946427265624999 0.1445369359375 0.8921711406249999 0.153671653125 0.8865671140625 0.1555923375 0.8853720734375001
0 0.195197109375 0.9622438984375 0.1962361671875 0.9588129328124999 0.19980225000000001 0.9546847796875 0.1948138703125 0.9498329062499999 0.1880883296875 0.9473347875 0.1829524125 0.944881840625 0.17552876875 0.9413065109375 0.1610485234375 0.9364732765625 0.156931871875 0.9371252906249999 0.1482298734375 0.938800496875 0.14279888125 0.9411454062500001 0.1373121140625 0.9464686 0.13220228750000002 0.95084125625 0.1267614015625 0.9564541296875 0.125804209375 0.9637324140624999 0.12564677500000002 0.9693993046875 0.133686659375 0.9702045265624999 0.1426180625 0.9699777109375001 0.153994625 0.9652063906249999 0.1590486765625 0.96381201875 0.16774078125 0.9654047734375 0.1761477078125 0.9685274234374999 0.18096246093749999 0.9689526203125001 0.1876520171875 0.9678930984375 0.1924766671875 0.965050334375 0.195197109375 0.9622438984375
0 0.1540295171875 1 0.1542168328125 0.9999137640625 0.1573142171875 0.9961567921875 0.1599069125 0.9892133578125 0.15898930312499998 0.9834197937500001 0.15361408906250001 0.98278641875 0.1460788921875 0.98516765625 0.1407396625 0.988091921875 0.1334338671875 0.9919215515625 0.1294908453125 0.997000240625 0.1288620015625 1 0.1540295171875 1
0 0.10838480625 0.8002412781249999 0.112504571875 0.8060031296875 0.123249740625 0.8055039546874999 0.133026909375 0.803955403125 0.14027173125 0.8016052437500001 0.146591059375 0.8010052578125 0.15163631718749998 0.8050169359374999 0.1617851390625 0.8058149046875 0.1653474265625 0.8080569750000001 0.1701449171875 0.81050430625 0.180684825 0.811240334375 0.184944271875 0.807759421875 0.1849600671875 0.7977344859375 0.18051115625 0.7924256640625 0.165255134375 0.7872249296875 0.161282325 0.7874532624999999 0.1586030203125 0.7806614703125 0.16038842343749998 0.7691535640625 0.16302158125 0.7655293328125 0.1623596546875 0.7588189171875 0.157581596875 0.753963121875 0.15309381718749998 0.753471225 0.14275917031250002 0.751499996875 0.13670704375 0.751255865625 0.1343605234375 0.75162751875 0.1260238171875 0.7521461281249999 0.1203202703125 0.7490405078125 0.11315682499999999 0.7493732921875 0.10675611874999999 0.751990653125 0.10315496093750001 0.7545655078125 0.10132705 0.763273865625 0.11417460937499999 0.7684551640625 0.11728387031250001 0.770368090625 0.1170822484375 0.7792197671875 0.1139960609375 0.782514853125 0.1091402671875 0.787292909375 0.1078467625 0.7943130359375 0.10838480625 0.8002412781249999
0 0.12211209687499999 0.930760059375 0.12242574531249999 0.940341125 0.1282487875 0.9406226890625 0.1355905046875 0.9368114203125 0.139409075 0.9335581640624999 0.142497484375 0.9287351734374999 0.1510624578125 0.9235263187499999 0.1593064796875 0.9193313703125 0.16517839375 0.9184013515625 0.170889834375 0.9179782843750001 0.1795058640625 0.916132103125 0.18368040000000002 0.9075255578125001 0.181773671875 0.9015675703125 0.17556695 0.9003837015625 0.1667393875 0.8993741640625 0.161027946875 0.89979723125 0.1572699234375 0.90039244375 0.15048403125 0.9031526031249999 0.1455027515625 0.9051454031249999 0.14102842499999999 0.9072986765625 0.1361959484375 0.9102309843749999 0.132142503125 0.9135214421875 0.1281634578125 0.9172816515625 0.125642546875 0.9196070734375 0.1226285375 0.9248998171875 0.12211209687499999 0.930760059375
0 0 0.0946605109375 0.0325471109375 0.08758568125 0.06410135156249999 0.066493259375 0.076267565625 0.051081553125 0.062025575 0.0328926171875 0.043907403125 0.020972509375 0.0249452390625 0.0139709921875 0.0026297109375 0.01141553125 0 0.0112131828125 0 0.0946605109375
0 0.101897296875 0.5417034453125 0.12226304375 0.563732340625 0.1529706609375 0.5622611281250001 0.1847848296875 0.5677763828125 0.194511840625 0.549273790625 0.168962271875 0.5344737937499999 0.12118278281249999 0.525833203125 0.101897296875 0.5417034453125
0 0.1085427640625 0.605860315625 0.12729739375 0.6043976062499999 0.1495984421875 0.6031270640625 0.13858398125 0.5913019953124999 0.130824746875 0.5778305515625 0.11405695468749999 0.5740784484375 0.09479105625 0.5767529328125 0.084967153125 0.5813243499999999 0.0916327265625 0.592330484375 0.097832384375 0.6003949468750001 0.1085427640625 0.605860315625
0 0.1707244703125 0.051570343750000004 0.178817784375 0.05955579531250001 0.1801743 0.068120496875 0.1794768234375 0.07603501406249999 0.18015508125 0.080317365625 0.187697215625 0.0879023625 0.2018727125 0.0880959484375 0.21820120781250002 0.086485275 0.22801456406249998 0.077614696875 0.22881104843750003 0.067245734375 0.2231485359375 0.062289553124999994 0.22321947031249997 0.0534987640625 0.2273983875 0.0460083484375 0.2271442296875 0.0382445546875 0.22055372968750003 0.030508834375 0.213590846875 0.029660634375 0.20527587500000002 0.029514337499999998 0.1996414359375 0.0308944984375 0.191853996875 0.03407891875 0.1850935546875 0.0375884328125 0.17627912031249998 0.0404477609375 0.165735790625 0.04162990625 0.1592206515625 0.034370003125 0.1562859609375 0.0250797546875 0.1505480890625 0.019647754687499998 0.1402544875 0.0193270890625 0.1313883375 0.0187803375 0.12234781718750001 0.020212215625 0.11328365468749999 0.024574356250000002 0.1094298296875 0.0310377765625 0.11199213593749999 0.047215546875 0.12241724218750001 0.060684715624999996 0.13124053125 0.07635859843750001 0.1429615828125 0.0764531765625 0.157711903125 0.07411695625 0.165019096875 0.0617412921875 0.1707244703125 0.051570343750000004