0 0.31647985 0.4574900921875 0.3139547203125 0.4612420015625 0.3033382484375 0.47761801875 0.295252015625 0.48532026874999995 0.2746050265625 0.49884840312499995 0.265955684375 0.509375 0.3652397921875 0.509375 0.36556985625 0.5039973765625 0.37094297656249997 0.48287570312500006 0.3718364609375 0.464799528125 0.363879996875 0.44663444375 0.34670628125 0.435244540625 0.33765301875 0.43274986875000004 0.325350240625 0.43789157031250003 0.31647985 0.4574900921875
0 0.224696640625 0.4476399125 0.1968962328125 0.46246974375 0.20572062500000002 0.48716793750000004 0.2142083796875 0.48919907656249995 0.22945825156250002 0.47035142187499995 0.224696640625 0.4476399125
0 0.9044592671875 0.419959896875 0.918119171875 0.3959341984375 0.91981221875 0.35474946875 0.9007903828125 0.328762109375 0.8822173109375001 0.329451265625 0.8661463390625 0.3519792671875 0.869095275 0.37798586562500003 0.8816891078125 0.41748617968749996 0.9044592671875 0.419959896875
0 0.7952459375 0.33989272812500004 0.7774793468750001 0.3735937796875 0.7776588484375 0.38426438281249997 0.77748385625 0.42611422499999996 0.8067736999999999 0.4429190515625 0.8362398296875 0.43287988750000006 0.8502561671875 0.40018371875 0.8514145671875 0.3720046953125 0.8408753656249999 0.3426725515625 0.8162287859375 0.325695428125 0.7952459375 0.33989272812500004
0 0.023045053125 0.7400308953125 0.025439190625000004 0.7695945609375 0.04266604375 0.7864402078125 0.054924942187500006 0.7847451921874999 0.067141240625 0.7767026078125 0.07538317343749999 0.7538274921875 0.08644024375 0.7270185703125 0.090953890625 0.7067321921875 0.084079190625 0.683138328125 0.0629726859375 0.6848194328125 0.0489348421875 0.7005039578125001 0.0344995609375 0.7147052265625 0.023045053125 0.7400308953125
0 0.41331879687499995 0.62671375625 0.410811140625 0.6091036046875 0.4102906671875 0.5989097171875 0.40619802343750006 0.585698625 0.3937734890625 0.5723354390625001 0.383099578125 0.569631390625 0.3738071796875 0.5514545859375 0.35749823593749996 0.546286078125 0.341794965625 0.5640065984375 0.33342999375 0.578171078125 0.32090145625 0.59742555 0.3088886359375 0.616541834375 0.316034921875 0.6262397328125 0.322189 0.6260392390625 0.3268465765625 0.6233427578125 0.331808109375 0.6271864875000001 0.33461819843749996 0.6299512796875 0.33598723124999996 0.6335160578125001 0.336838946875 0.63515018125 0.3373322546875 0.6385357546875 0.337808984375 0.649582059375 0.33496845 0.6536540046875 0.3255738453125 0.657205915625 0.3250335140625 0.6683178140625 0.3430284453125 0.6860511 0.37304584375 0.7074536828125 0.39141765 0.7120694484375 0.40684652187500003 0.701576309375 0.41751567500000003 0.69394828125 0.42917841718750005 0.6900283875000001 0.4333750625 0.6706218203125001 0.429996853125 0.6580141671875 0.4238413484375 0.6453558187499999 0.41653613125 0.6345952796875001 0.41331879687499995 0.62671375625
0 0.3268679921875 0.7166475109375 0.32721806875000004 0.701451121875 0.322363634375 0.6709569453124999 0.3122290046875 0.6331339890625001 0.3004289484375 0.5973470328125 0.2778131359375 0.5954581890624999 0.24159951875000002 0.6170846937500001 0.20268903906250002 0.6410235656250001 0.17789684687500001 0.651640978125 0.15898100312500002 0.67181205 0.1389628078125 0.710560571875 0.12826533125 0.7428372515625 0.15256084375 0.7736863171875 0.1830780265625 0.788560578125 0.21442316250000001 0.7920847671875 0.23505655 0.79688941875 0.2560447734375 0.79682975 0.2802408125 0.78398745625 0.30471125 0.7639177828125 0.309461453125 0.7403885265625 0.3261630734375 0.7367082140625001 0.3268679921875 0.7166475109375
0 0.130990740625 0.802517325 0.139956625 0.8009097953125 0.140070146875 0.7889562828125001 0.13677237656250002 0.7787116968750001 0.125033953125 0.7906005984375 0.130990740625 0.802517325
0 0.1609117671875 0.8151667046875 0.14809455625 0.8106523375 0.1403257390625 0.8270416984375 0.1525893953125 0.8356787562499999 0.1641717 0.8293957953125 0.1609117671875 0.8151667046875
0 0.055535371874999996 0.8179662921874999 0.070141046875 0.8291553 0.08172335 0.8228723390624999 0.083899734375 0.8103660843749999 0.0759179234375 0.7950175984375 0.0587005875 0.798836096875 0.055535371874999996 0.8179662921874999
0 0.11337596875 0.80485256875 0.1016706265625 0.802424896875 0.09639994843750001 0.8157602625000001 0.09838712968749999 0.8231765281250001 0.11346116718749999 0.8175477078125001 0.11337596875 0.80485256875
0 0.10051592812500001 0.70734954375 0.10476469375 0.7149546906250001 0.11555688125000001 0.7160372984375 0.1280097390625 0.7047518359375 0.1290364109375 0.6941433906250001 0.11446857656250001 0.6789698796875 0.10051592812500001 0.70734954375
0 0.81224625 0.7056627453125001 0.805818275 0.7082710703124999 0.802822959375 0.7259067234375001 0.806697784375 0.747017228125 0.8104646828125001 0.7522095421875 0.81456421875 0.7564267765625 0.826532603125 0.7567636609374999 0.8324072609375 0.749873846875 0.8351802828125001 0.7358415609375 0.8319683109374999 0.7260708015625 0.8237700484375001 0.7132063625 0.81224625 0.7056627453125001
0 0.917997315625 0.5417764125 0.9082446109375001 0.54527559375 0.9065790249999999 0.5634408953125 0.9215354796874999 0.5860118390625 0.9198731140625 0.58645726875 0.92364081875 0.5872196140625 0.93416913125 0.5843985609375 0.9376058140625 0.5772760546875 0.9371636421874999 0.571192878125 0.9319582828125 0.5539826890625 0.9261971890625 0.5457809171875 0.917997315625 0.5417764125