0 0.24708661250000002 0.8093216562500001 0.2197259296875 0.8204218078125001 0.2267832140625 0.8400980718750001 0.2590553453125 0.83906416875 0.289259365625 0.8447947375 0.3124927421875 0.8258145890625 0.29560365312500003 0.807414775 0.24708661250000002 0.8093216562500001
0 0.278614496875 0.8843636046875 0.2969830375 0.8884222203125001 0.3083498171875 0.8845006375000001 0.315611496875 0.8773774828124999 0.323743959375 0.867406128125 0.3146518796875 0.861511975 0.2959456921875 0.8561822250000001 0.2788188921875 0.8575641859375001 0.26926030624999997 0.86982465 0.25670730625 0.880001721875 0.278614496875 0.8843636046875
0 0.36149444062499997 0.12553006093750002 0.3683509828125 0.119352825 0.37020157343750004 0.11329981250000001 0.3714205765625 0.097125515625 0.3680754796875 0.083692578125 0.358084375 0.079810640625 0.34668453125 0.08459885 0.33417094999999997 0.1072482421875 0.33408777500000003 0.123769796875 0.3381268421875 0.134932853125 0.3481387421875 0.1346844015625 0.36149444062499997 0.12553006093750002
0 0.356890053125 0.158871025 0.3598140875 0.1655564390625 0.3696791359375 0.1718818828125 0.37710358906249997 0.1658782734375 0.3830972171875 0.15033637500000002 0.38143506562499996 0.1415547125 0.3713179015625 0.140116284375 0.3623365609375 0.139025109375 0.355837403125 0.1420022140625 0.354407871875 0.1548027515625 0.356890053125 0.158871025
0 0.3415577015625 0.1765218859375 0.3370144 0.175132859375 0.332681628125 0.17711759375 0.3296328296875 0.1952145140625 0.339960525 0.20002670781249998 0.345197796875 0.19914585468749998 0.3459541515625 0.1844848078125 0.3415577015625 0.1765218859375
0 0.262261984375 0.2378979953125 0.2700257875 0.2385726703125 0.2762457671875 0.2442969609375 0.28221689843750003 0.2414503890625 0.2904123578125 0.237584909375 0.298326940625 0.2315098609375 0.3038330609375 0.21662843125000003 0.2999341484375 0.20226950625 0.295009803125 0.19439289843750002 0.2820848078125 0.19808663124999998 0.27333893593749997 0.2068807015625 0.267281740625 0.21522256718750002 0.25931378125000004 0.2318997703125 0.262261984375 0.2378979953125
0 0.31183636875 0.25093071093749997 0.31452438125 0.2390103484375 0.3112739515625 0.23504341874999998 0.3037369859375 0.23571231093749997 0.29460215624999997 0.24056481562499998 0.28992732656250003 0.2527272234375 0.2974969828125 0.2571651921875 0.3075825203125 0.2606733921875 0.31183636875 0.25093071093749997
0 0.292078259375 0.289487640625 0.29322244999999997 0.28261689375 0.2916132484375 0.27745278125 0.2864300421875 0.2745938984375 0.2796596484375 0.27379819843750003 0.2788610484375 0.2816240828125 0.2812908640625 0.286189603125 0.2828567015625 0.2883672828125 0.292078259375 0.289487640625
0 0.26425345624999996 0.31793303281249996 0.276098978125 0.3198556171875 0.28231829375 0.3141117515625 0.28225291406249997 0.3038980265625 0.27720981093749997 0.2964098515625 0.27015854375 0.2934045828125 0.2570500765625 0.2987411796875 0.256327534375 0.3146603578125 0.2607548421875 0.3168633984375 0.26425345624999996 0.31793303281249996
0 0.2340522140625 0.33121075312500003 0.23750746406249998 0.3292939546875 0.251295771875 0.3165199046875 0.249589165625 0.3075033640625 0.246187290625 0.29881800625 0.2408419625 0.2933611234375 0.22910452343749999 0.293170540625 0.2222160390625 0.3042314265625 0.2231667484375 0.3125921296875 0.2293333546875 0.32891857343750003 0.2340522140625 0.33121075312500003
0 0.1775519640625 0.42946588906249994 0.18413888750000001 0.4319044515625 0.1863525421875 0.433005971875 0.189418834375 0.42714760781249994 0.1929167859375 0.41674908750000006 0.193251034375 0.4083565 0.1943518609375 0.39849932187500003 0.1783812578125 0.3923424 0.171838365625 0.40435842187500004 0.17081293125000002 0.410840740625 0.1704139640625 0.42048775781250003 0.17255222812499998 0.42496414375 0.1775519640625 0.42946588906249994
0 0.20531072187500002 0.379338615625 0.20796670781249998 0.373779546875 0.20741563125 0.36723998125 0.2003536859375 0.3663551453125 0.19572155625 0.37003582968750004 0.194167059375 0.3772058734375 0.193746078125 0.3796256 0.20103485937499999 0.381854003125 0.20355073906249999 0.38092423124999997 0.20531072187500002 0.379338615625
0 0.2102897734375 0.3995493796875 0.21381040312500002 0.4078463046875 0.2205267546875 0.40777600625000004 0.22453241875000002 0.4009306203125 0.22710167343749998 0.389398690625 0.2289477234375 0.38231778125 0.2266580125 0.37312296875 0.220470721875 0.372505540625 0.21719894218750002 0.372779475 0.21387378906249999 0.3836555640625 0.2102897734375 0.3995493796875
0 0.0939848046875 0.5912267234375 0.08832657499999999 0.5899215671875 0.0815455078125 0.5912462984375 0.07767995 0.593462390625 0.0749485734375 0.6023963218749999 0.0762342 0.6138325890624999 0.07903095624999999 0.6151123828125 0.084170796875 0.614984834375 0.08883561718750001 0.6164110125 0.0958975609375 0.6172958484375 0.09994658906250001 0.61343689375 0.1010907796875 0.6065661453125 0.1017385984375 0.6054899859375 0.10136031406249998 0.5994279890625 0.10036690625 0.5995490125 0.098239315625 0.592952196875 0.0939848046875 0.5912267234375
0 0.11848613593749999 0.5591917546875 0.11503313125 0.5581360640625 0.11325897031250001 0.55570576875 0.10915897968749999 0.551620453125 0.10603404218750001 0.5484625359375 0.10007925625 0.5463273281250001 0.0951471796875 0.54702196875 0.093715765625 0.5506747515625 0.0922202046875 0.555566509375 0.09187564687500001 0.560810165625 0.092793890625 0.5670691921875 0.09740523749999999 0.5725694328125 0.0978359546875 0.5783647609375 0.09746756875 0.582657190625 0.0973154484375 0.5841839156249999 0.10024060937499998 0.5869661093749999 0.1070421578125 0.5925066671875 0.1104951640625 0.59356235625 0.114428359375 0.5909890921875001 0.118354215625 0.584323175 0.12210412500000001 0.5782327578124999 0.1245912296875 0.5711269703124999 0.12894046718750002 0.5661637265625 0.132659209375 0.55502943125 0.13010977343750002 0.5520474625 0.1251300390625 0.5508396531249999 0.1228115453125 0.5532772859375 0.12080463125 0.5567541203124999 0.11848613593749999 0.5591917546875
0 0.114552859375 0.5123654296875 0.114408078125 0.5179848109375 0.11516686406250001 0.5216779109374999 0.1209292125 0.527530046875 0.126044575 0.5303525578125 0.131224084375 0.53193609375 0.135005159375 0.53088955625 0.138427 0.5269013671875 0.140010534375 0.5217218578125 0.1408023015625 0.519132103125 0.1422098890625 0.5145280953125 0.1406758234375 0.510283321875 0.13940568125 0.505175296875 0.1400215 0.5031610421875 0.14313176249999998 0.498133653125 0.143348028125 0.49536795156249996 0.14300528437499999 0.48928487187499997 0.140479675 0.48725412968750004 0.1376021703125 0.48637438906249997 0.134348940625 0.48569442343749997 0.131766525 0.488995309375 0.130798809375 0.49216056406249997 0.1232769765625 0.49206343593749996 0.12047095625 0.4940373734375 0.118223946875 0.4993286828125 0.11584864375 0.5070979484375 0.114552859375 0.5123654296875
0 0.173079746875 0.4701613375 0.177196228125 0.4711052265625 0.182727634375 0.47153775781249996 0.1860615 0.4678373203125 0.186845928125 0.46115491249999996 0.1835615328125 0.45543106875 0.181299846875 0.452537071875 0.17897401562499998 0.45088205312499996 0.172691159375 0.4508490734375 0.1678397203125 0.44716331093750006 0.16126177656250001 0.44294970468750006 0.15517135937499998 0.43919979531250003 0.1526054328125 0.439359253125 0.1507744671875 0.44226058593750006 0.1494310265625 0.44562561718750004 0.147607396875 0.45261960468750007 0.147614734375 0.45671225781249997 0.14908465312500002 0.46219600781250003 0.1513060203125 0.4672802046875 0.157572384375 0.47045461250000004 0.1593227171875 0.4719336828125 0.1619362984375 0.473676675 0.16634053124999998 0.4747085375 0.17076125312499998 0.472598971875 0.173079746875 0.4701613375
0 0.3809324765625 0 0.3806331234375 0.001234215625 0.3797130625 0.006301921875 0.379496796875 0.009067625 0.3812141484375 0.01682955 0.385138190625 0.021490365625 0.3875758265625 0.023808860937500002 0.4004201328125 0.031196875000000002 0.4065032125 0.03085413125 0.409375 0.028892178125 0.409375 0 0.3809324765625 0
0 0.4064409609375 0.0701659625 0.4009975296875 0.069445678125 0.396776584375 0.07193096875 0.393506865625 0.07439243125 0.3913551671875 0.0834886453125 0.3916502546875 0.087669271875 0.3917455671875 0.091474175 0.394054909375 0.0962706203125 0.39834733906249997 0.096639009375 0.40120101718749995 0.096567525 0.4061569203125 0.0968241078125 0.409375 0.0945344828125 0.409375 0.0710629875 0.4064409609375 0.0701659625
0 0.4155833453125 0.6425857546875 0.43888661406249996 0.652158403125 0.4786013515625 0.6538084515625 0.49317225468750003 0.6547658984375 0.50579865625 0.647784478125 0.5046191078125 0.634483759375 0.4862111765625 0.6260580328125 0.46643426874999994 0.62211001875 0.4536581234375 0.621001815625 0.442578940625 0.620062696875 0.4227215703125 0.6192376734375 0.409375 0.6239920296875 0.409375 0.6373848062499999 0.4155833453125 0.6425857546875
0 0.5298311328125 0.59777585 0.53576745 0.5897982609375 0.5309984015625 0.576799053125 0.5092943156249999 0.567715321875 0.49191618437500007 0.5645006890625 0.47617187968749997 0.5673812796875 0.4744290875 0.5759414953124999 0.47918081875 0.5861375515625 0.49561574999999997 0.598156859375 0.520127065625 0.6094977765625 0.5298311328125 0.59777585
0 0.5494990750000001 0.61637930625 0.5540032765625 0.618805575 0.5673834484375 0.6207979109374999 0.579049334375 0.6198180109375 0.59785958125 0.6126287859375 0.5915086671875 0.601943809375 0.5737047609375 0.594402215625 0.5608135078125 0.590810696875 0.5562634875 0.597113725 0.5496253640625001 0.60452701875 0.5437695078125 0.6093816171875 0.5494990750000001 0.61637930625
0 0.46221333906249995 0.6816729640625 0.452359528125 0.685305265625 0.4360631578125 0.6957111859375 0.440823546875 0.7 0.52136968125 0.7 0.523569021875 0.6983328859375 0.5130072609375 0.68426213125 0.49251122656249996 0.6769466703125 0.469748840625 0.6741842953125 0.46221333906249995 0.6816729640625
0 0.6163566703125001 0.6370885703125 0.6159637421874999 0.6407565171875 0.6193236328125 0.6464459875 0.626067159375 0.6482162984375 0.6349578124999999 0.64772915 0.6404359671875001 0.646490084375 0.6334191625 0.6408481453125 0.6266756390625 0.6390778328125 0.6163566703125001 0.6370885703125
0 0.6735055828125 0.6414097046875 0.6699362265625 0.6373434140625001 0.6683847328125 0.6366940750000001 0.6644815359375 0.6351507437499999 0.6607337953125 0.6345299484375 0.6581950375 0.635678790625 0.658914725 0.6390488515625 0.6647292593749999 0.6429265515625 0.6693750671875 0.6434719109375 0.6732378609375 0.641657709375 0.6735055828125 0.6414097046875
0 0.7448674359375 0.6811354890625 0.7312799875 0.678597278125 0.7249574234375 0.68312783125 0.724951684375 0.690487346875 0.73625346875 0.6960971687499999 0.76155893125 0.6970111828125 0.7615322546875001 0.6926939890625 0.756068821875 0.6870737015625 0.7448674359375 0.6811354890625
0 0.4540067234375 0.5404877734375 0.44310582031249995 0.534822815625 0.43818293593749996 0.5366217140625 0.4360540484375 0.5419957453124999 0.44652985312500004 0.5506403640624999 0.45507146875000004 0.5513082812500001 0.459920765625 0.5465716125 0.4540067234375 0.5404877734375
0 0.459469596875 0.527387225 0.4572671234375 0.5298234859375001 0.45996206875 0.5353118484375 0.4644151484375 0.5382281046874999 0.471697315625 0.5414262453124999 0.48156234218750005 0.5409439578125 0.4846438828125 0.5372216453124999 0.4780137953125 0.5318906453125 0.46868254218749994 0.5290377953125 0.46053093437500003 0.5286834671875 0.459469596875 0.527387225