0 0.5044658937500001 0.231877803125 0.49560559531250004 0.24429554687500002 0.49188666249999996 0.253884815625 0.493921490625 0.268043 0.49942751249999995 0.2752308265625 0.5113971265624999 0.27552078125 0.51571175625 0.2715238796875 0.5197452375 0.266535825 0.524719590625 0.24565704375 0.522651359375 0.22788879843749998 0.5163687015625 0.224947634375 0.5044658937500001 0.231877803125
0 0.41094149687500003 0.0593211859375 0.4047590515625 0.06721020625 0.3986601140625 0.08412438125 0.3979001796875 0.0901760796875 0.4009593890625 0.0974686875 0.41132562968749997 0.1008368828125 0.41512806874999997 0.10027276874999999 0.41349129375000004 0.099740946875 0.4296085234375 0.0779836984375 0.42889591875 0.059756121875 0.41933971249999996 0.05575131875 0.41094149687500003 0.0593211859375
0 0.28433789531250003 0.8355766375 0.28514941718750003 0.810147159375 0.27243780625 0.772829909375 0.2543305328125 0.771228690625 0.23738773124999998 0.80426338125 0.23033359999999997 0.8030419015625 0.21703685312499998 0.775169465625 0.20962397500000002 0.767408134375 0.1958538421875 0.7543695609375 0.1826894546875 0.7490216421875 0.1627414390625 0.733975753125 0.1506120640625 0.7139764578125 0.12933791875 0.7049229687499999 0.105499746875 0.7228706375 0.0879953171875 0.75572284375 0.081205896875 0.799550403125 0.08728974687499999 0.8400669031250001 0.1156386375 0.8674773374999999 0.15003305312499998 0.8743705687500001 0.1862476 0.8775730015625 0.2067807484375 0.8831740781249999 0.22583190000000003 0.8818703343750001 0.24131041875 0.8858290609375 0.2660689625 0.8746037296875 0.28433789531250003 0.8355766375
0 0.2765340703125 0.9111910453125001 0.2931329421875 0.94227750625 0.31993510625 0.938139478125 0.3491425375 0.9208658406250001 0.3517712921875 0.9185083296875 0.3514154453125 0.8852057109375 0.3437349578125 0.85915810625 0.3224373015625 0.8597319171875 0.30612665156249996 0.8640672 0.28979249218750003 0.878029778125 0.2765340703125 0.9111910453125001
0 0.5015105328125 0.8761649531250001 0.4985935578125 0.8431007218750001 0.47484941718749996 0.822539203125 0.4477120140625 0.8105100828125 0.4225271015625 0.8173146828125001 0.386577265625 0.8591612874999999 0.38430435625000003 0.8948214171875 0.3959368359375 0.9392818734375 0.4186459625 0.974494771875 0.4372707421875 0.9687703000000001 0.4621204203125 0.9457985484375 0.48040996406250003 0.9239069265625 0.49305974375000006 0.9098177671875 0.5015105328125 0.8761649531250001
0 0.033670273437499995 0.573207128125 0.0410390328125 0.5734602875 0.066200440625 0.5762829828125 0.0786697515625 0.5296875 0.030424953124999998 0.5296875 0.0248665328125 0.5467945578125 0.033670273437499995 0.573207128125
0 0.41453930625 0.5296875 0.40972982187499996 0.533743490625 0.3980445328125 0.5620631578124999 0.40395190625 0.5725469671875001 0.41664290625 0.5927287484375 0.4348207046875 0.565448075 0.4365280703125 0.5296875 0.41453930625 0.5296875
0 0.5605073015625 0.6544608000000001 0.56560605 0.6636113203125 0.5794232015625 0.6573953015625 0.5854011 0.638997221875 0.5855598609375 0.6251316796874999 0.575585853125 0.617608734375 0.57306884375 0.62535529375 0.5588018140625 0.6367778796875 0.5605073015625 0.6544608000000001
0 0.637294146875 0.666563778125 0.6311368749999999 0.6816919328125 0.640975628125 0.6934531234375 0.659375 0.6857324874999999 0.659375 0.6468714624999999 0.648326678125 0.6498080468749999 0.637294146875 0.666563778125
0 0.628190596875 0.711780528125 0.61738445625 0.7125515953125 0.6094511734375 0.73887871875 0.6167935265625 0.7755219390625 0.6326749078125 0.793528690625 0.6409199203125 0.7929960140625 0.65085270625 0.76624801875 0.644430721875 0.736327134375 0.628190596875 0.711780528125
0 0.18195456875 0.6599872546875 0.1920863296875 0.6628187718749999 0.1815288765625 0.67688709375 0.1877254140625 0.6904127359375 0.21054060625 0.7038122203125 0.23036658281250003 0.7065701468750001 0.24691164531249998 0.696749771875 0.2588960390625 0.6882104874999999 0.267653425 0.6924374078125 0.2798993140625 0.7001002640625 0.290218975 0.7094397031249999 0.3181782296875 0.725431575 0.324155325 0.7282946328125 0.33985683906249997 0.7168186999999999 0.3457182890625 0.7044479906250001 0.3464146515625 0.6867151140625001 0.3402391421875 0.675959246875 0.336864946875 0.6693370171875 0.337988340625 0.653124365625 0.33717499375000004 0.6372034109375 0.32862519687499997 0.623834128125 0.32324066875 0.607809378125 0.3246873 0.59768813125 0.320875559375 0.588160790625 0.31445040625 0.581007734375 0.3009549640625 0.572938871875 0.2938321109375 0.5650986296875 0.2765262671875 0.565922490625 0.272893253125 0.57993824375 0.2739877828125 0.5964110515625001 0.27686269218750004 0.6102389046875001 0.275978428125 0.62146385625 0.269241890625 0.628024346875 0.25465325625 0.6219027390625 0.245301965625 0.6124174515624999 0.23924076093750002 0.5984752890625 0.2378545359375 0.580065740625 0.2377599171875 0.5676017484375 0.2353120390625 0.55529411875 0.21549523750000002 0.535501021875 0.20245836874999998 0.533107046875 0.1980856 0.5408960625 0.1928390828125 0.56129491875 0.18634167343750002 0.5628677078125001 0.18156156406249999 0.5534862140625 0.1808007828125 0.5444896984375001 0.1813105828125 0.5386689625 0.18244770625 0.5296875 0.15923023125 0.5296875 0.16147409375 0.5345261515625 0.1665564125 0.5472292734375 0.158976325 0.5521342046875 0.148761796875 0.55664364375 0.1470760375 0.5717525890624999 0.156573175 0.5822062484375 0.1656222578125 0.5883699078125 0.17439015625 0.593981715625 0.1772860921875 0.61057934375 0.1697165171875 0.6168691640625 0.1578989984375 0.6291465921875 0.1536825921875 0.639288865625 0.15765069375000001 0.651169465625 0.18195456875 0.6599872546875
0 0.4061182828125 0.6936660812500001 0.4124993734375 0.6977502343750001 0.4139471484375 0.702577403125 0.4131974546875 0.710041925 0.42364836875 0.7191349328125 0.433825784375 0.7187552875 0.4431397078125 0.7241275125 0.44780814687500003 0.7283254625 0.44984688593750005 0.7313338359375 0.45816822031250004 0.7387294953125 0.47039202343750003 0.7423661140625 0.477364075 0.744631471875 0.48654889843750004 0.7462752609375001 0.49766534375000004 0.7368169359375 0.505887209375 0.7311099999999999 0.5147229953125 0.7266079421875 0.5203237859375001 0.7341250500000001 0.5239843328125 0.7383306515625 0.526000115625 0.7383153484375 0.5333125843750001 0.73231293125 0.5384954734375 0.724613165625 0.54096546875 0.7180427390624999 0.5415631109375 0.70382610625 0.5416912359375 0.6941488109375 0.5363094125 0.6756433859375 0.528943384375 0.674590559375 0.5185470015625 0.685958525 0.511825496875 0.6901421453125 0.5059741578125 0.676176059375 0.5062084296875 0.667203525 0.501706371875 0.6583677421874999 0.50187943125 0.6413320703125 0.5019922546875 0.62963899375 0.5003015828125 0.6193707359375 0.4910106140625 0.6170221875 0.48082554843749997 0.6163939421875 0.479385425 0.6125746640624999 0.48296180624999996 0.605693453125 0.476830290625 0.59465255 0.4661144984375 0.5905005078125 0.455876846875 0.596222746875 0.4515048640625 0.6045211265625 0.4542636640625 0.6094391390625 0.46049367500000005 0.6201769109375 0.4616765734375 0.629945046875 0.46013893125000005 0.6398346296875 0.4524401375 0.6480574703124999 0.4392467 0.6494679624999999 0.4243100046875 0.646960684375 0.4147005984375 0.6424978578125 0.40274932343750003 0.6349281640625 0.39110883125 0.62846485625 0.38049918437499997 0.6250175734375001 0.3693597859375 0.6314522234375 0.3636165421875 0.6450023546875 0.3645269140625 0.6587035640625001 0.3700980734375 0.675594834375 0.382663265625 0.68436940625 0.4002449640625 0.690082046875 0.4061182828125 0.6936660812500001
0 0.659375 1 0.659375 0.959056121875 0.6575293375 0.9584564296875 0.6506489921874999 0.951126840625 0.6439774125 0.9346032125000001 0.6253065609374999 0.9336307140625 0.6150554406250001 0.9409510750000001 0.5918919500000001 0.9352771750000001 0.5757343296874999 0.935121275 0.5664464812500001 0.9409022484375 0.5624030859375 0.9219909140625001 0.5502452250000001 0.9166513046875 0.525920271875 0.9231035484375001 0.5211144890625 0.9321932078125 0.5149159890624999 0.9412934390625001 0.5083091890625 0.9516502859375 0.5029590078124999 0.9624154328125 0.497787215625 0.9783325703125 0.49885621406249997 0.99072034375 0.512281265625 0.9978609687500001 0.5188645281250001 1 0.555496096875 1 0.56046078125 0.9963809796875 0.5831631078124999 0.9963479156249999 0.5861609109375 1 0.659375 1
0 0.6820422734375 0.538697375 0.69142161875 0.540000359375 0.6987789125 0.5301790375000001 0.69855891875 0.5296875 0.686516346875 0.5296875 0.6854924875 0.5310956671875 0.6820422734375 0.538697375
0 0.7306746859375 0.5383619140625 0.730579125 0.5296875 0.7151082796875 0.5296875 0.7147253234375001 0.5301266890624999 0.7099586421875 0.5425343015624999 0.7127979796874999 0.555668709375 0.7221185250000001 0.5556441750000001 0.725475253125 0.547575953125 0.7306746859375 0.5383619140625
0 0.8156679265625 0.5385012296875 0.8070500171875 0.5461684015625 0.8012655453124999 0.5503948375000001 0.7962442390625 0.535679190625 0.788274846875 0.530036815625 0.78766004375 0.5296875 0.76180690625 0.5296875 0.7560909796875 0.5317914953125 0.7468110234374999 0.547530165625 0.7603491203125 0.565449221875 0.766953828125 0.5715204593750001 0.7722797078125 0.5898241671875 0.7780248125 0.6060834046875 0.790264653125 0.6144217453125 0.8022604484375 0.592587303125 0.8023480359375 0.5764786734375 0.8064420890624999 0.5751920875 0.816462321875 0.57452261875 0.8248238765625 0.567644428125 0.8312192265625 0.542681878125 0.8156679265625 0.5385012296875
0 0.849222621875 0.5617634828125 0.8415045296875 0.5667773953124999 0.8351150359374999 0.5765210953125 0.83289629375 0.5822473312499999 0.8340470718749999 0.591933790625 0.8356751109375 0.5935372953125 0.8434504453124999 0.5960636546875 0.8505533015625 0.5951479390625 0.854901875 0.586173803125 0.8659894890625001 0.5851201140625 0.8748665359375 0.590869840625 0.887711984375 0.5943272296875 0.8935107765625 0.591913271875 0.895721340625 0.5851098546875 0.8958419203125001 0.5726129109375 0.887183578125 0.5672924203124999 0.8784445046875 0.5655274484375 0.8708960546875 0.5645075078125 0.8637686656250001 0.562191678125 0.85847984375 0.5608314109375 0.849222621875 0.5617634828125