0 0.6174224078125 0.30019670625 0.6251991921875 0.2919540828125 0.621528628125 0.27570072031250004 0.61641276875 0.2579438625 0.608265575 0.2392607796875 0.6011157781249999 0.2344214484375 0.5964853625 0.2476075046875 0.5983524640625 0.26384076093750003 0.6017289078125 0.27681861093750004 0.6098377562499999 0.2941626234375 0.6174224078125 0.30019670625
0 0.6824118359375 0.2542175578125 0.6746611515625001 0.2353901578125 0.6666926390625 0.23693743281250002 0.6454092734375 0.23521276093750002 0.6465090578125 0.24563668125000002 0.6540296671875 0.2564296640625 0.664031715625 0.2629369125 0.6717187578125 0.2655511625 0.682936028125 0.2655274875 0.6824118359375 0.2542175578125
0 0.7104828875 0.140504340625 0.712877196875 0.13015312343750002 0.69654945 0.1204543328125 0.684447128125 0.1158534453125 0.6633676937499999 0.12305174375000001 0.66032710625 0.1355341390625 0.6529810828125 0.1296760890625 0.65373969375 0.12134218125 0.65099763125 0.11380842656250001 0.6434623375 0.11133718125 0.6325033109375 0.1124820125 0.6205564 0.11872628437499999 0.6150399546875 0.12310404687500001 0.617363475 0.1307901375 0.6163001921875 0.1382869625 0.6135996718750001 0.1425877859375 0.6164940718749999 0.1505400828125 0.619388471875 0.15849237968750002 0.6203409609375 0.16241159375 0.6207610390625 0.1674725671875 0.6207641125000001 0.1778991828125 0.622859896875 0.1875641171875 0.6243832640625 0.1917495359375 0.631275353125 0.206778578125 0.633751209375 0.21488321093749999 0.6377873671875001 0.22336791875 0.6412511078125 0.2263731109375 0.6474538375 0.22648544375 0.6537319671875 0.224200390625 0.6548721875 0.21951949218750003 0.6542982328125 0.2088266703125 0.6613734421874999 0.1996156734375 0.6635046203125 0.200261953125 0.6734342203125 0.19238198125 0.6781505125 0.18450354687499998 0.6818019859375 0.1789086265625 0.6867875578125 0.18088593125000002 0.6910129828125 0.185983834375 0.6982066687499999 0.19142334218749998 0.7074915296875 0.190887859375 0.7208817984375 0.1755864625 0.72179274375 0.1676710984375 0.7171857078125 0.158920184375 0.7036000234374999 0.15675515 0.688529440625 0.1518126578125 0.7003240140625 0.14514984375 0.7104828875 0.140504340625
0 0.258515875 0 0.24660014375 0.0160225390625 0.2386542109375 0.030738820312499998 0.225310225 0.048897856249999996 0.22254641406250003 0.08242034375 0.246384184375 0.138777190625 0.273719909375 0.13621792500000002 0.28827305625 0.11909681406249999 0.3002351359375 0.11769902343750001 0.3240297359375 0.12825281718749998 0.3321052265625 0.100187159375 0.3073173921875 0.0663464765625 0.2938438671875 0.0476020453125 0.29151191249999997 0.036626609375 0.2916352515625 0 0.258515875 0
0 0.18251445156249999 0.162023871875 0.1817371390625 0.1416144453125 0.1739207703125 0.1178549265625 0.16329741874999998 0.08181484375 0.1486147296875 0.062032485937500007 0.13514118749999998 0.09354090000000001 0.13768905468749998 0.1325202171875 0.1459804515625 0.15758486562500001 0.16588845624999998 0.16659721562500002 0.18251445156249999 0.162023871875
0 0.1004641140625 0.0987721984375 0.11976754062499999 0.094702375 0.11881748437499999 0.0920921171875 0.1132035203125 0.0675309890625 0.0989526734375 0.053503553125000006 0.08241305 0.0491773109375 0.075978571875 0.0589093921875 0.0719192328125 0.0751671171875 0.08008108124999999 0.0884547203125 0.0919567875 0.09595651250000001 0.1004641140625 0.0987721984375
0 0.021652584375 0.10380885312499999 0.036119353124999996 0.1207137515625 0.038278571875 0.12436193437500001 0.055465965625 0.11219413593750001 0.0532203828125 0.0923191140625 0.0428129453125 0.0842829140625 0.0343056203125 0.0814672296875 0.0228185703125 0.08417015 0.018327389062499998 0.094672953125 0.021652584375 0.10380885312499999
0 0 0.27536586406249997 0.00017739374999999999 0.275409075 0.0187629359375 0.2696780640625 0.029174734375 0.262787759375 0.0353537 0.252787003125 0.0375917515625 0.24473740624999998 0.0424856 0.23830511406250002 0.047255296875000005 0.23295158124999998 0.04774854375 0.2172684578125 0.0433898875 0.20955272187500001 0.0364593171875 0.20328987187499997 0.03156379375 0.2040381234375 0.0186622921875 0.209767459375 0.00932925625 0.21678191249999998 0 0.226635278125 0 0.27536586406249997
0 0 0.1478925359375 0.0038925781249999998 0.149147928125 0.017684634375 0.14529677968750002 0.022656353125 0.1407601390625 0.02021413125 0.13190944375 0.019179571875000002 0.12371515468750001 0.015080531250000001 0.1178049953125 0.0075097625 0.111989690625 0 0.11252201718749999 0 0.1478925359375
0 0.9481501578125 0.6608970703125 0.9650606984375001 0.6512224578125 0.96344584375 0.6377314953125001 0.9621957406250001 0.6161884921875 0.9504533953125 0.600224196875 0.9366003234375 0.592947425 0.9160461546875001 0.5889895671875001 0.906750675 0.5906130078125 0.8988200328125 0.601418803125 0.89396741875 0.624303090625 0.8964306750000001 0.6401250187499999 0.9137265265625001 0.6514282453125 0.9328175265624999 0.6567985734375 0.9481501578125 0.6608970703125
0 0.8705238515625 0.6504342515625 0.8812661125 0.6491641484375 0.8888811734375001 0.641112975 0.8835735171874999 0.6192869640625001 0.8700196421875 0.6110213718749999 0.8621053875 0.6200613640625 0.8616586828124999 0.6369424312499999 0.8705238515625 0.6504342515625
0 0.831206034375 0.617521659375 0.816513334375 0.6200877078125 0.8156063765624999 0.6190269890625 0.8003597499999999 0.607190965625 0.785061309375 0.6009371156250001 0.7783984171875 0.6026667984375 0.7770185453125 0.6031690296875001 0.773759990625 0.6085275234374999 0.7703038390625 0.6104808765625 0.7720270874999999 0.6223711078124999 0.776681759375 0.6394531109375 0.7901403734375 0.6463766093750001 0.801875740625 0.641409871875 0.8114312 0.649058584375 0.8254015859375 0.65023250625 0.837111046875 0.6480568484375 0.846284271875 0.6474997250000001 0.849319325 0.6415271609375 0.8378171156249999 0.6213741421875 0.831206034375 0.617521659375
0 0.6494356078125 0.619007221875 0.649263921875 0.612810990625 0.650867290625 0.612922825 0.6418495046875 0.5967334453124999 0.6341856875 0.5828329250000001 0.6255889953125 0.5706627625 0.6132997046875001 0.561227428125 0.602325515625 0.5582675734375 0.592692334375 0.5589921062500001 0.5763833109375 0.56284186875 0.56255870625 0.5706552640625 0.5583025187499999 0.5847218359374999 0.5595399015625 0.5995705625000001 0.5692540984375001 0.6148110546875001 0.58084698125 0.6251952734375 0.5972888375000001 0.6317283734375 0.6142295046874999 0.633907434375 0.6318018249999999 0.6421153234375 0.6447194640625 0.6332412046875 0.6494356078125 0.619007221875
0 0.7724611375 0.6249947812500001 0.7691086140625 0.6157837984375 0.760945975 0.6062373109375 0.7408892359375 0.5940657875 0.7312690078124999 0.5933947828125 0.7241072984375 0.5994785 0.714684665625 0.602212640625 0.695904171875 0.600703221875 0.6837477046875 0.6016507453125 0.6768483578125 0.6041619015624999 0.6666127359375 0.620404809375 0.67791735 0.637152671875 0.6968565812499999 0.6462538703125 0.7053593 0.643854546875 0.7152677921875 0.63816190625 0.731576821875 0.6343121484375 0.7425639640624999 0.6358764625 0.7553779781250001 0.6381666765625 0.763407790625 0.6373303078125 0.7728563265624999 0.631805078125 0.7724611375 0.6249947812500001
0 0.5171783296875 0.61268900625 0.520477728125 0.60471319375 0.518770159375 0.60157085 0.5065191390625 0.5849523015625 0.5000886015625 0.582776209375 0.494383865625 0.5825942515625 0.48069882656249996 0.5868224296875 0.4840438609375 0.6006603312500001 0.4921118640625 0.6135319859374999 0.501217715625 0.6215092734375001 0.5138929484375 0.619154178125 0.5171783296875 0.61268900625
0 0.46575159218750006 0.6201152609375 0.4682270328125 0.6207198109375 0.474755728125 0.61232140625 0.4696330140625 0.6028943703125 0.4659478953125 0.5989662578125 0.46197877187499997 0.5989053578125 0.459191290625 0.605189309375 0.461126775 0.6105070109375 0.4630622578125 0.6158247078125 0.46575159218750006 0.6201152609375
0 0.43551678281250006 0.589717490625 0.4309901171875 0.5695347390625 0.4142019796875 0.5605897265625 0.3898332765625 0.566448128125 0.383602609375 0.569468675 0.38125 0.5701091984375 0.38125 0.622471871875 0.3858432484375 0.6220998046874999 0.3933116390625 0.6193815328125 0.40279964531249995 0.6129171 0.41523294218749995 0.60989729375 0.43065359687500004 0.6057901718750001 0.43551678281250006 0.589717490625
0 0.0761401734375 0.617524478125 0.0637999875 0.5779441890625 0.051298842187500006 0.5549493921875001 0.025212742187499998 0.5457134625 0.009603289062500001 0.555802015625 0.008927250000000001 0.5880000921875 0.033936703125 0.6207655546875 0.0589068171875 0.6326112562499999 0.0761401734375 0.617524478125
0 0.16644896250000002 0.56482248125 0.1423015328125 0.5306414687500001 0.136328165625 0.5217976640625 0.1024444984375 0.504381878125 0.0771131171875 0.5047873984375 0.0666615 0.532830940625 0.0748525171875 0.5629034640625 0.091964246875 0.5853219390625 0.1221995109375 0.6040656296875 0.152094978125 0.5953881546875001 0.16644896250000002 0.56482248125