0 0.1662668453125 0.6619951578125 0.1404966578125 0.6707602968749999 0.137311115625 0.6845885 0.1448278234375 0.6953235609374999 0.161499928125 0.6941928875000001 0.1737605296875 0.6908249671875 0.180475271875 0.6787865625 0.17877949843750002 0.6646130218749999 0.1662668453125 0.6619951578125
0 0.3597324734375 0.5699917390625 0.3491448625 0.56462234375 0.3327363203125 0.5626914265625 0.3087307328125 0.5723514671875 0.302588921875 0.583082803125 0.3052243140625 0.5934725249999999 0.318149459375 0.5984297515625 0.33435175625 0.5991909859375 0.3405851796875 0.598091865625 0.3475519734375 0.592039246875 0.3582657296875 0.5798987328125 0.3597324734375 0.5699917390625
0 0.3610270296875 0.6137841515625 0.36954067031250004 0.616504128125 0.3856971609375 0.61244925625 0.3925608328125 0.6058118 0.387484784375 0.59524940625 0.381205553125 0.5915324203125001 0.37747010468750003 0.58857294375 0.364590765625 0.5884318265624999 0.3608438046875 0.5945197234374999 0.3608322953125 0.6035670984375 0.3610270296875 0.6137841515625
0 0.400593390625 0.578465453125 0.407961165625 0.58379956875 0.4226051078125 0.584835584375 0.4241176578125 0.5797446984375 0.42059996406250005 0.568907525 0.4022663796875 0.5697281390625 0.39976840625 0.5737867375000001 0.400593390625 0.578465453125
0 0.467434309375 0.5351430500000001 0.47226975156249995 0.5274797609374999 0.47582280312499997 0.5219000484375 0.47089920625000004 0.515028815625 0.47117572812499997 0.5072406609375 0.46558150937500004 0.5035834328125001 0.448057565625 0.509459559375 0.43903969218750005 0.5144549890625 0.42924531874999994 0.5220639421875 0.4240039578125 0.5344424437499999 0.431221728125 0.5402900015625 0.444998465625 0.5459097640625 0.4604399984375 0.5422582765625 0.467434309375 0.5351430500000001
0 0.4825228640625 0.5365070171874999 0.46988139531249995 0.5396647765625 0.46395180468749997 0.5481401453125 0.462369375 0.5555394140625001 0.46591060625 0.5592490625 0.47806970312499997 0.5580338140625 0.4882581765625 0.55499900625 0.4860052453125 0.5445611031250001 0.4825228640625 0.5365070171874999
0 0.5125529703125 0.5290448671875 0.5046880953125 0.528883778125 0.5046527609375 0.535700678125 0.5068586609375 0.541193659375 0.5117881671875 0.5434202140625 0.51874714375 0.5431218859375 0.5187589609375001 0.5338325265625 0.5167883421874999 0.5320129687499999 0.5125529703125 0.5290448671875
0 0.5508361453124999 0.5309626359374999 0.5503714984375 0.51897110625 0.5497362109374999 0.5153682140625 0.5480891437500001 0.5107054234375 0.5322005703125 0.5094825203125 0.52530623125 0.5218429109375 0.5274297640625 0.5292078703125 0.534247525 0.5351259609375 0.5443771500000001 0.5364355921875 0.5508361453124999 0.5309626359374999
0 0.5288358875 0.4927395546875 0.5336006640625001 0.4987100671875 0.5418066984375 0.5031450625 0.5505480484375 0.5059377875 0.564907253125 0.49380902187500003 0.567230853125 0.490613125 0.56553084375 0.48565009375 0.5500776140625 0.47753975937500004 0.54189509375 0.4755772234375 0.530077159375 0.4810663796875 0.5288358875 0.4927395546875
0 0.6732568999999999 0.453343321875 0.671639259375 0.44650830937499997 0.6677803828125 0.44099721562500005 0.663597953125 0.43832935624999997 0.6539742203125 0.4375496734375 0.6474152515625 0.4377774671875 0.6346914171875 0.44280720625000003 0.6388561187499999 0.45940910781250005 0.64877398125 0.45951777343750005 0.657144746875 0.460208815625 0.6678920500000001 0.45800419843749995 0.674080434375 0.4556747171875 0.6732568999999999 0.453343321875
0 0.6126613703125 0.46990988749999996 0.6185026859375 0.46795117968750005 0.62029096875 0.46639755312500003 0.6215204203125 0.4640137359375 0.62019690625 0.4565077125 0.6177439109375 0.4566306640625 0.610437865625 0.457299765625 0.606220103125 0.46144880625000007 0.606237709375 0.4685659453125 0.6126613703125 0.46990988749999996
0 0.61857901875 0.4917750625 0.625832125 0.49080571875 0.6375912109375 0.489661003125 0.6448737390625 0.48651944062499997 0.64576203125 0.47986171874999994 0.6379560078125001 0.4753561890625 0.62174388125 0.476976521875 0.610543625 0.47895142812499997 0.6098730031249999 0.48216543593749994 0.6097317890625 0.48838185312500004 0.61857901875 0.4917750625
0 0.8496199140625 0.39159774999999997 0.8555906249999999 0.3927119859375 0.8567377125 0.392200146875 0.8636966875000001 0.3919018171875 0.86802033125 0.388353259375 0.868002725 0.3812361203125 0.8671556765625 0.3764322625 0.8679086625 0.371346278125 0.8669792484375 0.3684144015625 0.8557849031250001 0.3657446265625 0.8465846921875 0.367366871875 0.8439140265624999 0.3709335421875 0.8417727656249999 0.3775026203125 0.8423786281250001 0.3832777328125 0.8435727453125 0.38771081406249996 0.8498611015625 0.3906264953125 0.8496199140625 0.39159774999999997
0 0.818698709375 0.411206478125 0.826054634375 0.40960389062499997 0.832556653125 0.4066241671875 0.8396513265625 0.4035399453125 0.8426847453124999 0.39994966875000004 0.8420577390625 0.39639374374999997 0.8373873812499999 0.3889676703125 0.8349824124999999 0.3857252484375 0.833448528125 0.3856901734375 0.8291431984375001 0.3855326984375 0.823443559375 0.38439891875 0.8185463000000001 0.379151634375 0.8124458328124999 0.37747745 0.8071992703124999 0.3771803984375 0.8021617109375001 0.37806865625 0.7983617109375001 0.3790442390625 0.7970711796875001 0.3838548984375 0.798464765625 0.3900255140625 0.801218309375 0.3935120109375 0.8047735109374999 0.3980793171875 0.8069694765625 0.40013643125 0.80759648125 0.40369235468750003 0.8048944640625001 0.4056964953125 0.8011989640625 0.40726473125 0.7984969468750001 0.4092688703125 0.799088878125 0.41435868124999997 0.8017379203124999 0.41725252343749997 0.8132424234375 0.41491842968750003 0.818698709375 0.411206478125
0 0.73351473125 0.41675496718750005 0.7352225421874999 0.419509234375 0.741218509375 0.420590765625 0.7439899515625 0.42071316562499994 0.7493589140625 0.418238771875 0.7514332031250001 0.41787301875000005 0.7563483625 0.4197562046875 0.760374540625 0.42179614374999996 0.7651157734375 0.42096013593750004 0.767782715625 0.4204898828125 0.7731166015625 0.4195493734375 0.7774920812499999 0.4166390765625 0.7789916140625001 0.413013728125 0.77805110625 0.407679840625 0.7758730390624999 0.4022586296875 0.7707667781249999 0.3958260375 0.7671936781250001 0.39462283125000003 0.7615985390625 0.394081703125 0.7562124046875 0.394725884375 0.7482115734375 0.396136646875 0.7426858625 0.397722059375 0.740384671875 0.40026660156249994 0.73956439375 0.40774420312500004 0.7363047968750001 0.40831895781250005 0.7327137984375 0.4104798484375 0.7329922265625 0.413791696875 0.73351473125 0.41675496718750005
0 0.6876019421875 0.4214896890625 0.684499096875 0.42295342343750003 0.6840281203125 0.425480790625 0.6870078421875 0.431982809375 0.6903883921875 0.43902523281250005 0.693455440625 0.44428969062499996 0.6927224859375001 0.450529734375 0.6940817218750001 0.45303992656250003 0.696678515625 0.45563744218749996 0.701959428125 0.45959491718749995 0.7086876234374999 0.4596307171875 0.7127667765625 0.45677267187500004 0.7130115765625 0.4512297828125 0.7125763968750001 0.4470289546875 0.7152784140625 0.4450248140625 0.71791100625 0.44089413593750004 0.7174235765625 0.43639697968749996 0.716012090625 0.43359046250000005 0.7147573578124999 0.43167292343749997 0.7123702890625 0.4250664046875 0.7075947046875 0.42224198749999997 0.70233096875 0.4201147234375 0.6982697156250001 0.419608671875 0.691105615625 0.42056635625 0.6876019421875 0.4214896890625
0 0.2100772015625 0.6486829828125 0.2091524234375 0.6555679296875 0.20923902499999997 0.6595246828125 0.21085951249999998 0.6635165093750001 0.21870286718749998 0.6664110765625 0.236970640625 0.6625788953125 0.24570370000000002 0.6601224 0.25234529375000003 0.656201446875 0.25429862812500004 0.648218515625 0.2540724515625 0.6452029953125 0.25124948125 0.6395899578125 0.2476592046875 0.6365565390625 0.243006021875 0.630960678125 0.24809655468749997 0.6251744359375 0.249178084375 0.6191784703125001 0.2434104671875 0.6055295296875001 0.2414063265625 0.6028275109375001 0.23725847187500002 0.59836470625 0.229763696875 0.5957142156249999 0.22699225156249997 0.595591815625 0.22185019218750002 0.5958874203125 0.21676038281249999 0.59647935 0.204558725 0.598325290625 0.19223466718749999 0.6029426765625 0.183430734375 0.6136612515625 0.18193047812500002 0.6224809125 0.18199917968749998 0.6298017625 0.186129134375 0.6376286640625 0.194286715625 0.637106884375 0.20397818124999997 0.636620178125 0.208004359375 0.638660115625 0.21086240625000002 0.6427392671875001 0.2100772015625 0.6486829828125
0 0.302184821875 0.6165538359375 0.2928941828125 0.617580946875 0.2900525890625 0.620526315625 0.2870714203125 0.6244129187499999 0.287122946875 0.62990355625 0.2879589546875 0.6346447890625 0.2886382109375 0.6384970390625 0.29228073593750004 0.6418267859375 0.2986603546875 0.6416185078125001 0.305859528125 0.6391269390625001 0.3102872578125 0.6365129703125 0.3136170046875 0.63287044375 0.31396630625 0.6279202109375001 0.3143850328125 0.625096515625 0.31454250625 0.6207911859374999 0.31006325 0.6179145171875 0.306298325 0.6173562140625 0.302184821875 0.6165538359375