0 0.2000433875 0.660677421875 0.19960423124999999 0.673253215625 0.2104315703125 0.682788496875 0.2308504421875 0.6880801328125 0.2439515875 0.6816697484375001 0.2553777765625 0.6740562203125 0.243115021875 0.6564582765625 0.23647507656250003 0.6499308421875 0.23145020624999998 0.646321425 0.2053277625 0.6568556890624999 0.2000433875 0.660677421875
0 0.427139403125 0.4203125 0.42563158124999995 0.405454621875 0.42309927187499996 0.386911759375 0.4192026828125 0.3732897515625 0.4109143796875 0.360224178125 0.40284978125000004 0.35213490625 0.3924783734375 0.353192303125 0.38166045937500004 0.35565367812500004 0.36952777812500004 0.361618065625 0.360595815625 0.366984440625 0.35543576875 0.378160821875 0.35228635625 0.400054203125 0.35397516093750003 0.41998718437499993 0.35406987343749996 0.4203125 0.427139403125 0.4203125
0 0.336876803125 0.4203125 0.3396824078125 0.408131496875 0.330649628125 0.393620346875 0.3197070328125 0.38826971875 0.308913875 0.3900221703125 0.30330731875 0.40260253281249997 0.30577305 0.4203125 0.336876803125 0.4203125
0 0.7736458703125 0.508166325 0.7790819109375 0.4982230515625 0.770999371875 0.4928742546875 0.7519984640625 0.49052187500000005 0.7386124171875 0.49132106249999996 0.7225967062499999 0.49456169531249994 0.7114868984375 0.5030401984374999 0.718298784375 0.5083446234375 0.7385850734375 0.5103196750000001 0.7570537374999999 0.509697975 0.7736458703125 0.508166325
0 0.75543598125 0.574240009375 0.7663543484375 0.5712435859375 0.7629105359375 0.5605680109375 0.7580488109375 0.554065046875 0.748769246875 0.5465633828125 0.7361805140625 0.5427460734375 0.725926925 0.5449212859375 0.73414410625 0.5646300171874999 0.735134965625 0.5726866562499999 0.75543598125 0.574240009375
0 0.6931997546875001 0.603505565625 0.6870456328125 0.6010622859375 0.6836244765624999 0.596931746875 0.6878171953125001 0.5917300640625001 0.6938526171875 0.584810034375 0.6982785 0.5729313765625 0.6970052812499999 0.5711042171875 0.7035791015624999 0.5615289406249999 0.7139259390625 0.5587705390625 0.7180253921875 0.556239646875 0.7182585578125 0.549562671875 0.716234975 0.5436982375 0.7123065109375 0.5413326796875 0.7029898343750001 0.5401159859375 0.6945167875 0.5402657750000001 0.678093546875 0.5383552390624999 0.6736422296875 0.5381997953125001 0.6638027 0.539193215625 0.6538854484375001 0.54241229375 0.648942365625 0.5435767015625 0.6449206359375 0.543881934375 0.636463134375 0.5435865921875 0.62800563125 0.54329125 0.6247498109375 0.5471886234375 0.6179484796875 0.5505165125 0.609920565625 0.5506818453125 0.6074617421874999 0.5572811 0.605214884375 0.5705728734375 0.6075126109375 0.5813493000000001 0.6121914390625001 0.5877521328124999 0.620203809375 0.58803193125 0.6278954031249999 0.5847351296875 0.6357367859374999 0.5899113765624999 0.624804915625 0.59666041875 0.6244728296875001 0.6189325484375 0.63258835625 0.6290207890625 0.64685800625 0.6415523078125001 0.6559627171875 0.6360764828125001 0.6572415890625 0.6249792796875 0.659933578125 0.6117030515625 0.6692912328125 0.6245087140625001 0.6755485109375 0.636760434375 0.6852947765625 0.6384378046875 0.6925412375 0.6351254625 0.702955909375 0.61766216875 0.70059600625 0.60866626875 0.6931997546875001 0.603505565625
0 0.56277045 0.2656225015625 0.5727684890625 0.2616337921875 0.5784656171875 0.24795162187500003 0.5775946421875 0.2396792921875 0.57082555625 0.234237490625 0.5593319328125 0.2312334140625 0.5476113640625 0.23472818750000002 0.5416224781250001 0.24015825624999998 0.5381665796874999 0.256087615625 0.54082060625 0.26312085625 0.56277045 0.2656225015625
0 0.5972276062499999 0.2421000296875 0.5982044906249999 0.24733956250000003 0.6060866265625 0.25412158749999997 0.623538878125 0.2525621078125 0.6330787328125 0.24508711875000003 0.633456975 0.23425570156250003 0.630284246875 0.225469209375 0.6251317843749999 0.22355414062499998 0.6152850437499999 0.22321028593749997 0.6012929828125 0.2253243828125 0.5963868890625 0.23296118593749998 0.5972276062499999 0.2421000296875
0 0.674743734375 0.21444200468750002 0.6823189828125 0.2134051828125 0.6929718890625 0.20727041562499998 0.6938688328125 0.19819225468749999 0.68193215625 0.1912686421875 0.670851325 0.193050615625 0.6655324375 0.1959013703125 0.6641319218749999 0.2027930234375 0.6645144562499999 0.20844558750000003 0.6661008203125001 0.2128388328125 0.674743734375 0.21444200468750002
0 0.7747695015625 0.1732551296875 0.7628479546875 0.1658982609375 0.7472241421875 0.16491888125 0.7383240265625 0.17068107187499998 0.7374270828125 0.1797592328125 0.74407513125 0.1886670875 0.7538462234375001 0.191177228125 0.7644537406249999 0.1863422296875 0.7747695015625 0.1732551296875
0 0.8199552125 0.1414316078125 0.8050013984375 0.1378729140625 0.791573428125 0.1404404953125 0.7867883703125 0.1446112453125 0.790922853125 0.1590705296875 0.80231056875 0.16510740156249998 0.81805541875 0.162620728125 0.8271068312500001 0.152525971875 0.8199552125 0.1414316078125