0 0.7653457375 0.41808819062499997 0.7829955390625 0.4343520515625 0.8323681578125001 0.43834129375 0.8664256140625 0.43106089687500004 0.8809002296875 0.41596984687500005 0.8767538828125 0.39850314375 0.8613266609375 0.3888359875 0.8158481999999999 0.3867293703125 0.7851993203125 0.4028365015625 0.7653457375 0.41808819062499997
0 0.6370284296875 0.47495617812499996 0.6135106015625 0.4756585234375 0.6043998125 0.48608525625 0.60708293125 0.49566036249999995 0.6119416953125 0.51008135 0.6388892 0.5082777609375 0.658539865625 0.5029465234375 0.666629928125 0.495130553125 0.6680705984374999 0.48651434374999997 0.6544043359375 0.47818282500000003 0.6370284296875 0.47495617812499996
0 0.580654478125 0.47805474062500003 0.567332371875 0.47678790156249995 0.548008328125 0.47744823593749997 0.5382500859375 0.48514755625 0.5532345765625 0.4986002671875 0.5637744546875 0.5036957625 0.5769799109375 0.5066307812499999 0.582054440625 0.505979825 0.5899112015625 0.5015002125 0.5861840203125 0.494869503125 0.5826434859375 0.4855697078125 0.580654478125 0.47805474062500003
0 0.49916262031249997 0.5082626703125 0.506092665625 0.50902660625 0.51126831875 0.5049191046875 0.5122159625 0.5013539687499999 0.5018694875 0.49951311875000004 0.49493944218749997 0.498749184375 0.48636680156249995 0.501501790625 0.491037059375 0.5046217515625 0.49916262031249997 0.5082626703125
0 0.46798198593749996 0.48229844218749995 0.46378495624999994 0.48234048593749995 0.462103809375 0.48239069062500006 0.45731430156249997 0.48490775781249995 0.45747536406249995 0.4852352328125 0.460431440625 0.4883132375 0.46496411562500006 0.48946900937500004 0.4717820953125 0.4879326078125 0.4736617015625 0.48504429687500006 0.47170327656250005 0.48306195 0.46798198593749996 0.48229844218749995
0 0.9737786109375 0.46792586875 0.9801381906250001 0.47023370625 0.9975475921875001 0.467724828125 0.9956059937499999 0.46218597812500006 0.9888217906250001 0.4592895078125 0.9753798171874999 0.458349553125 0.9666346078125001 0.4635137375 0.9737786109375 0.46792586875
0 0.6935295781249999 0.4790706171875 0.7017432218749999 0.48150810312500003 0.71462118125 0.47719185 0.714559575 0.471411834375 0.710608334375 0.4679682140625 0.6984013265625 0.46935037343749997 0.6906998375 0.47291072187500005 0.6935295781249999 0.4790706171875
0 0.689494015625 0.4635107453125 0.6946964171875 0.4623840265625 0.69917921875 0.45822598125 0.6979961109375 0.4551622390625 0.696540734375 0.4559920359375 0.6888035734375 0.4534015546875 0.679069728125 0.4527208984375 0.6709695484375 0.45532180312500004 0.6725124578125 0.4599012078125 0.6815494156249999 0.46388677031250003 0.689494015625 0.4635107453125
0 0.8178564390625 0.5007348984375 0.804984596875 0.4921358734375 0.7975240234375 0.4887270765625 0.7878511765625 0.48484279375000006 0.7685858718749999 0.485099578125 0.7580803765625 0.488535221875 0.750907809375 0.49477023750000004 0.748425475 0.5119192703125 0.7546828156250001 0.518772609375 0.76417708125 0.5252107171875 0.778660675 0.5291106109375 0.7801072703124999 0.5359483390625 0.7759528625 0.5390625 0.8357457015625 0.5390625 0.8432407718749999 0.53683438125 0.8559897640624999 0.524252734375 0.8569407375000001 0.5198281859375 0.88060826875 0.5208416015624999 0.8850350062500001 0.5079987953125 0.888209340625 0.4809536890625 0.8833338140624999 0.4681019828125 0.854708178125 0.460005290625 0.83863515625 0.46048530000000004 0.8261696468749999 0.46442546250000005 0.8302058125 0.480105578125 0.839476853125 0.4897359703125 0.8338178484375 0.5018510296875001 0.8178564390625 0.5007348984375
0 0.762476321875 0.6325743171875 0.7574368765624999 0.66011483125 0.7959620171874999 0.673187525 0.8249262625 0.6745642328125 0.8840681437500001 0.6748078015625001 0.9007395015625 0.6441886359375 0.891229115625 0.61692804375 0.8629419531250001 0.6058685984375 0.8233334749999999 0.608288284375 0.79256904375 0.617813128125 0.762476321875 0.6325743171875
0 0.8745492078125 0.79609255625 0.8951261734375 0.7689898578125 0.8986814109375001 0.7478322796875 0.8839112484375 0.7364206953125 0.8481686156249999 0.728083275 0.8149376453125001 0.7283542296875 0.78363691875 0.730706175 0.7488765953125001 0.7380055796875 0.7309972265625 0.7562154984375 0.7456717359375 0.7838372046875001 0.783835765625 0.8020740265624999 0.82910489375 0.7929147796875 0.8428024562499999 0.789980575 0.8745492078125 0.79609255625
0 0.246500684375 0.0869275109375 0.269559084375 0.085164453125 0.2873242421875 0.0810059796875 0.2940801359375 0.0781029390625 0.3066929921875 0.0695336328125 0.3037549765625 0.049075434375 0.285936478125 0.0383781625 0.26311296562500003 0.0367821875 0.235613278125 0.0395848609375 0.2148225 0.040156303125 0.19573561875 0.0475978109375 0.17721881718750002 0.0625051890625 0.16635683437499998 0.0772727546875 0.184034396875 0.0899854484375 0.22018178124999999 0.08846257187499999 0.246500684375 0.0869275109375
0 0.2756371234375 0.3887056328125 0.24822503281250002 0.37463714375 0.22479081406249998 0.3817746546875 0.2045295015625 0.40601132968750003 0.21096290468749998 0.42333848906249993 0.24115937031249998 0.42882549062499997 0.262661159375 0.4337045 0.2798029046875 0.40722440937500004 0.2756371234375 0.3887056328125
0 0.20658130625 0.4547614078125 0.2020587703125 0.4881997453125 0.21071282187499998 0.5050070984375 0.2177569296875 0.51360076875 0.24582670625 0.5182639640625 0.250026753125 0.5050558281249999 0.25753428125 0.49140387968750004 0.2631563609375 0.48909664687500004 0.272925153125 0.458725528125 0.257750096875 0.4414621875 0.22831162656249998 0.44075383125 0.20658130625 0.4547614078125
0 0.2176339953125 0.727548440625 0.2213878796875 0.73602065 0.2262709359375 0.7421571984375 0.23616136875 0.7457463515625 0.2570615890625 0.7451432546875 0.28322405625 0.7495202203125 0.2990830109375 0.7506291859374999 0.31487475625 0.7526993 0.3254708953125 0.746196390625 0.32808879375 0.7294771015625 0.3247717765625 0.7147574234375 0.31191047968749996 0.6984044968750001 0.29958356875000003 0.69512789375 0.289592321875 0.6929804640625 0.2917061453125 0.6834697921874999 0.285784625 0.6714655359374999 0.27579337812500004 0.6693181078125 0.26652804375 0.6706019078125001 0.2609728859375 0.6740768484374999 0.2467908890625 0.6697046765625 0.23972679531250002 0.6740399499999999 0.2356805703125 0.67665455625 0.22865008437499998 0.6805092562499999 0.2190559828125 0.6931140796874999 0.22354870624999998 0.7120255359375001 0.2176339953125 0.727548440625
0 0.24327676875 0.5679305203125 0.24639703906250002 0.5712427578125 0.2524832546875 0.572699696875 0.261171178125 0.5738228890625 0.27368990000000004 0.5754717953124999 0.285325828125 0.5749962734375 0.2955173640625 0.5767402828125 0.2938719734375 0.5670852484375 0.2799393515625 0.5635326140625 0.2703506890625 0.5605415734375 0.262999503125 0.5587383421875 0.25400117031249997 0.5583669546875 0.245264815625 0.56162360625 0.24327676875 0.5679305203125
0 0.280447240625 0.5968291296875 0.2844574578125 0.59478901875 0.2795590515625 0.5910946046875 0.2743502375 0.5881519953125001 0.268741303125 0.58724410625 0.262434390625 0.5852560609374999 0.2510137671875 0.5826525921875 0.23650699999999997 0.5873106 0.2382241578125 0.595939303125 0.2403360390625 0.598923190625 0.2319100921875 0.6014280375000001 0.2220343578125 0.6025423187500001 0.214449928125 0.6040746625 0.205993490625 0.6107027734375 0.20496716093749998 0.6106310046875 0.19697721562499998 0.61058796875 0.1912355359375 0.6189529359375 0.1907511015625 0.6258806671875 0.1895507453125 0.6319848218749999 0.184257615625 0.6339352265625 0.1755320484375 0.6444120765625 0.1775470671875 0.6561556562499999 0.192816428125 0.6590282546874999 0.20829030624999997 0.6516016640625 0.21026580468749997 0.6491614328125 0.22001054843749998 0.6462331296875 0.220486071875 0.65786905625 0.22765783750000002 0.6622381140625 0.23801085 0.66167288125 0.249318428125 0.662205746875 0.2624705140625 0.6584843609375 0.2659442296875 0.653054846875 0.273320509375 0.647124715625 0.283434884375 0.6462849578125 0.2914840484375 0.6491683453125 0.3002491359375 0.65287530625 0.30959915625 0.655591821875 0.31727869218750004 0.656386665625 0.32529373281249996 0.6486963390625 0.3272225578125 0.6395490765625 0.32469976875 0.6313797109375 0.3186799265625 0.62528634375 0.31200338437499997 0.621209753125 0.3034177171875 0.614936965625 0.29879383593750003 0.6110039109375001 0.2898618765625 0.6059960953125 0.28228459687499996 0.6000516593749999 0.280447240625 0.5968291296875