0 0.12302439843749999 0.4502749421875 0.13882113437500002 0.379554471875 0.1358590203125 0.3139401109375 0.09984619375 0.309008146875 0.0719261890625 0.353214078125 0.072608221875 0.40805280625 0.0955953765625 0.45797127968750007 0.12302439843749999 0.4502749421875
0 0.7272017046875 0.15708222968750002 0.7230735453125 0.1684855796875 0.73229706875 0.1811168296875 0.756266553125 0.18184485 0.77222763125 0.173702478125 0.7713020984375001 0.15094274375 0.7560863343750001 0.1448636390625 0.731219446875 0.147785765625 0.7272017046875 0.15708222968750002
0 0.9245129015625 0.40721117500000004 0.922055065625 0.40021618124999997 0.9046299046874999 0.3824015890625 0.8923964609375 0.373309771875 0.8820547 0.36854243750000004 0.8670462328124999 0.3719812234375 0.8533773640625 0.39027891718749996 0.8479377375 0.413233234375 0.862090471875 0.42612281406249997 0.8786869749999999 0.43280244687499997 0.904202828125 0.43097066875 0.913287803125 0.4192989265625 0.9245129015625 0.40721117500000004
0 0.73169609375 0.515943890625 0.7599322875000001 0.529571553125 0.77948350625 0.5337651953125 0.7953065625 0.52825643125 0.7876981546875 0.49828027812500003 0.7753542921875 0.49129534843749995 0.7558306781249999 0.48657498125 0.74591705 0.4871117671875 0.7287408546874999 0.49149328125 0.721878815625 0.50116885 0.73169609375 0.515943890625
0 0.8553550234375 0.55464283125 0.8742020671875 0.5587995718750001 0.8833563156249999 0.5592793265625 0.891999621875 0.5560351265625 0.8920131609374999 0.542303465625 0.890011059375 0.5400858687500001 0.8862276906250001 0.5314369015625 0.8869594671875 0.5309470843749999 0.8601180812500001 0.531124890625 0.8458689953125 0.5335471359375 0.841091871875 0.5438601375000001 0.8553550234375 0.55464283125
0 0.6729969031249999 0.5126552531249999 0.6754996625 0.50207183125 0.67842448125 0.49272809687499997 0.6734127640625001 0.48613409687500003 0.667813540625 0.481457415625 0.66374775625 0.47540001875 0.6704181171875 0.46893122500000006 0.67316475625 0.4629873375 0.6744415906250001 0.4572099359375 0.667563465625 0.4490570421875 0.6573247078125 0.44462424062499994 0.6485175734374999 0.440753490625 0.6417178781249999 0.44039713437500005 0.634395340625 0.44537066875000003 0.6321736062500001 0.45523827812500006 0.6345532281249999 0.46559054531250005 0.6386571937500001 0.4709194046875 0.64012803125 0.4753797265625 0.6371767265625 0.4805823484375 0.6326919828124999 0.487165684375 0.6318499328125 0.4939399265625 0.634253975 0.499179696875 0.6432912281250001 0.50330601875 0.648098278125 0.50915875 0.652471578125 0.51864145 0.659399575 0.5211961515625 0.669610815625 0.516861034375 0.6729969031249999 0.5126552531249999
0 0.26875 1 0.26875 0.7427177656249999 0.2632066078125 0.741680884375 0.2592815640625 0.7712002078125 0.25803871875 0.7949150953124999 0.25729301250000003 0.8091440249999999 0.23539033437499998 0.818697165625 0.23027450312500003 0.8255630625 0.2295909390625 0.8386062484375 0.21492701093750002 0.8461607531249999 0.20688041093749998 0.8635740640625 0.1922786265625 0.8699428234375001 0.17312028906250002 0.8725057828124999 0.16432294218750002 0.881556740625 0.15284339375 0.8964121374999999 0.1482918859375 0.9151976203125001 0.14692475625 0.9412839953125 0.14586833906250002 0.9614416484375001 0.14506049062499998 0.976856325 0.15371289531250001 1 0.26875 1
0 0.115036328125 0.8197925406250001 0.11445653281249998 0.8308557000000001 0.11046734843749999 0.8464945593750001 0.10556369843749999 0.86446268125 0.10498390312500001 0.875525840625 0.10839665000000001 0.8860058453124999 0.113762575 0.889456646875 0.1241597515625 0.88762435 0.132434734375 0.8809264593749999 0.135260965625 0.87235821875 0.140040371875 0.8567607718750001 0.14827058125 0.8357974031250001 0.1506378984375 0.8208659421875 0.1451443734375 0.8047301171875001 0.137573428125 0.797994171875 0.12480557343750001 0.799702225 0.115036328125 0.8197925406250001
0 0.8396061359375 0.89949349375 0.8240670546875 0.8845419859374999 0.801657628125 0.8859379453124999 0.77353685625 0.8979587406249999 0.762685103125 0.9083141765624999 0.7633238578125 0.9289107640625 0.7821891203125 0.9459643796874999 0.8095374421875 0.9486828390625 0.8279654609374999 0.9412948484375001 0.8352895218749999 0.9326823234375 0.83952249375 0.9174818328125 0.8396061359375 0.89949349375
0 0.6617596859375 0.9653568296874999 0.6504371046874999 0.95191149375 0.6239119328125 0.9498787703125 0.6108258281250001 0.9536911390625 0.6000412453124999 0.9627649015624999 0.5995710578125 0.9717366203125 0.6110279765625 0.98261860625 0.61112873125 0.9806960968749999 0.6287507156250001 0.98868819375 0.6473973562500001 0.9935210078125 0.66144095 0.987831028125 0.6617596859375 0.9653568296874999
0 0.8200296093749999 0.6615067578125 0.8103513265625001 0.659956665625 0.8022339 0.6618777171875 0.7944231937499999 0.6645969984375 0.7895228640624999 0.6716403046874999 0.7943416953125 0.6794536890625 0.8011029203125 0.6834580906250001 0.8104336046875 0.684989965625 0.8181080484375001 0.684870728125 0.8253598156249999 0.6795149671875 0.82635479375 0.673831303125 0.8262933453124999 0.6683529921875 0.8254276875000001 0.6649182828125 0.8200296093749999 0.6615067578125