0 0.2273799734375 0.24142843125 0.2355984921875 0.244579625 0.252966490625 0.24262824218749998 0.2526759390625 0.23461190781250002 0.2364612625 0.229453475 0.220537140625 0.23231137500000001 0.21631126093750003 0.23883125781249998 0.2273799734375 0.24142843125
0 0.21303808906250002 0.20242753906250002 0.2197751796875 0.2023051578125 0.2280006203125 0.2033180890625 0.2363219203125 0.2026503328125 0.2329143390625 0.1938152734375 0.2207575296875 0.1921419109375 0.21303808906250002 0.20242753906250002
0 0.2317145734375 0.15938288125 0.2230305734375 0.16035857343749998 0.2124510578125 0.1602781015625 0.1991340125 0.167852821875 0.20019443125 0.175482071875 0.212980771875 0.17822024375 0.226143646875 0.17637394687500002 0.23625472187500002 0.1675229203125 0.2317145734375 0.15938288125
0 0.2500846953125 0.071285003125 0.225172184375 0.0713787921875 0.21104079687500002 0.07911180625 0.2079306875 0.07615481406249999 0.20248725312500002 0.0677154875 0.1924176890625 0.0637369203125 0.16748442187499998 0.0702455046875 0.171367365625 0.08587379687499999 0.1822512703125 0.089694071875 0.1887521625 0.0927042671875 0.17831594374999998 0.10423028906250001 0.17724465 0.113935953125 0.17717942343749998 0.12012195781249999 0.1827048828125 0.13115713281250002 0.1943823765625 0.1412339125 0.21264673906249998 0.141720084375 0.22175569999999997 0.12119206874999999 0.22386369843749998 0.1124720671875 0.23729044375 0.0989401328125 0.24872581249999998 0.08603271875 0.2500846953125 0.071285003125
0 0.162297721875 0 0.16187723125 0.0093665515625 0.16457033906250002 0.01786559375 0.16733784062499998 0.02496209375 0.1687677984375 0.0323185859375 0.170142153125 0.0376037640625 0.17544535 0.045248434375 0.1835724234375 0.0495680375 0.19519214375 0.050432575 0.20127609062500001 0.049596996875 0.2091901484375 0.0438944140625 0.2098033171875 0.041693104687499996 0.20824336406250002 0.033667840625 0.203998928125 0.027899490625000002 0.1940417421875 0.028446890625 0.1877447828125 0.019260282812499998 0.18846992812500002 0.0087087203125 0.1863089828125 0 0.162297721875 0
0 0.5154106765625001 0.9340070296875 0.5178117140625 0.9463592953125 0.5236288796874999 0.9493073171875 0.5510776359375 0.9556254359375 0.555476003125 0.95127439375 0.559375 0.94600319375 0.559375 0.9194364609375001 0.557895409375 0.9187566625000001 0.5439527546875 0.914474671875 0.5246130671875 0.9228953734375 0.5154106765625001 0.9340070296875
0 0.8243758187499999 0.19119036250000002 0.8106903937500001 0.1909923265625 0.7949961359375 0.1973095109375 0.7964585843750001 0.207641459375 0.8057252500000001 0.2131898953125 0.821428859375 0.20972910625000002 0.8283059765624999 0.1973677921875 0.8243758187499999 0.19119036250000002
0 0.9144522671875001 0.098551096875 0.903865078125 0.103058934375 0.8991497531249999 0.10969192812499999 0.9001720296875 0.12337596875000001 0.9071910734375 0.1314028765625 0.9211730656249999 0.1303183171875 0.9316072953125 0.125023578125 0.9389432875000001 0.1150229671875 0.93807396875 0.1021258265625 0.9312843609374999 0.0952792703125 0.9144522671875001 0.098551096875
0 0.9387656390625001 0.0607514453125 0.9290961984375 0.069980684375 0.9236925625 0.07307262656249999 0.9289228609375 0.085938709375 0.9392321828125001 0.08842625937500001 0.9507371171875001 0.0886398234375 0.962223353125 0.0831405953125 0.97120448125 0.070370303125 0.971014125 0.0581578203125 0.9588208796875 0.054403203125 0.9387656390625001 0.0607514453125
0 0.9968768421875 1 0.994990596875 0.9902961124999999 0.984784953125 0.98146775625 0.9411209015625 0.975211365625 0.9187966078124999 0.972670321875 0.8790627671875001 0.9803937984375001 0.8653152140625 0.9845404343749999 0.85175176875 0.9896342031250001 0.85331665625 0.9976848515625001 0.8561191765625 1 0.9968768421875 1
0 1 0.5890625 0.7342815015624999 0.5890625 0.73201071875 0.5902050140624999 0.705525046875 0.621964403125 0.7065923515625 0.6399008687500001 0.7361843796875001 0.6365679515625 0.7594955046874999 0.6320367265625 0.773482178125 0.62931799375 0.7880502859375 0.6482589546875 0.79594986875 0.6515618125 0.8087709859375 0.6490696390624999 0.8196486140625 0.6614703859375 0.8384913234375 0.66506530625 0.8482033953125001 0.6776926140625 0.85532504375 0.6956618296875 0.866235421875 0.7020082328125 0.883426703125 0.7095529453125 0.9027552859375 0.709424634375 0.9283975234374999 0.7044402875 0.948211978125 0.7005887484375 0.963364209375 0.697643453125 0.9879063921875 0.680776984375 1 0.6729827640625 1 0.5890625
0 0.874739078125 0.76104365625 0.8840821640625001 0.755196940625 0.8861323265625 0.7491555828124999 0.881839153125 0.73951051875 0.8733383187499999 0.7331017046875 0.8643408625 0.7324322703124999 0.848050484375 0.7315681953125 0.8257187500000001 0.72865395625 0.8106581109375 0.7299692062500001 0.79633059375 0.7392031609374999 0.7916263109375 0.7481787890625 0.7963724515624999 0.7601541671875001 0.81822939375 0.7647729375 0.8291041953124999 0.7626590906249999 0.8452435843749999 0.7627463953125 0.8638642765625001 0.763157503125 0.874739078125 0.76104365625