0 0.7080459171875 0.37480080781249997 0.6998032937499999 0.3825775921875 0.7058373765625 0.39016224374999997 0.7231813890625001 0.3982710921875 0.7361592390625 0.40164753593749997 0.7523924953125001 0.4035146375 0.7655785515625 0.398884221875 0.7607392203125001 0.391734425 0.7420561375 0.38358723125 0.7242992796875 0.378471371875 0.7080459171875 0.37480080781249997
0 0.7457824421875 0.3175881640625 0.7344725125 0.317063971875 0.7344488375 0.3282812421875 0.7370630874999999 0.335968284375 0.7435703359375 0.3459703328125 0.7543633187500001 0.3534909421875 0.7647872390625 0.3545907265625 0.7630625671875 0.3333073609375 0.7646098421875 0.3253388484375 0.7457824421875 0.3175881640625
0 0.8140161656249999 0.3089870171875 0.81911406875 0.3132124421875 0.8210913734374999 0.3181980140625 0.815496453125 0.32184948750000003 0.80761801875 0.3265657796875 0.799738046875 0.3364953796875 0.8003843265624999 0.3386265578125 0.7911733296875 0.3457017671875 0.7804805078125 0.3451278125 0.775799609375 0.34626803281249996 0.77351455625 0.35254616250000004 0.7736268890625 0.3587488921875 0.77663208125 0.3622126328125 0.7851167890624999 0.366248790625 0.793221421875 0.368724646875 0.8082504640625 0.3756167359375 0.8124358828125 0.377140103125 0.8221008171875 0.37923588750000004 0.8325274328125 0.3792389609375 0.8375884062500001 0.3796590390625 0.8415076203125 0.380611528125 0.8494599171875 0.383505928125 0.8574122140625 0.386400328125 0.8617130375000001 0.3836998078125 0.8692098625 0.382636525 0.8768959531249999 0.3849600453125 0.881273715625 0.3794436 0.8875179875000001 0.3674966890625 0.88866281875 0.35653766249999996 0.8861915734375 0.34900236875 0.87865781875 0.34626030625 0.8703239109375 0.3470189171875 0.8644658609375 0.33967289375 0.8769482562500001 0.33663230624999996 0.8841465546875 0.315552871875 0.8795456671874999 0.30345055 0.8698468765625 0.287122803125 0.859495659375 0.2895171125 0.85485015625 0.2996759859375 0.8481873421874999 0.311470559375 0.8432448499999999 0.2963999765625 0.8410798156249999 0.2828142921875 0.8323289015625001 0.27820725625 0.8244135375000001 0.2791182015625 0.809112140625 0.2925084703125 0.8085766578125 0.30179333124999996 0.8140161656249999 0.3089870171875
0 1 0.7083647484375 0.963373390625 0.7084880874999999 0.9523979546874999 0.7061561328125 0.9336535234375001 0.6926826078125 0.899812840625 0.6678947734375 0.8717471828125 0.6759702640625 0.8823009765625001 0.6997648640625 0.8809031859375 0.71172694375 0.8637820749999999 0.726280090625 0.861222809375 0.753615815625 0.91757965625 0.7774535859375 0.95110214375 0.7746897749999999 0.9692611796874999 0.7613457890625 0.9839774609375 0.7533998562499999 1 0.741484125 1 0.7083647484375
0 0.837976128125 0.8174855484375 0.833402784375 0.83411154375 0.8424151343749999 0.8540195484374999 0.8674797828124999 0.8623109453125 0.9064591 0.8648588125 0.9379675140625 0.8513852703125 0.9181851562500001 0.83670258125 0.8821450734375 0.8260792296874999 0.8583855546875 0.8182628609375 0.837976128125 0.8174855484375
0 0.905297625 0.880232459375 0.9012278015625 0.8995358859374999 0.9040434875000001 0.9080432125 0.9115452796874999 0.91991891875 0.9248328828125001 0.9280807671875 0.9410906078125001 0.9240214281249999 0.9508226890625 0.9175869499999999 0.9464964468750001 0.9010473265625001 0.9324690109375 0.8867964796875001 0.9079078828125 0.881182515625 0.905297625 0.880232459375
0 0.8961911468749999 0.9783474156249999 0.905327046875 0.9816726109375 0.9158298500000001 0.9771814296875 0.9185327703124999 0.9656943796874999 0.9157170859375 0.9571870546874999 0.9076808859375 0.9467796171874999 0.8878058640625 0.944534034375 0.875638065625 0.9617214281249999 0.8792862484375 0.963880646875 0.8961911468749999 0.9783474156249999
0 0.7733647218749999 1 0.7832180875 0.99067074375 0.790232540625 0.9813377078125001 0.7959618765625 0.96843620625 0.796710128125 0.9635406828124999 0.790447278125 0.9566101124999999 0.7827315421875001 0.95225145625 0.76704841875 0.952744703125 0.7616948859375 0.9575144 0.75526259375 0.9624082484375001 0.747212996875 0.9646463000000001 0.737212240625 0.970825265625 0.7303219359375 0.9812370640625 0.724590925 0.9998226062500001 0.7246341359375 1 0.7733647218749999 1
0 0.8874779828125 1 0.888010309375 0.9924902375 0.8821950046874999 0.98491946875 0.8762848453125001 0.9808204281249999 0.86809055625 0.97978586875 0.8592398609374999 0.9773436468750001 0.8547032203124999 0.982315365625 0.8508520718750001 0.9961074218749999 0.8521074640625 1 0.8874779828125 1
0 0.399775803125 0.0495466046875 0.3838115078125 0.037804259374999996 0.3622685046875 0.03655415625 0.3487775421875 0.034939301562500004 0.3391029296875 0.051849842187499995 0.34320142656249997 0.0671824734375 0.3485717546875 0.0862734734375 0.35987498125 0.103569325 0.375696909375 0.10603258125 0.39858119687500004 0.1011799671875 0.4093869921875 0.09324932500000001 0.4110104328125 0.0839538453125 0.40705257499999997 0.06339967656249999 0.399775803125 0.0495466046875
0 0.3799386359375 0.13789461249999999 0.388978628125 0.1299803578125 0.3807130359375 0.11642648281250001 0.35888702499999997 0.11111882656250001 0.35083585156249997 0.1187338875 0.3495657484375 0.1294761484375 0.36305756875 0.1383413171875 0.3799386359375 0.13789461249999999
0 0.3605468890625 0.223318240625 0.3776288921875 0.22797291249999999 0.3895191234375 0.22969616093749998 0.3914724765625 0.22624000937500002 0.39683097031250003 0.22298145468750002 0.3973332015625 0.22160158281250003 0.39906288437500004 0.214938690625 0.39280903437500003 0.19964025000000002 0.38097301093749997 0.18439362343750001 0.3799122921875 0.183486665625 0.38247834062499997 0.168793965625 0.3786258578125 0.162182884375 0.3584728390625 0.150680675 0.35250027500000003 0.153715728125 0.3519431515625 0.162888953125 0.34976749375 0.1745984140625 0.35094141562500003 0.1885688 0.358590128125 0.198124259375 0.35362339062500003 0.20985962656249998 0.3605468890625 0.223318240625
0 0.42934473593750005 0.43744129374999996 0.43715813125 0.42361668906250005 0.44100789375 0.407307665625 0.4417324265625 0.397674484375 0.43877257187499996 0.3867002953125 0.42933723749999997 0.3744110046875 0.41716707499999994 0.3658143125 0.4032665546875 0.3581504953125 0.387077175 0.34913270937499996 0.387189009375 0.350736078125 0.380992778125 0.3505643921875 0.3667587953125 0.35528053593750003 0.3578846765625 0.36819817499999996 0.366092565625 0.38577049531249996 0.3682716265625 0.4027111625 0.37480472656249997 0.41915301875 0.38518894531250003 0.4307459015625 0.4004294375 0.44046009843749995 0.4152781640625 0.44169748125 0.42934473593750005 0.43744129374999996
0 0.362847328125 0.32208264999999997 0.379595190625 0.3333872640625 0.3958380984375 0.3231516421875 0.3983492546875 0.3162522953125 0.399296778125 0.304095828125 0.397787359375 0.285315334375 0.4005215 0.2758927015625 0.4066052171875 0.26873099218749996 0.40593421249999995 0.2591107640625 0.3937626890625 0.239054025 0.3842162015625 0.2308913859375 0.37500521875000004 0.22753886250000002 0.36819492187499997 0.2271436734375 0.3626696921875 0.236592209375 0.3618333234375 0.244622021875 0.3641235375 0.2574360359375 0.3656878515625 0.268423178125 0.36183809375 0.28473220781249997 0.356145453125 0.29464070000000003 0.3537461296875 0.30314341875 0.362847328125 0.32208264999999997
0 0.39842915 0.481229840625 0.39528680625 0.47952227187499996 0.38731099375 0.4828216703125 0.380845821875 0.4861070515625 0.3784907265625 0.498782284375 0.3864680140625 0.5078881359375 0.39933966875000004 0.5159561390625 0.4131775703125 0.5193011734375 0.4174057484375 0.5056161343750001 0.41722379062500003 0.4999113984375 0.41504769843749995 0.4934808609375 0.39842915 0.481229840625
0 0.37988473906250003 0.5342484078124999 0.3841752921875 0.5369377421875 0.38949298906249996 0.538873225 0.394810690625 0.540808709375 0.4010946421875 0.5380212281250001 0.4010337421875 0.5340521046875 0.3971056296875 0.5303669859375 0.38767859374999997 0.525244271875 0.3792801890625 0.5317729671875 0.37988473906250003 0.5342484078124999
0 0.43355187187500005 0.6101667234375 0.4394102734375 0.5857980203125 0.43046526093750004 0.5690098828125 0.410282509375 0.5644832171874999 0.394209828125 0.569346403125 0.39010270625 0.5847670578125 0.3870829 0.5972003546875 0.38061846718750003 0.6066883609375 0.37790019531249996 0.6141567515624999 0.377528128125 0.61875 0.4298908015625 0.61875 0.430531325 0.616397390625 0.43355187187500005 0.6101667234375
0 0.36738874374999997 0.9410931828125 0.3792344453125 0.966063296875 0.41199990781249995 0.9910727500000001 0.444197984375 0.9903967109374999 0.4542865375 0.9747872578125 0.44505060781249994 0.9487011578125 0.4220558109375 0.9362000125 0.382475521875 0.9238598265625001 0.36738874374999997 0.9410931828125
0 0.46935853125 0.8576984671875 0.43517751875000005 0.8335510375 0.40461184531249994 0.847905021875 0.3959343703125 0.8778004890625001 0.4146780609375 0.908035753125 0.4370965359375 0.9251474828124999 0.46716905937500003 0.9333385 0.49521260156249997 0.9228868828125 0.49561812187500004 0.8975555015625 0.47820233593749994 0.863671834375 0.46935853125 0.8576984671875