0 0.3690517390625 0.39672055156249997 0.35837109218749996 0.3960745765625 0.34514341718749997 0.396044525 0.33860798124999997 0.3977171671875 0.32726662812499996 0.40482623906250004 0.327791025 0.409375 0.40293553125 0.409375 0.3956236875 0.40228747968749995 0.377152515625 0.3977751359375 0.3690517390625 0.39672055156249997
0 0.3558796640625 0.36841770937499996 0.353332634375 0.36903363125 0.3524239859375 0.3704526140625 0.35327031875000003 0.3781814796875 0.36310798593750004 0.380661059375 0.37426305625 0.3795318015625 0.38526869218750004 0.37268841406250003 0.3896075546875 0.366688425 0.3749056703125 0.36689186406249996 0.3711873125 0.3672682828125 0.3558796640625 0.36841770937499996
0 0.3994304796875 0.37384558437500004 0.3976533890625 0.37455206875 0.3984561640625 0.3748499453125 0.396270315625 0.377746284375 0.39903245 0.383259115625 0.40552768125 0.3837179515625 0.414945865625 0.3811637 0.41490230468749995 0.37373270937499997 0.4081443953125 0.3716153921875 0.3994304796875 0.37384558437500004
0 0.4191614140625 0.350531953125 0.4159757828125 0.3518865515625 0.41527151562500003 0.35221060937500004 0.41320963437499997 0.3582749796875 0.423211475 0.3617911109375 0.43290707656249994 0.35621776562499996 0.435001790625 0.3503607078125 0.42586102343750004 0.34989586093749997 0.4191614140625 0.350531953125
0 0.40558393906249995 0.33398143281250003 0.39673868749999996 0.335382384375 0.396132921875 0.336328371875 0.39031984999999997 0.34256185 0.39687338125 0.345774096875 0.40521874531249996 0.34360227656250003 0.4097144109375 0.3409776328125 0.41053929218749996 0.3342591390625 0.40558393906249995 0.33398143281250003
0 0.40549681875 0.319119453125 0.40428528906250005 0.3210114296875 0.400796775 0.322839021875 0.401551975 0.3276071671875 0.41019284999999994 0.3273011421875 0.41572113125000004 0.3264255484375 0.4196512375 0.3226154140625 0.41919155 0.319713065625 0.416626425 0.3154440953125 0.41375104531250007 0.3139869125 0.40549681875 0.319119453125
0 0.37279016249999997 0.336837834375 0.3727720671875 0.33195294531249997 0.36883860625 0.326200609375 0.3661274015625 0.32577997812500004 0.366616565625 0.3193271671875 0.36116869218750003 0.315939803125 0.352272509375 0.3122485546875 0.33942075625 0.30982133749999996 0.3314767796875 0.3121420953125 0.33024314062500004 0.321050440625 0.339106490625 0.32453438125 0.34750278125 0.3274547609375 0.3526149390625 0.331107809375 0.34690774375 0.3356244296875 0.344345971875 0.3409179296875 0.3481152578125 0.3456337140625 0.36435702187499996 0.345611403125 0.36905706562499996 0.34189183437500004 0.37279016249999997 0.336837834375
0 0.4031033203125 0.2975281515625 0.396378665625 0.2984551890625 0.3911069796875 0.300808615625 0.386304528125 0.306124675 0.3900209625 0.314094728125 0.393612028125 0.313525959375 0.4001542984375 0.30834846875 0.40585038124999995 0.30247674375 0.4063862078125 0.2981125375 0.4031033203125 0.2975281515625
0 0.30872534375 0.351183709375 0.304780740625 0.3560526671875 0.2993832546875 0.35770333125 0.3064611359375 0.366662265625 0.31092015 0.3709960078125 0.31650416406250004 0.3764778796875 0.3221701484375 0.3824772890625 0.331598396875 0.388411340625 0.345818553125 0.3858938265625 0.34895265000000003 0.372930115625 0.3425397328125 0.365192171875 0.3365868515625 0.357381365625 0.334642146875 0.3510578234375 0.33733879375 0.344264425 0.3338408390625 0.34004372968749996 0.3215520015625 0.33986799375 0.3146832375 0.3441390453125 0.30872534375 0.351183709375
0 0.3376349625 0.21838417968749999 0.3334118953125 0.2241967328125 0.333943946875 0.23219539843749998 0.33464296718750003 0.23428912031250002 0.337758503125 0.24004157187500003 0.33974202343750004 0.245605909375 0.33666878125 0.24939931875000002 0.33119683125 0.2473267421875 0.3292912234375 0.2468937484375 0.3233117015625 0.2485756234375 0.31814806875 0.2600482375 0.3192834171875 0.2672165390625 0.32041876406249997 0.2743848375 0.3247264140625 0.2876640046875 0.32920103125 0.295038228125 0.3342399859375 0.29901641562500003 0.3394102875 0.3015041734375 0.347220840625 0.302104134375 0.353672309375 0.3010823234375 0.359293415625 0.2994572140625 0.36408415625 0.2972288109375 0.369893375 0.2944716921875 0.3751738765625 0.29069609375 0.3790207171875 0.287147565625 0.3831124390625 0.28282544062500004 0.38777183437499996 0.2820874640625 0.394620675 0.28357455625 0.399638484375 0.2827798125 0.40439026875 0.2779857375 0.406988228125 0.2665520796875 0.40400403906250004 0.2593092015625 0.39253475937500004 0.26112575625 0.390757159375 0.25222215000000003 0.392716203125 0.2460333703125 0.3858640265625 0.23756609062499998 0.3804878015625 0.2384176 0.3762435890625 0.2394572234375 0.370320834375 0.24149751406250003 0.362492471875 0.24310480937499998 0.35941589375 0.23991803125 0.356186825 0.23344875156249997 0.35695708593750003 0.22671344375000002 0.3634263671875 0.2234843734375 0.371386075 0.22038665000000002 0.3724969421875 0.21580183281249998 0.36900518125000004 0.21231340781250002 0.3605345671875 0.212185396875 0.34063362812500003 0.2164396140625 0.3376349625 0.21838417968749999
0 0.1396290703125 0.7981151484375 0.10954858125 0.8173358437499999 0.1120703609375 0.8241646375 0.11120593125 0.8459861656250001 0.1187403265625 0.857184046875 0.13173502343750002 0.8664844984375 0.1467419203125 0.8703032421874999 0.166890028125 0.8702099000000001 0.1904552890625 0.8644123265625 0.204921653125 0.8466320671875 0.2123322546875 0.8206759234375 0.2071291453125 0.806011003125 0.17567944687499998 0.7893075265625 0.15039012812500002 0.7933129609375 0.1396290703125 0.7981151484375
0 0.61305318125 0.3444582203125 0.5981810296875001 0.3482012921875 0.5921237109375 0.369627096875 0.5960949671875 0.3811392078125 0.6073900421875 0.4036324390625 0.6096927953125 0.409375 0.676603315625 0.409375 0.673164715625 0.3876645390625 0.6697539078125 0.3715541109375 0.6624397953125001 0.3633465609375 0.6505256109374999 0.3586427015625 0.633904165625 0.35676573125 0.62792998125 0.35701817187499996 0.6231935953125001 0.3515243484375 0.61305318125 0.3444582203125
0 0.6214106484374999 0.326854115625 0.6268858625 0.3259869265625 0.6366630296875 0.324438375 0.6466223859375 0.31644661093750004 0.6490891515625 0.3092406578125 0.644326890625 0.2943599296875 0.6336594609375 0.2852252546875 0.6232823062499999 0.280454475 0.6146978328125 0.2794087375 0.59979766875 0.2865794609375 0.5960957015624999 0.293580153125 0.5959135125 0.3000233671875 0.600672134375 0.3072876234375 0.6050396703125 0.314613821875 0.608830290625 0.3208287015625 0.61296949375 0.32418209062500003 0.6214106484374999 0.326854115625
0 0.6430685046875 0.19384975937499999 0.6430292796875 0.18499562812499998 0.6423582062500001 0.1721521828125 0.6413712109375 0.15731408125 0.6367830921875 0.14986198906249998 0.624709840625 0.15109263906249998 0.6113068171875 0.1525339046875 0.607554971875 0.13745214687500001 0.60475089375 0.1283543609375 0.5999913859375 0.128426628125 0.5909328265625 0.1400848359375 0.585376271875 0.1566409 0.5821963765625 0.1666864546875 0.5817152515624999 0.1851649078125 0.5844862890625 0.1983573171875 0.587711596875 0.21011464375000002 0.5883434421875 0.21410395937499999 0.581517009375 0.2097326421875 0.5777713515625 0.2075996375 0.574097959375 0.21022613906249998 0.5728136 0.23223963749999998 0.5773356390625 0.24788097343749999 0.5840959906250001 0.26044153593749997 0.5873543390625 0.2681042421875 0.593937115625 0.2752404125 0.6016720906249999 0.2767415703125 0.6110857984375 0.2759321515625 0.6295972921875 0.27231865312500003 0.6378918453125 0.2730496203125 0.6445076624999999 0.27609116718750004 0.6511565187499999 0.2750380921875 0.6529013359375 0.2645382671875 0.6539482249999999 0.258238371875 0.6556269593749999 0.2559277921875 0.6582472765625 0.24665243124999997 0.6549889265625 0.23898972500000001 0.6531986984375 0.22768666718750002 0.652283971875 0.21760807187500003 0.6471693140625 0.20683155156250002 0.6430685046875 0.19384975937499999
0 0.6799676781249999 0.8183430921875001 0.676053078125 0.8119098250000001 0.6707616375 0.8013541468750001 0.6724839453125 0.784804559375 0.666366909375 0.7781775625 0.6634100046875 0.7732202874999999 0.6544326046875 0.771386809375 0.641398365625 0.7805045125000001 0.640466090625 0.7974715296875 0.64226208125 0.8042403515625001 0.6446448874999999 0.814714153125 0.6486433140625001 0.8216767046875001 0.6551312296875 0.826074721875 0.6628638890625 0.82919046875 0.6747499218749999 0.8311058265625 0.68176366875 0.8251119171875001 0.6799676781249999 0.8183430921875001
0 0.7049870625 0.8529021734375 0.6964643734375 0.8493689968749999 0.682627390625 0.848847759375 0.664624321875 0.8403054046875 0.6524512328125 0.8411483109375 0.653972884375 0.85989690625 0.653937321875 0.8642430187500001 0.6549915515625 0.8754698046874999 0.656332834375 0.8839383281250001 0.6602601453125 0.8995931046875001 0.66442623125 0.9076142218750001 0.6693823531249999 0.9160527703125 0.6823937421874999 0.9205026890625 0.6883176984375 0.90762810625 0.686018721875 0.8976835859375001 0.6882084484375001 0.8886558078125001 0.6923973906249999 0.8831093046875 0.7082208765625 0.8778903109374999 0.7185624078124999 0.8746246937500001 0.7162151640625 0.8598047781249999 0.7049870625 0.8529021734375
0 0.6902483546875 0.951812240625 0.6942696374999999 0.945207175 0.6973332234375 0.9371261093750001 0.688510775 0.9271296875000001 0.6717651578125 0.926526571875 0.6696948218750001 0.9317375218749999 0.6699590203125 0.9425468765625 0.6729997578125 0.9480334312500001 0.6791523515625 0.9503143171874999 0.6902483546875 0.951812240625
0 0.6484906828125 0.5601869453125 0.6493518375 0.551912153125 0.6436539531250001 0.5479315687499999 0.6379916328124999 0.5396048718750001 0.6279371499999999 0.5401122234375 0.613980775 0.54340781875 0.6079602828125 0.546531609375 0.60351985 0.5504902656249999 0.5978473875 0.5649526953125 0.5968185734375 0.5721689234375 0.5962444703124999 0.5776854546875 0.5973342625 0.584566128125 0.6046960390625 0.5899108578125001 0.63193814375 0.5790854109375 0.6370847765625001 0.5750149046875 0.644888553125 0.5694384265625 0.6484906828125 0.5601869453125
0 0.6172679921875 0.63729261875 0.6171841609375 0.636763334375 0.612024821875 0.6316123359375 0.5999965421875 0.6470814265625 0.5959752640625 0.6536864953125 0.5953173328125 0.65867374375 0.5962394640625 0.66449585 0.5975807468750001 0.6729643734375 0.5996282265625 0.68132104375 0.6147937828125001 0.681089296875 0.628247175 0.6746180078124999 0.6268931828125 0.6569279796874999 0.6172679921875 0.63729261875