0 0.3706927953125 0.7780061578125 0.37200918125000004 0.7971068203125 0.3753478640625 0.8100944359375 0.3815848984375 0.8251975515625001 0.392027478125 0.834485465625 0.3959346765625 0.8267866015625 0.394002634375 0.806496171875 0.3898683703125 0.7884854546875 0.3851989328125 0.77249041875 0.3744011 0.7690515203125 0.3706927953125 0.7780061578125
0 0.45588207187499996 0.797982709375 0.45353326718750003 0.7777582875 0.44850857499999996 0.7676122671875001 0.43868625000000006 0.7730298015625 0.4332304265625 0.7790430265625 0.4276372125 0.789583484375 0.42629208125 0.802669303125 0.43038380624999995 0.81231945625 0.44816251874999996 0.80049264375 0.45588207187499996 0.797982709375
0 0.441667071875 0.8835160656250001 0.443753271875 0.8881461500000001 0.444820278125 0.8920357484375 0.4461441296875 0.900394215625 0.44746798125 0.908752684375 0.4519149890625 0.9112050328124999 0.45647949062500004 0.9172464124999999 0.458173584375 0.925095284375 0.46512075781249995 0.9262497359375 0.47859704374999995 0.925919121875 0.48873705 0.921607371875 0.49412948281249996 0.9157927906250001 0.4928753078125 0.9078742406250001 0.488171453125 0.9009530234375 0.491756390625 0.8922680328125001 0.500467334375 0.9017112765625 0.5223936265625 0.8977875390625 0.530748003125 0.8878961890625 0.5403265046875 0.8714975875000001 0.533214025 0.8636049921875 0.5220766890624999 0.8644670640625 0.508530725 0.8643577578125001 0.5193155875000001 0.85272859375 0.5301482640625 0.844248540625 0.5299351421875 0.834361284375 0.525300965625 0.8278799859375001 0.506171309375 0.8209888140625001 0.4977909796875 0.8250218578125 0.494136365625 0.833266928125 0.4929122375 0.8397741812499999 0.48951037499999994 0.843920625 0.4836042546875 0.8407974656249999 0.47565975156249996 0.8361933359375 0.463154840625 0.8341153234375 0.46160419218750004 0.8357137874999999 0.4509504953125 0.8310877968750001 0.4462685046875 0.8214573875 0.44300189999999995 0.8179161703125001 0.43640310937500004 0.818961315625 0.43103254062499996 0.82206670625 0.4294600296875 0.8263743625 0.4300433953125 0.8357520218750001 0.431807165625 0.8440408140625 0.433065434375 0.8605268609375001 0.43376219687499995 0.864926053125 0.4366148359375 0.8743952515625001 0.441667071875 0.8835160656250001
0 0.805408328125 0.8107898062500001 0.7852978562499999 0.809162921875 0.782754934375 0.82580641875 0.7796487875 0.8443436515625 0.7720972859375 0.8647879734374999 0.769319221875 0.88267173125 0.7753333312499999 0.9015689828125 0.7912223968750001 0.9146916328125 0.7999653015625 0.9181189625 0.8127381375 0.9142914171875001 0.8236085390625 0.8957274671875 0.8265120171874999 0.8922600578125 0.8387820906250001 0.8770834750000001 0.8476291296875 0.870268659375 0.8695770890625001 0.85897283125 0.8833890406249999 0.8453565640624999 0.8905083265625 0.8358078578124999 0.8989511374999999 0.8128163296875 0.887879178125 0.8001337421875 0.8760032515624999 0.7959996171875 0.8516332999999999 0.7974534015625 0.8371271109375 0.8039615171875001 0.8254202640624999 0.8172443703125 0.805408328125 0.8107898062500001
0 0.9114977984375001 0.8920328265625 0.9138593265624999 0.9151176421875 0.9430575796875 0.9032749859375 0.93686319375 0.8777896921874999 0.928634246875 0.8748824656249999 0.9114977984375001 0.8920328265625
0 1 0.808051959375 0.98713040625 0.800053121875 0.9705739781249999 0.79906635 0.9589219984374999 0.80452089375 0.9491287828124999 0.82171121875 0.9426600640625 0.8353674484375 0.9415168156249999 0.8553983109375001 0.9636394546875 0.8561049921875 0.9755646515624999 0.8578252796875001 0.9894639421875 0.8502102703125001 0.989359809375 0.8604524124999999 0.9821307921875 0.8856577296875001 0.9869803750000001 0.8999273531249999 1 0.9062412734375 1 0.808051959375
0 0 0.2718407109375 0.0046057953125 0.272751496875 0.0112628484375 0.268460340625 0.01638511875 0.24984675781250001 0.00504591875 0.2338404171875 0 0.2346396125 0 0.2718407109375
0 0.097735621875 0.20297590625 0.1059708125 0.1854876734375 0.1136369984375 0.1551424375 0.1141026578125 0.1534502953125 0.10835139062500002 0.1171382234375 0.1075667765625 0.10755215 0.10271238125 0.063006071875 0.09229559375 0.07598466875 0.088639203125 0.09922124843749999 0.08043845937500001 0.12155919687500001 0.0717376046875 0.140739571875 0.0611052109375 0.15698909375 0.0584145921875 0.1816911 0.071754234375 0.2103277296875 0.08560289374999999 0.2097527125 0.097735621875 0.20297590625
0 0.45889675781249994 0.081405521875 0.44494820781250005 0.0625882390625 0.43554054999999997 0.0495127484375 0.4184667046875 0.066782496875 0.41595724375 0.0833638609375 0.41884564687500003 0.12012936562500001 0.43018484843750004 0.13613570625 0.447827696875 0.13172296562500002 0.4584945421875 0.120323159375 0.45889675781249994 0.081405521875
0 0.550249409375 0.12321280625 0.5413852234375 0.085775384375 0.5337279515625 0.08375139375 0.5280711203124999 0.0943576921875 0.5335378828125 0.1242412640625 0.5385823453125 0.128297471875 0.54788665625 0.1268238140625 0.550249409375 0.12321280625
0 0.1294172015625 0.15749827031250002 0.13434940625 0.17937455156249998 0.1455163609375 0.17113231874999998 0.1509575875 0.163796953125 0.156476621875 0.1337917890625 0.15756356093749999 0.0850679203125 0.1409987421875 0.0731260203125 0.1327635515625 0.0906142515625 0.11894042656249999 0.12840820625 0.1294172015625 0.15749827031250002
0 0.2688619578125 0.121468809375 0.26433104687500003 0.1432987078125 0.2690261609375 0.15853193125 0.27673611249999996 0.1675816296875 0.28763723125 0.17156108125 0.2985055109375 0.16812791093749999 0.3051523296875 0.1596573328125 0.3156627796875 0.14315698906250002 0.3231030640625 0.13969615625 0.3488570921875 0.14018193437499998 0.3615992734375 0.13416955625 0.3711451109375 0.12238680937499999 0.3738349609375 0.1105487390625 0.37098090781250004 0.0853236875 0.3683965234375 0.0726091671875 0.3631776125 0.0648767328125 0.35218833125 0.060340640625 0.345949484375 0.0641817875 0.3390381765625 0.0709824515625 0.33212686874999997 0.0777831140625 0.32011765 0.08482060625 0.30552922968749996 0.08998419375 0.2890945671875 0.0942989953125 0.278286790625 0.10171679843749999 0.2688619578125 0.121468809375