0 0.7213913328125 0.1822551515625 0.73499060625 0.1712077140625 0.7507487265624999 0.155881734375 0.756658771875 0.1528573875 0.7709608046875001 0.14984206875 0.7828545984375 0.1464453203125 0.8009361109375 0.14138833906249998 0.819629540625 0.1324678734375 0.836906309375 0.12002269218749999 0.840373834375 0.0981296 0.829029396875 0.0824714 0.814375984375 0.0814706609375 0.7950534984375001 0.08501095625 0.7848086203125 0.08734873125 0.7730905171875 0.0927535078125 0.762160021875 0.09630282812499999 0.74521749375 0.10352040625 0.7254022171875001 0.119523934375 0.700742178125 0.1380604609375 0.692616721875 0.15195506718750001 0.6867238171875 0.164223075 0.6933820421875 0.1751786453125 0.7051172859375 0.179017528125 0.7213913328125 0.1822551515625
0 0.8624516218749999 1 0.8614833671875 0.9889211046874999 0.8490177203125 0.9818597046875001 0.825471971875 0.9875777749999999 0.8250228343750001 0.990413515625 0.825773353125 1 0.8624516218749999 1
0 0.853708246875 0.9331857109374999 0.8378613703125 0.9379430031249999 0.8275672515625001 0.9457599234374999 0.8296137828125 0.951897815625 0.8649514734375 0.95749475625 0.88192119375 0.9456481109375 0.87918824375 0.93431446875 0.8762434359375 0.9338480562499999 0.853708246875 0.9331857109374999
0 0.9200893125 0.8666672078125 0.9169072328125001 0.8581693046875 0.9065877 0.8470875031249999 0.8876710203125 0.8426379562499999 0.868305203125 0.8410241515625 0.8618541703125 0.8436360015625001 0.8503122171875 0.8498018484375001 0.836287296875 0.8621149046875001 0.8463822671875001 0.8746145765625 0.8617927156249999 0.8821423859375 0.883317346875 0.8891851468749999 0.9072126562499999 0.8907896359375 0.91569751875 0.884866315625 0.9202143046875 0.8754076359375 0.9200893125 0.8666672078125
0 0.9202503468750001 0.81800253125 0.928048790625 0.8068834562499999 0.9193012375 0.7858765625 0.8919992734375001 0.7771920437500001 0.884524975 0.7767349484375 0.8703750625 0.7803075765624999 0.8597440984375 0.7902513015625 0.8517210796875 0.8027882468750001 0.8570619828125 0.81671510625 0.870101753125 0.8296811890625 0.88901843125 0.8341307375 0.91438614375 0.835968428125 0.9186783671875001 0.827927621875 0.9202503468750001 0.81800253125
0 0.9415357515625 0.7466597203124999 0.9405416390625 0.737590015625 0.932559309375 0.7266032796874999 0.9190443343749999 0.7147402609375 0.935313346875 0.7092149703125 0.9420978265625 0.702187478125 0.951761525 0.6769812984375 0.9530652343750001 0.66875 0.8717401828125 0.66875 0.8666830234375 0.682140896875 0.888477325 0.6928846203125001 0.8895499921875001 0.711689225 0.8657920296875 0.718458996875 0.8632098078125001 0.7245316500000001 0.8562142359375 0.7380073484375 0.8531312796874999 0.7472415140625001 0.864071384375 0.7497844609375 0.88050485625 0.7483362421875001 0.89286125625 0.7470524843749999 0.90205614375 0.74526799375 0.9132858921875 0.751097634375 0.9354164687500001 0.7546027734375 0.9415357515625 0.7466597203124999
0 0.305452725 0.387804096875 0.2894385640625 0.38550368125 0.2734137921875 0.39122485625 0.2734031828125 0.399246446875 0.290828703125 0.4005905078125 0.298932240625 0.397154409375 0.30990357031250004 0.3941725265625 0.305452725 0.387804096875
0 0.28864240625000004 0.3587120046875 0.296981940625 0.35908894375 0.30516701875 0.3577895671875 0.3119042765625 0.3576767515625 0.303830575 0.34766679375 0.291739571875 0.3497634046875 0.28864240625000004 0.3587120046875
0 0.287483634375 0.3236036453125 0.2978974453125 0.33209640937499996 0.3111167375 0.333482203125 0.323799728125 0.33029946250000003 0.32459324375 0.3226378515625 0.31101995625 0.315532503125 0.30044969374999997 0.3159821453125 0.291736934375 0.315310115625 0.287483634375 0.3236036453125
0 0.3445876 0.2679898984375 0.3431782359375 0.258327534375 0.332346121875 0.2471727546875 0.338738 0.24393751406250003 0.34948194843749997 0.2397397234375 0.35281710781250003 0.2239854390625 0.3276718828125 0.218350978125 0.317747303125 0.22267854374999999 0.31260171406250004 0.23130270312499998 0.3095966953125 0.234366434375 0.2952040375 0.22713130937499998 0.2703034296875 0.2279070125 0.2721761734375 0.24259831874999999 0.2840550375 0.2550987828125 0.2979458625 0.2681538859375 0.30035690000000004 0.2767950078125 0.31017672812499997 0.296992621875 0.3284129984375 0.295869328125 0.339731703125 0.2853911484375 0.34486867656250003 0.274169859375 0.3445876 0.2679898984375
0 0.38536589062500004 0.024017496875 0.38733659375 0.031728099999999995 0.3880092390625 0.04259605 0.39352583281250003 0.053110228125000006 0.4030323453125 0.051028773437499994 0.40649447343749995 0.03924633125 0.4057443625 0.0263483453125 0.3995532296875 0.015054743749999999 0.3864661875 0.014551332812500001 0.38536589062500004 0.024017496875
0 0.3183254015625 0.20452882187500002 0.324434803125 0.20515156406249999 0.3360172734375 0.20388203124999998 0.34398864375 0.199281428125 0.3490218140625 0.1914563359375 0.3502108828125 0.1861264125 0.35138323125 0.1787244984375 0.3539013828125 0.1715357359375 0.3562962375 0.16294788437500002 0.35548645 0.15281779374999999 0.34429685 0.14725173593750002 0.3372313859375 0.1461326765625 0.3324479375 0.150203525 0.32969678125 0.163218525 0.3307897296875 0.173738353125 0.32481721406249997 0.1831391234375 0.314846990625 0.182939559375 0.310806453125 0.188852525 0.30952752656250004 0.196927340625 0.310217146875 0.19910591093750002 0.3183254015625 0.20452882187500002
0 0.111728075 0.700984184375 0.11207539375 0.7349068671875 0.1359467546875 0.7467090109375001 0.17249320937499998 0.7507148906250001 0.18976653906250002 0.740973153125 0.17338525 0.7089672140625 0.1613807140625 0.7035008640625 0.12676215156249998 0.6873227671875 0.111728075 0.700984184375