0 0.5289623546875 0.40102754531249996 0.5026004828125 0.4013321375 0.46643491875 0.402334484375 0.4496872109375 0.41624933437499995 0.46155286875 0.430223234375 0.48106445000000003 0.4438026328125 0.50062393125 0.44989457968749996 0.521403925 0.44901433749999997 0.5490321296875 0.449891903125 0.571688715625 0.446707728125 0.5887176046875 0.43479355937499997 0.590221371875 0.41418024999999997 0.5770414734375 0.406511646875 0.5700995328125 0.40408694531249995 0.55208756875 0.40117783593749995 0.5289623546875 0.40102754531249996
0 0.46483524843749996 0.08564875937500001 0.48673787031250004 0.1084130375 0.510612890625 0.1138984734375 0.5369768390625 0.097952084375 0.5398406687499999 0.079187828125 0.5208935218749999 0.0539679890625 0.499784453125 0.060335003124999995 0.4700442984375 0.0679150375 0.46483524843749996 0.08564875937500001
0 0.4582836140625 0 0.45663736093749996 0.0038329015625 0.4634814203125 0.0368743078125 0.48613592656250004 0.0493319328125 0.515453275 0.046571778125000005 0.5293871359375 0.028291931250000003 0.5180538359375 0 0.4582836140625 0
0 1 0.8465855546875 0.9984909875 0.8460529328125 0.987778678125 0.8458075359375 0.9821991359375 0.850093515625 0.9800990453124999 0.8591432296875 0.9741292703125 0.864651328125 0.9718802578125001 0.8766401593750001 0.9797000625000001 0.8842957218749999 0.988747109375 0.8806896906249999 0.996647353125 0.8889175890625 1 0.8890241109374999 1 0.8465855546875
0 0.966705246875 0.8038291125000001 0.9603452406249999 0.81055933125 0.9603571875 0.8146431156249999 0.9612300375 0.81685499375 0.966201934375 0.82024170625 0.9730565062500001 0.8210292703125001 0.9814720109374999 0.8169283609375 0.9796458749999999 0.8119322671875 0.9673367890625 0.8043239953124999 0.966705246875 0.8038291125000001
0 0.9865164406250001 0.9527906249999999 0.9848033859375 0.9326040593749999 0.9776151203125 0.9254433765625001 0.9681419984374999 0.9180201718750001 0.959461290625 0.9122365171875 0.9452934234375 0.9153949546875 0.9390019031250001 0.91861371875 0.93593658125 0.9207954375 0.92808413125 0.9289026796875 0.9230111000000001 0.9447902265625 0.9218404015624999 0.9484565828125 0.9242980781250001 0.9539475562499999 0.9248045921875001 0.9655491218750001 0.92465566875 0.968488240625 0.9213968265625001 0.9852880953125001 0.924337121875 0.9942130671875 0.935761409375 0.9955256765625 0.9480346515625 0.9908825953125 0.9559794859374999 0.987431471875 0.965887434375 0.9819535374999999 0.9729594203125 0.9762905328124999 0.9807314343750001 0.9676109578125001 0.9827630359375 0.9620726953125001 0.9842435328124999 0.9566118875 0.9865164406250001 0.9527906249999999
0 0.9065796390624999 1 0.8998917703125 0.9842249703125001 0.8953905453125 0.9801884765625 0.89620365625 0.9619814328125 0.8985450531250001 0.9546487171875 0.901345171875 0.9425824359374999 0.9065105843750001 0.9313510046875001 0.9144434734375 0.923816096875 0.9255221203125 0.9146718046875 0.9361181515625001 0.9020935140624999 0.9292516296875 0.8972221640625 0.9181371374999999 0.8941151015625 0.9059889265625 0.8876514953125 0.8919580343750001 0.88378703125 0.8832207859375 0.8855986093749999 0.8802239500000001 0.8842688734375 0.8696725140625 0.88516814375 0.857881890625 0.8932452234375001 0.8502826953125 0.9071532484375 0.8557491562499999 0.918057740625 0.8562437203125001 0.925575525 0.8577035203125 0.9399613046875 0.8578882875 0.9492735390625 0.8576023875000001 0.9592355593749999 0.84896946875 0.9697870406250001 0.8344233187500001 0.97825138125 0.8157661734375001 0.9814571109375001 0.8031146453125 0.99140609375 0.808048634375 1 0.9065796390624999 1
0 0.0865596765625 0.05854025 0.107372846875 0.052550681249999995 0.1121159015625 0.0488196203125 0.11305486406250001 0.034678659375 0.1085546578125 0.0318088734375 0.09351325 0.0247294015625 0.0797079390625 0.030609640625 0.0691637125 0.043036065624999995 0.075987546875 0.05827494062500001 0.0865596765625 0.05854025
0 0.161328575 0.0116963296875 0.15640451718749998 0.014139485937499998 0.15724919843750002 0.0201497078125 0.1639848 0.02226755 0.1688485234375 0.019395092187499997 0.169725640625 0.013142885937500001 0.161328575 0.0116963296875
0 0.0361109015625 0.082703828125 0.045928093749999996 0.08176189218749999 0.05628980625 0.07636561875 0.0635405171875 0.06965544375 0.0665014390625 0.06573706406249999 0.0658377609375 0.06101474375 0.0612168875 0.057286353125 0.047171751562499996 0.0531313328125 0.046658153125000004 0.053641295312500004 0.043274890625 0.0545545625 0.029469581249999998 0.060434803125000006 0.0212520078125 0.06859420625 0.0246337578125 0.07599899375 0.0361109015625 0.082703828125
0 0.3137519265625 0.6310758640625 0.317526675 0.63173004375 0.3235136890625 0.629407765625 0.3268394390625 0.6268671609375 0.325440228125 0.624398265625 0.3190042171875 0.6235257578125 0.31349231093749996 0.6254850921874999 0.31136168125 0.62904241875 0.3137519265625 0.6310758640625
0 0.30910825468750003 0.5381383093750001 0.300812634375 0.5390080109375 0.2931962078125 0.5409669453125 0.28431773437499996 0.5451764484375 0.28127770625 0.5497500953125 0.2855014546875 0.553599059375 0.29345913125 0.557811765625 0.2972338796875 0.5584659453125 0.30346580156249997 0.557886278125 0.3121548953125 0.5560727625 0.320164790625 0.553170015625 0.32529462656249997 0.54474860625 0.3258366625 0.541118371875 0.3246823578125 0.540392084375 0.31740387812500004 0.53726860625 0.30910825468750003 0.5381383093750001
0 0.2804367203125 0.506331084375 0.269847196875 0.509596375 0.270173740625 0.511919853125 0.2696464140625 0.51939825 0.2711272640625 0.5224480171875 0.27951922812499996 0.5260073453125 0.2861185125 0.5280415921875 0.2930704484375 0.5288415890625 0.30136607031249996 0.5279718859375 0.307869009375 0.5255771015625 0.31920465625 0.5201337500000001 0.32247488281250003 0.51345455 0.316554796875 0.5125095359375 0.2998672078125 0.5098199078125 0.2946932453125 0.50669683125 0.2871845671875 0.5056789078125 0.2804367203125 0.506331084375
0 0.3120126 0.4876771546875 0.3075178375 0.485643309375 0.3007291734375 0.48600505156249996 0.2948907234375 0.4856409046875 0.29270456875 0.48505963437500005 0.2823305359375 0.4823712109375 0.2774423015625 0.48128117656249997 0.26823728281250003 0.48316720156250004 0.2634045734375 0.4862157671875 0.26523807499999996 0.488031284375 0.267546684375 0.48948385937500005 0.27228635625000003 0.4932603140625 0.2798505609375 0.49841683437500006 0.28748169375 0.5003060625 0.29340177968750003 0.5012510781249999 0.302023946875 0.5027048546875 0.3091652640625 0.501108865625 0.31550493125 0.497552340625 0.3159653296875 0.493341234375 0.3145253 0.490581903125 0.3120126 0.4876771546875
0 0.335213321875 0.61072630625 0.338362903125 0.60468571875 0.337033971875 0.5980749859375 0.3334562484375 0.5953789781250001 0.32838427187499997 0.5848959140625001 0.328960775 0.5776175375 0.33282675 0.5766743562500001 0.34589560937499997 0.567240440625 0.3485979734375 0.560862853125 0.3456518609375 0.5512805765625 0.3405608109375 0.5491971062500001 0.3306966421875 0.55298254375 0.326824309375 0.5567255890625 0.32407319375 0.559911203125 0.3146011328125 0.5636415328125 0.31094922812500003 0.568953009375 0.30473060625000004 0.570226834375 0.297115228125 0.5700975453125 0.287312521875 0.5714752265625 0.27689092187500003 0.5741394468750001 0.2746357734375 0.5808540343749999 0.2758544890625 0.58668055 0.2791439609375 0.593015746875 0.285184546875 0.596165328125 0.289099271875 0.5984141203125 0.2918800640625 0.606820071875 0.2894659484375 0.6095584734374999 0.2786946328125 0.6182696359375 0.28298875 0.6260630500000001 0.28718536875 0.62747251875 0.2940716375 0.6281041296875001 0.30101937031250003 0.6263279828125 0.3055657046875 0.6216905078125 0.3136897625 0.619749040625 0.3160424109375 0.619418396875 0.3217587125 0.6174154625 0.331065453125 0.612508809375 0.335213321875 0.61072630625