0 0.603052890625 0.048407025 0.6116146640625 0.04994401875 0.6192652234375 0.0464171171875 0.6261895 0.0292374359375 0.6220123453124999 0.013600518750000002 0.608772715625 0.0067576515625 0.597572040625 0.0071660703125 0.587765246875 0.007452540624999999 0.5774757875 0.012924857812500001 0.5701229578125 0.0198547921875 0.5637805859375 0.03298296875 0.5695681453125 0.045621428125 0.583439303125 0.0489799640625 0.5957180953125001 0.0501917625 0.603052890625 0.048407025
0 0.59918251875 0.06303346875 0.5917484828124999 0.0636838625 0.583218290625 0.0678592375 0.57608198125 0.0719126625 0.57012303125 0.07872065 0.5671999515625 0.08812059531250001 0.5774849203125 0.09865104375 0.5920868484375 0.0996595921875 0.6024259265625 0.0947544484375 0.6053805921875 0.09106686875 0.61016218125 0.0815043234375 0.6106313 0.0654609109375 0.59918251875 0.06303346875
0 0.572117009375 0.1871337125 0.5713682015625 0.194628896875 0.57227941875 0.1996927953125 0.5734071578125 0.2018801828125 0.5761272625 0.2062143125 0.5806207875 0.209011165625 0.5834440171875 0.2095747703125 0.5917576875 0.20827590312500002 0.5977482203125 0.2071802875 0.6020967671874999 0.203370759375 0.603459065625 0.1975364421875 0.6032786171875 0.1901225578125 0.6022185375 0.18335714375 0.5997149546875 0.17614650781250002 0.5875751499999999 0.1746806640625 0.577976715625 0.17919138125 0.572117009375 0.1871337125
0 0.6049293015625 0.44693485781250003 0.6077646796875 0.4390625 0.49513633125 0.4390625 0.4930505171875 0.44320259218749997 0.51291000625 0.4576895796875 0.5385185171875 0.46288534375 0.575185365625 0.4569733328125 0.5975079953125 0.44961219531249996 0.6049293015625 0.44693485781250003
0 0.574133978125 0.5699605984375 0.5966326875 0.5646121187500001 0.6135286 0.557725759375 0.6197471796875 0.55380160625 0.6308642171875001 0.543364715625 0.62476200625 0.523618 0.6054894609375 0.5158398562500001 0.582697278125 0.5178339140625 0.5559745921875 0.52490398125 0.5355291765625 0.52872078125 0.51784139375 0.53905651875 0.50188459375 0.5566770296875 0.4934664953125 0.5729619703125 0.512915121875 0.58275276875 0.5483792421875 0.5755939437500001 0.574133978125 0.5699605984375
0 0.6501201984375 0.8634653890624999 0.6208447984375 0.8538583015625001 0.5988156484375 0.8645738578125 0.5825952375 0.89168170625 0.5916599984375 0.907789134375 0.6223430515625 0.9084848125 0.6443433640625 0.9099401328125 0.6571316671874999 0.881104496875 0.6501201984375 0.8634653890624999
0 0.592247971875 0.9395106171875 0.5930120249999999 0.9732447531249999 0.6041887796875 0.9884913875000001 0.6124905093749999 0.995877315625 0.6409441859375 0.99609201875 0.643026315625 0.9823894640624999 0.648305778125 0.9677311578125 0.6534977093750001 0.9645728437500001 0.6583951421875 0.9330474687500001 0.640706334375 0.9183705703125 0.6115194890625 0.922276125 0.592247971875 0.9395106171875
0 0.3260808375 0 0.3276572796875 0.005374315625 0.332276775 0.018395824999999998 0.33712832187499997 0.024124796875 0.345860021875 0.0244796765625 0.3703125 0.019991240625 0.3703125 0 0.3260808375 0
0 0.239391528125 0.496277515625 0.236940409375 0.5023387109375 0.2335749578125 0.5174219875 0.2441280796875 0.530943621875 0.26574447343749996 0.529740284375 0.27426704062499996 0.5200525671875 0.2709890578125 0.5069262218749999 0.2630271125 0.49868071406250003 0.25488137499999997 0.49320269687499996 0.239391528125 0.496277515625
0 0.3141799703125 0.9567865078125 0.3292769984375 0.9540899828124999 0.3368141484375 0.93313890625 0.3336556109375 0.9213778187500001 0.3239570984375 0.898151475 0.3198636171875 0.885440403125 0.31034889374999997 0.8594465687499999 0.3100389203125 0.8364306156250001 0.311385178125 0.817740803125 0.3088629734375 0.8035165578125 0.30791204375 0.7877791359375 0.3085576234375 0.7756852296875001 0.31306704375 0.7639411328125 0.3134598625 0.7635628375 0.3165725515625 0.760195175 0.31649684218749996 0.7447251078125 0.3071015640625 0.7200965312500001 0.303763859375 0.7062875578125001 0.3018733609375 0.694415528125 0.29355308281250003 0.6820742531249999 0.282508309375 0.677537721875 0.26765479375 0.6781493828125 0.25412441406249997 0.6841481078125 0.24412015468749998 0.696372940625 0.2473842640625 0.7239454125 0.25183607812500003 0.74075225 0.24780905937500003 0.7531419968749999 0.24686024374999999 0.7666381390625 0.249308853125 0.7946258828125 0.249892203125 0.8158982859374999 0.25221674374999997 0.8473361515625 0.2513276484375 0.8615149203125 0.25495934062500003 0.8835524078124999 0.25722878437499996 0.90949226875 0.2595074765625 0.9258013796875 0.26623124374999996 0.9344991421875 0.27778827968750003 0.9400226343750001 0.29423830624999997 0.9430544859375001 0.30021554687499996 0.9432194 0.304557165625 0.9490302328125001 0.3141799703125 0.9567865078125
0 0.3268864984375 1 0.3239379671875 0.9947302171875 0.3200921203125 0.9871172015624999 0.3167442609375 0.9806530406249999 0.3128490625 0.977019084375 0.3046148609375 0.9737647421875 0.2990924921875 0.9742478875 0.2892311203125 0.9751106453125 0.278738546875 0.9823882125000001 0.275775128125 0.9894045390624999 0.27836706875 1 0.3268864984375 1