0 0.3648166546875 0.9253247234374999 0.36619369375 0.94167893125 0.39756604218749997 0.9521643375 0.4240867890625 0.9485449734375001 0.43267940468750005 0.9355910796875 0.438345284375 0.922068290625 0.442230728125 0.9177051 0.461802334375 0.9185846062499999 0.4828804796875 0.9117136890624999 0.4849348390625 0.9011449218750001 0.43714836718749994 0.8969746171875 0.41785066875 0.8946859343750001 0.394299828125 0.8908393218749999 0.3701579921875 0.897845928125 0.3726306890625 0.9085634609375 0.3882737046875 0.9218410406249999 0.38068294687500004 0.9218279624999999 0.3648166546875 0.9253247234374999
0 0.4572943890625 0.6917655875000001 0.4501145046875 0.689638753125 0.41504430625 0.69817713125 0.423233521875 0.71073705 0.44518404062499994 0.7150037984375001 0.45999784374999997 0.7091088328125 0.46534664687499994 0.7050300890625001 0.4572943890625 0.6917655875000001
0 0.46249130312500003 0.6415913203125 0.4483622859375 0.6439633625 0.4405482515625 0.660724628125 0.4416945390625 0.6704531265625 0.474162546875 0.675301853125 0.48211354687499997 0.6578360078125 0.482661375 0.65501766875 0.46249130312500003 0.6415913203125
0 0.4909726109375 0.620072890625 0.494995003125 0.6150051140625 0.487995240625 0.604138815625 0.47473113749999996 0.5942484718750001 0.45332845 0.5871633843749999 0.450401715625 0.5865944843750001 0.44395724843749995 0.5963099015625 0.4558517765625 0.6132460921875 0.4909726109375 0.620072890625
0 0.43895375156250005 0.5361096078124999 0.4619567640625 0.5427745578125001 0.4845920671875 0.5435183859375 0.5016478140625 0.5417152421875 0.515409121875 0.533422075 0.506441321875 0.5170547828125 0.4977042765625 0.5073132015625 0.49253559375 0.50265248125 0.4737857265625 0.49754546250000004 0.45448802656250004 0.495256784375 0.4410006390625 0.50214078125 0.4351040078125 0.5090378640625 0.4319971515625 0.5172084296875 0.4330064828125 0.5276415125 0.43895375156250005 0.5361096078124999
0 0.5211970234375001 0.4723945875 0.5179457390625 0.4578696796875 0.5113568546875 0.44488962968749995 0.49928219843750005 0.436692903125 0.49210231875000005 0.43456607187499996 0.46347658437500006 0.433389028125 0.4480717921875 0.45013721249999994 0.45159698437499995 0.46325295000000005 0.44967958125 0.4731171328125 0.450962834375 0.4821410453125 0.4754292140625 0.48909045000000007 0.4947269125 0.4913791265625 0.5114149484375 0.4836548578125 0.5211970234375001 0.4723945875
0 0.4179562953125 1 0.42178700156250004 0.9968763718749999 0.4247840515625 0.9841886640625 0.4219990375 0.9794008234374999 0.41451123125 0.9742296640625 0.39935114843749997 0.967567165625 0.38605253125 0.9649821765625 0.370622925 0.9651678312499999 0.3653523421875 0.973167121875 0.3642874359375 0.98410715625 0.371476975 0.9908127703125 0.375284959375 0.99579945625 0.3666227046875 1 0.4179562953125 1
0 0.11365233593749999 0.3924098734375 0.11022860781249999 0.4077997640625 0.1062745046875 0.419247228125 0.10547160625 0.4203125 0.1678771515625 0.4203125 0.168448828125 0.41737147812500003 0.173751546875 0.3967623390625 0.1801825046875 0.3659015921875 0.1849453546875 0.352517153125 0.1875287046875 0.3303323296875 0.1924971703125 0.3047717921875 0.19480215 0.2884663765625 0.190736278125 0.27825222968749996 0.1811494234375 0.26975715624999996 0.166172334375 0.26230851093749996 0.16047209843750002 0.2605024359375 0.15790035 0.2537199921875 0.150788234375 0.243611778125 0.135532778125 0.2420425390625 0.122512703125 0.2601044859375 0.12230708906250001 0.27228057968749997 0.1252278515625 0.297280446875 0.12565911093749998 0.3106274296875 0.127640378125 0.3382369203125 0.12159428750000001 0.3604467140625 0.1151485703125 0.3780414359375 0.11365233593749999 0.3924098734375
0 0.19669608593750001 0.222843121875 0.19731053437499999 0.20723102187500003 0.190410671875 0.194998759375 0.1822910390625 0.186966496875 0.1745819359375 0.18304776250000002 0.1581278296875 0.18468988125000002 0.152254740625 0.190002234375 0.1498798296875 0.1959945625 0.15186695 0.20444827499999998 0.1534653828125 0.212826434375 0.1549017875 0.2199629796875 0.1576444390625 0.224529825 0.16466264375 0.2299277515625 0.1701042578125 0.23098549531249998 0.179821425 0.23287432031250002 0.1919135046875 0.22877082031249998 0.19669608593750001 0.222843121875
0 0.22845090468749998 0.1476129859375 0.231038425 0.13782935000000002 0.22991800625 0.1259534171875 0.230504540625 0.11235196249999999 0.23349597187499999 0.10401838593749999 0.23725808593750003 0.091719975 0.24140554375 0.077439146875 0.23964288906250003 0.0688672421875 0.2278768359375 0.06589438125 0.214789171875 0.0626646234375 0.2164218546875 0.0472091984375 0.216898509375 0.037701026562500004 0.21240131875 0.0361410875 0.199901715625 0.043998009375 0.189017753125 0.0576551671875 0.18259384843749998 0.0660073125 0.1758217359375 0.083206825 0.1739135890625 0.0965513828125 0.17292314375 0.108702778125 0.172152459375 0.11266761249999999 0.1672327890625 0.1062251390625 0.1644425515625 0.1029396796875 0.160092375 0.1041514109375 0.1513564140625 0.12439805625 0.1502560875 0.14064273124999999 0.152312775 0.1547579765625 0.152753821875 0.1630729859375 0.15649889374999998 0.172030234375 0.163253965625 0.17608637968750002 0.1723767953125 0.17854545156249998 0.1910078 0.181481178125 0.1985521234375 0.18500496718749998 0.2037286875 0.190125828125 0.21033674375000003 0.1914103046875 0.215567484375 0.182140459375 0.21870593125 0.17657855 0.221073690625 0.174981478125 0.22670834218749997 0.167161690625 0.2262672953125 0.1588466796875 0.22845090468749998 0.1476129859375
0 0.8288798249999999 0.9417798 0.8326836375 0.9413240703125 0.8408508843750001 0.9375336109375001 0.8452702828125 0.9339109765625 0.8424737890625 0.92918449375 0.8338277906249999 0.9245160953125 0.8263243250000001 0.922161234375 0.8180855890625001 0.9208585656249999 0.809846853125 0.9195558953124999 0.8024148765625 0.9222941656250001 0.8012241437500001 0.9229590453125001 0.80157544375 0.9266126734375 0.8062575078125 0.9352910156249999 0.8141045078125 0.9386089906249999 0.8226867828125 0.9408747734375 0.8288798249999999 0.9417798
0 0.8060291296875001 0.895509078125 0.8089453109375 0.9023502765625 0.819980540625 0.9083794296875001 0.8263492328125001 0.9111112703125 0.8345879703125 0.9124139390625 0.8415722484374999 0.911978875 0.8482689515624999 0.9102927953125001 0.856835696875 0.907177546875 0.858474128125 0.9042094609375001 0.8583389140625 0.896713715625 0.8587866125 0.8944105109375 0.8483824921875 0.8905954828124999 0.8416780265625 0.8895910453125 0.8341263640625 0.8902146 0.82879604375 0.8930626125 0.8119905609375 0.8948751921874999 0.8060291296875001 0.895509078125
0 0.8617775140624999 0.868101815625 0.8526838187499999 0.8657366218749999 0.8477452359375001 0.86656933125 0.8372447187500001 0.8687111359375 0.8350311390625 0.86917719375 0.8291816328125 0.8692352812499999 0.8224212046874999 0.8685187437499999 0.8178261578124999 0.8703145640625 0.8151648796875 0.8730838265624999 0.8135824109375 0.8757640125 0.8138217859375001 0.8799934421875 0.81996663125 0.883876884375 0.827014634375 0.8858444343749999 0.83570106875 0.8848439000000001 0.8416625 0.8842100125 0.8493820484375 0.88272275625 0.8572057578125 0.8779691828124999 0.8621365796875 0.8744459578124999 0.864518046875 0.8731161984375 0.8664440515624999 0.8713991265625 0.8617775140624999 0.868101815625
0 0.873105171875 0.81801744375 0.8794023765625001 0.8156561546875001 0.8864348515625 0.8122426718750001 0.8898236374999999 0.8057307 0.8919097671875 0.8004594109375001 0.8846301515624999 0.7969529468750001 0.8761598015625 0.7941113640624999 0.8638374421874999 0.7947039250000001 0.8586112828125 0.79428561875 0.85098813125 0.7898160437499999 0.8441562125000001 0.7840063749999999 0.8397772515625 0.781960078125 0.833128746875 0.7806677390625001 0.8276227765625 0.7816889359375 0.8241065390625 0.783395678125 0.8219566859375 0.7862643515625 0.8171937515625001 0.7889238749999999 0.8202218562500001 0.795189271875 0.825687390625 0.7998370046875001 0.8296746171875 0.8038986078124999 0.8354277265625001 0.8097973546875 0.8473816421875 0.8192916453124999 0.8514730296874999 0.8200869296875 0.8602231890625 0.8214890109375 0.8661286578125 0.8211430249999999 0.873105171875 0.81801744375
0 0.8841297265625 0.761301028125 0.8754992546875 0.7620136640624999 0.8713037046875 0.7644846937499999 0.866492575 0.7701226328125 0.86537333125 0.7758806453125 0.870207753125 0.778314253125 0.8781029515625001 0.7786538109375 0.8841203453125001 0.7777320249999999 0.8922953578125 0.7766320796875 0.8977375999999999 0.773208265625 0.900055340625 0.7694758890625 0.8930555359374999 0.7645299234375 0.8841297265625 0.761301028125
0 0.841515075 1 0.833963134375 0.9932088484375001 0.83169564375 0.99034785625 0.834912559375 0.9820989593749999 0.8389396124999999 0.9800581296875001 0.84513675625 0.9772290046875 0.848753278125 0.9710746484375001 0.8502752593749999 0.9653199000000001 0.8483746156249999 0.9584964890625001 0.8381067328125 0.9552904953124999 0.8283895640625 0.95340166875 0.82077785625 0.953132221875 0.814634421875 0.9515346859375 0.8112655046875 0.9460393625 0.8020016546875001 0.941818415625 0.79942103125 0.938493184375 0.7957499015625 0.9345526062499999 0.786097365625 0.9302561062500001 0.780904253125 0.9320702765625001 0.7774606796875 0.9414852343750001 0.7798255640625 0.9479955125 0.792382778125 0.9581004703125 0.7961940937499999 0.9592446875 0.7963888859375 0.9665432609375 0.7907752203125 0.9767465124999999 0.7870613015625 0.97925158125 0.7853882125 0.985783703125 0.7882173375 0.9919808484375 0.79226623125 0.9939779921874999 0.8013034234375 0.9993649984375 0.802850953125 1 0.841515075 1
0 0.8162139312500001 0.8387530453125001 0.81596791875 0.8450038609374999 0.821395421875 0.8482391578125 0.829345334375 0.8522070171875 0.8348570296875 0.8537628921874999 0.8385919921875 0.8544888953124999 0.8459126749999999 0.85421610625 0.8512751250000001 0.8540471843749999 0.8562160796875 0.8535540781250001 0.86176003125 0.8524514156249999 0.866694425 0.85074575625 0.871719571875 0.848573228125 0.8748837953124999 0.8472502484375 0.8795262625 0.8433075484374999 0.8820158796875001 0.83797735625 0.8849980640625 0.8288668250000001 0.87962249375 0.8266106437499999 0.8714200062499999 0.82768105 0.8667190453125 0.82943208125 0.8621673296875001 0.8329079125 0.852337353125 0.8348732421875 0.84315575 0.8359955812500001 0.8373198703125 0.8348612015624999 0.8318081749999999 0.8333053265625001 0.8230803234374999 0.8320933140625 0.8162139312500001 0.8387530453125001
0 0.61177921875 0.395026734375 0.6197173359375 0.3901602609375 0.6356244734375001 0.375771871875 0.6262038078125001 0.3657831453125 0.6148804671875 0.3565899421875 0.609375 0.356736878125 0.609375 0.39603195156250004 0.61177921875 0.395026734375