0 0.6809979765625 0 0.6827487265625 0.011688815625 0.704984434375 0.028921281250000003 0.73291243125 0.029833139062500003 0.7445408046875001 0.0213929375 0.7514007609375 0.002449715625 0.7487936375 0 0.6809979765625 0
0 0.6583731984375001 0.0416885828125 0.667812865625 0.0699838671875 0.6955954328125 0.09597095 0.7120893734375 0.0907445375 0.7254206625 0.08201502499999999 0.7432765828125001 0.05958752656250001 0.72026243125 0.0441034734375 0.6918963328125 0.033569071875 0.6583731984375001 0.0416885828125
0 0.6907633 0.11036791406249999 0.674730453125 0.1007941875 0.6621593796874999 0.094385371875 0.6537275921875 0.0914431125 0.642808409375 0.09226427499999999 0.63745775 0.0988119609375 0.632329740625 0.1103296578125 0.625159634375 0.135550803125 0.620931784375 0.152340159375 0.6151166984375 0.1781646 0.6130051671875 0.1829071796875 0.606665784375 0.20443911875 0.603189665625 0.22318679531250002 0.6000989718749999 0.228305240625 0.593620721875 0.23191544843749998 0.58954130625 0.252018146875 0.5884831484374999 0.258041534375 0.58644105 0.27174498125 0.58138725625 0.28491935 0.578672428125 0.2910169546875 0.5744493609375 0.30050211718750003 0.5700036453124999 0.3050172671875 0.564954634375 0.310887440625 0.5578730890625 0.31585267031250003 0.5531257265625 0.3210453328125 0.550633546875 0.3321129484375 0.5511530609374999 0.34370964531250003 0.54941739375 0.3494313859375 0.5454959734375 0.3582390375 0.5409712609375 0.3684017109375 0.538553296875 0.3811259984375 0.5393744593750001 0.3920451828125 0.5433605296875 0.3995025921875 0.5553699234375 0.409375 0.6093414703125 0.409375 0.6115809 0.403086403125 0.5971400703125 0.3771734015625 0.59293135 0.364745978125 0.5994885984375 0.35548824843750004 0.615159928125 0.342170228125 0.6171972453125 0.3357709765625 0.633244440625 0.3234321171875 0.6314441171875 0.312888796875 0.6359736125000001 0.295421928125 0.6484010359375 0.2912132078125 0.6519465906249999 0.28142639687500004 0.6527126640625001 0.2614721296875 0.654680546875 0.24611201249999998 0.6586019656250001 0.2373043609375 0.6609504937499999 0.21561920781250002 0.6599066828125 0.1997300109375 0.666844578125 0.18414724531249999 0.6764877359375 0.17707526406250002 0.6889199406250001 0.1655623484375 0.698493665625 0.1495295 0.6970835546874999 0.11805275468750001 0.6907633 0.11036791406249999
0 0.6229711 1 0.623603828125 0.9980411171875 0.62919650625 0.980492178125 0.6325719234375 0.9641825984375 0.6297478109375 0.9480815484375 0.6257323609375 0.9359031812499999 0.6118661875 0.9408623203125 0.6040230671875 0.94850309375 0.5996217265625 0.9621293515625 0.597349409375 0.9759613265624999 0.5926612359375001 0.9864911390625 0.586646703125 1 0.6229711 1
0 0.8079097734375 0.582836290625 0.8147488468749999 0.5487720546875 0.8107665765625001 0.5477412171875 0.8023387265625 0.5454732640625 0.7873583921875 0.5491941640625 0.7831224703124999 0.5562144124999999 0.77595231875 0.5723188343750001 0.7650977937500001 0.5942047046875001 0.77372424375 0.60101418125 0.793050859375 0.5962596375 0.8079097734375 0.582836290625
0 0.8514045578125 0.42778823125 0.8441901656249999 0.42902928124999995 0.8347806343749999 0.4389413796875 0.8247423749999999 0.455253203125 0.8174729265625 0.46908686250000003 0.8019852828125 0.4889099359375 0.7909321625 0.50625428125 0.7846114578125001 0.5279321875 0.79204656875 0.5386643484375 0.80047441875 0.5409323015624999 0.8100053703125001 0.540722653125 0.8189626499999999 0.5343201171875 0.825504071875 0.5246154234375 0.8319572562499999 0.5163558078125 0.8396017796875 0.5041735109375 0.8494414421875 0.4833201625 0.8592589828125 0.455035128125 0.8633624265625001 0.4345965859375 0.8514045578125 0.42778823125
0 0.278243009375 0.44335954843750003 0.2709430234375 0.42926210937500003 0.249540421875 0.422444878125 0.2409776609375 0.42947976718750003 0.238961309375 0.44010726250000004 0.2518018625 0.44989197968749994 0.2686729671875 0.4506239265625 0.278243009375 0.44335954843750003
0 0.2664612171875 0.497081821875 0.265466346875 0.49610308124999997 0.26905105625000003 0.4816251703125 0.26566912343750004 0.4747614578125 0.24636755 0.46188146406249997 0.2401978203125 0.46449249843749996 0.2390021625 0.47360451406250004 0.23601499375 0.48513368593750006 0.23621153125 0.49915192812500003 0.24317505625 0.509217659375 0.2374018 0.5205779781250001 0.2433696078125 0.534486765625 0.26008530625000004 0.5403216796875 0.271826365625 0.5428701515625 0.2740160484375 0.5395586781249999 0.27958879531249997 0.53668185 0.2801860578125 0.5353403734375 0.2823763078125 0.52881436875 0.27720485625 0.5131169484375 0.2664612171875 0.497081821875
0 0.26105889375 0.6618454171875 0.2610586109375 0.6634526796875 0.2548894484375 0.6628491859375 0.2403611578125 0.6665609296875 0.2306075671875 0.678828075 0.237569678125 0.6969301421874999 0.2385617109375 0.713981546875 0.24393197031249997 0.7308390765625 0.25348221406250004 0.7431280859375 0.2680079546875 0.7538817421874999 0.28273419375 0.7561519062500001 0.297063396875 0.7528873218750001 0.305822115625 0.739641428125 0.310800159375 0.723640678125 0.3121949046875 0.714081503125 0.31000778125 0.702927578125 0.3014526875 0.690010046875 0.289911846875 0.6805853484375 0.2765797875 0.6719705499999999 0.26105889375 0.6618454171875
0 0.286149609375 0.573358159375 0.2754068234375 0.5525012359375 0.2664529875 0.5436925515625 0.2574983015625 0.53970566875 0.2507321609375 0.5388363796875 0.24456129375 0.5478764796875 0.24316683125 0.555828390625 0.24455760624999998 0.568770946875 0.2453516859375 0.5798404453125 0.2403736453125 0.595841203125 0.23400369062499998 0.605328459375 0.23101709062500003 0.613643096875 0.2387749859375 0.6331710609375001 0.25469348125 0.645616409375 0.2716108234375 0.63653876875 0.2745971375 0.6298313984374999 0.27639034375 0.6177706390625 0.2761946625 0.5989306015625 0.2795794328125 0.589721646875 0.28614790625 0.5830017609375 0.286149609375 0.573358159375
0 0.28039785625 0.8200632703125 0.280614284375 0.8143597390625 0.2788920640625 0.8077930671875 0.26316858593750003 0.7944126390624999 0.260153009375 0.7924900312500001 0.251966471875 0.7952250281250001 0.2452878734375 0.79805141875 0.24205433437499999 0.8105314921875 0.249376996875 0.8201716296875 0.261654503125 0.8291178609375001 0.2752253578125 0.83342003125 0.28039785625 0.8200632703125
0 0.240540559375 0.8434968812499999 0.24097095937500002 0.8460084640625001 0.24506346250000002 0.8489905390624999 0.25023319375 0.8512922515625 0.2554029296875 0.8535939671874999 0.26186601875000004 0.8512516218749999 0.2620821375 0.84728791875 0.2584206546875 0.8433377640625 0.249373925 0.8375699328125 0.240540559375 0.8434968812499999
0 0.24376027968749997 0.90930918125 0.23664974375 0.9183231390625 0.23341712499999998 0.9255837187499999 0.2306133703125 0.9440550359375001 0.237503484375 0.9633624062499999 0.2736916203125 0.9794744015625 0.289203584375 0.9707210671875 0.28877471718750003 0.95951033125 0.2829618375 0.9395225999999999 0.2857637484375 0.9314902625 0.2892115671875 0.9254854765625 0.2967555734375 0.9015847953125 0.28900343125 0.8842135796875 0.2691856078125 0.8782900625 0.252812840625 0.8820202296874999 0.2476400328125 0.897116821875 0.24376027968749997 0.90930918125
0 0.27008633125000003 1 0.2704571578125 0.9971739656249999 0.2586109765625 0.9855198265625 0.23793112187499998 0.9815324640625 0.223495771875 0.9930850921875001 0.226963865625 1 0.27008633125000003 1