0 0.3109703015625 0.3494357734375 0.344129459375 0.33947265781249997 0.3665284359375 0.328289428125 0.3523062015625 0.3089566390625 0.30460188125 0.29561994999999996 0.269780990625 0.2962681171875 0.25269280625 0.308320015625 0.25343016875 0.326256965625 0.26672936875 0.3386901625 0.3109703015625 0.3494357734375
0 0.5428048171875 0.2271954484375 0.5357966109375 0.21458389375000003 0.5229324140625 0.20767445312500002 0.48837801406250003 0.18802816875 0.46354299218749995 0.18379738437499998 0.44825505468750004 0.1859334734375 0.44816765781249995 0.19595126875 0.4572239515625 0.2073803640625 0.47450115156250006 0.2172035078125 0.4843944890625 0.22227816093750002 0.49581653281250004 0.228108678125 0.51468043125 0.2352407359375 0.534756196875 0.23785003124999998 0.5428048171875 0.2271954484375
0 0.47507268125 0.279681428125 0.486898128125 0.29046751875 0.503339115625 0.2969503609375 0.52655886875 0.3007483328125 0.5374917828125 0.29225158906250004 0.536684978125 0.2823404421875 0.5346671359374999 0.2672573125 0.5078705921875 0.2638859375 0.487563715625 0.2653697015625 0.47813093437500004 0.271498415625 0.47507268125 0.279681428125
0 0.5570490125 0.28710447031249997 0.5587500125 0.29690896875 0.559268553125 0.304665384375 0.572104171875 0.3084509265625 0.5911991765625 0.3114899265625 0.60224723125 0.3057940234375 0.5901049453125 0.2897293015625 0.58073098125 0.282716321875 0.568328175 0.2773155078125 0.56322266875 0.27698623906250003 0.5546555093750001 0.27988440625 0.5570490125 0.28710447031249997
0 0.5634931796875 0.14998542343750002 0.5422929375 0.14188109375 0.5281009 0.1463883171875 0.5199665546875 0.14767121562500002 0.5090630453125 0.1495971109375 0.5173688546874999 0.1670575921875 0.5238005343750001 0.1753596828125 0.5262226109375 0.185703640625 0.5469900453125 0.1954232421875 0.568248271875 0.20008062343750002 0.58466151875 0.1937448265625 0.57805754375 0.1763941 0.570443403125 0.166043928125 0.5717998203125 0.157751159375 0.5634931796875 0.14998542343750002
0 0.656297809375 0.2996400609375 0.6523086734375 0.29568629375 0.645027121875 0.2905618390625 0.638370165625 0.2884896234375 0.63250585625 0.2915340984375 0.6308953625 0.29485291406249997 0.64070049375 0.29863414375 0.6473574484375 0.3007063578125 0.656297809375 0.2996400609375
0 0.6656292421875001 0.31821943125 0.6671734359375 0.320539040625 0.670680671875 0.321998578125 0.6748086109375 0.32275813750000004 0.6764684515625 0.3230296328125 0.681650240625 0.32147269375 0.6815546218749999 0.321120503125 0.67924016875 0.317535003125 0.675011303125 0.31553559062500003 0.66802543125 0.3157428328125 0.6656292421875001 0.31821943125
0 0.660195065625 0.23342599375 0.6595163296875 0.23757559062500003 0.6671224875 0.24151949843749998 0.6705430953125 0.24330233906249998 0.678813690625 0.24153349375 0.6823646546875 0.23798024843749999 0.676230778125 0.23339128437499998 0.6712369625 0.231013646875 0.6638469609375 0.2311126046875 0.660195065625 0.23342599375
0 0.7236050125 0.1898451203125 0.7168084546875 0.185357665625 0.7064874234375 0.1824143984375 0.6946412328125 0.17852920156250002 0.6860080156249999 0.17923777031250002 0.67553856875 0.18016534374999998 0.6715990484375001 0.1865754546875 0.6793430640625 0.194160859375 0.6948466171875001 0.2009813453125 0.70793709375 0.20022281249999999 0.7207462671875 0.1988556375 0.7278396515625001 0.195601415625 0.7236050125 0.1898451203125
0 0.7637492640625 0.197579909375 0.7678070015625 0.19404555 0.7649344375 0.1914982984375 0.7581525499999999 0.18861456875 0.74811281875 0.1862799390625 0.7454917921875001 0.18611090156250001 0.73570359375 0.1861544859375 0.7346517375 0.1917385515625 0.7391530078125 0.196499759375 0.7558266390624999 0.2006119375 0.7637492640625 0.197579909375
0 0.7967790421875 0.28162051250000003 0.795875171875 0.2883107625 0.795593440625 0.29267914375 0.798836184375 0.2955033375 0.8104010734375 0.29877989375 0.8185601328125 0.3014993734375 0.823683546875 0.3039387171875 0.831458184375 0.29980050468749997 0.8280532125000001 0.289289384375 0.8094549000000001 0.2807508828125 0.7967790421875 0.28162051250000003
0 0.7857880109375001 0.32098113125 0.76384340625 0.3083464078125 0.7512861984375 0.30711477187499997 0.7473911156249999 0.3133590375 0.7503521265625 0.32055161249999997 0.7632199828124999 0.32559933750000003 0.775866071875 0.32649927968750003 0.7834776234375 0.3246281828125 0.7857880109375001 0.32098113125
0 0.8167445578124999 0.23364379999999998 0.8148634625 0.239005671875 0.8327507546874999 0.25019773437500004 0.858664221875 0.25962979375 0.868170684375 0.263954590625 0.87912895625 0.261202696875 0.8854228765625001 0.2559567078125 0.8879558828125 0.24650339843750002 0.879382628125 0.23869579999999999 0.8669889281250001 0.23022002656249999 0.8506557078125001 0.22815436875 0.8380834015625 0.230296028125 0.8281618906249999 0.23083715468750002 0.8167445578124999 0.23364379999999998
0 0.16803550312499999 0.2486913875 0.1776054125 0.24529074843749998 0.1714345390625 0.23959654062500002 0.165632159375 0.2361176390625 0.1480639 0.235258553125 0.1489129625 0.24106611249999998 0.1550198484375 0.24520385312499998 0.16803550312499999 0.2486913875
0 0.44202417499999996 0.2907426703125 0.4502635125 0.2887172484375 0.4486611265625 0.2821305890625 0.441063484375 0.2781706484375 0.4275985484375 0.27995037031250003 0.42655614374999995 0.28563594531250003 0.42977771562499995 0.2897702296875 0.44202417499999996 0.2907426703125
0 0.4656344078125 0.3049580578125 0.4575239640625 0.2993213875 0.4496535796875 0.2981746046875 0.4443317734375 0.29828795625 0.43913794062499995 0.3015142484375 0.439714721875 0.3047474484375 0.441301690625 0.3042105953125 0.4484024125 0.3082298015625 0.45782754375 0.3107552578125 0.4662751765625 0.3097477265625 0.4656344078125 0.3049580578125
0 0.3074303578125 0.24381313593749998 0.315297053125 0.233000453125 0.3307522390625 0.2371416578125 0.34174681875 0.24803875937500003 0.3484198890625 0.25280847031250003 0.3571738640625 0.2584670546875 0.3761342078125 0.26189098125 0.38710223906249996 0.260523003125 0.39533272343750003 0.25577113281249997 0.4010416390625 0.23941082812499997 0.39620694375 0.231489446875 0.3881155625 0.2233580328125 0.3746422078125 0.2167661921875 0.374526890625 0.20977806875 0.38861409999999996 0.2029512421875 0.3897189515625 0.1926458015625 0.38290837031249997 0.1822072078125 0.3667905921875 0.18053883125 0.3580025328125 0.18613519218750002 0.35187514375 0.1904566984375 0.33529885937500004 0.19297231875 0.32360760312500003 0.195802990625 0.31272239375 0.19686186562500002 0.29780694531249996 0.20677972968749997 0.2960292 0.2109415328125 0.27298987656249996 0.2054307578125 0.2661939484375 0.21719294374999998 0.2579174859375 0.2431354640625 0.2602512140625 0.2566813421875 0.28680599375 0.27009130625 0.3026753 0.27268699218750003 0.3156636015625 0.27119775156250003 0.3146934984375 0.2550355890625 0.3074303578125 0.24381313593749998