0 0.5721248890624999 0.274842315625 0.5615169453125 0.2619125703125 0.5428555953124999 0.24489488750000002 0.52411916875 0.24333352968750002 0.5138930609375 0.2529634859375 0.521361775 0.2907076546875 0.5211668765625 0.3019263984375 0.511517503125 0.3228973125 0.4936421984375 0.36084598749999997 0.5069245 0.3868551234375 0.5282681671875 0.37195500937500003 0.5402771796875 0.371044646875 0.5578298078125 0.385074321875 0.5851516296875 0.382370665625 0.5977980390625001 0.32250079062500003 0.5886886140625001 0.290121565625 0.5721248890624999 0.274842315625
0 0.652283571875 0.39300332031249996 0.669476734375 0.39432025 0.6872993359375 0.3816748546875 0.6906558359375 0.3554886421875 0.6857192875 0.316739328125 0.666481203125 0.2883806859375 0.655842928125 0.310601175 0.6522915296875 0.34800613125 0.6491523 0.37282055468749997 0.652283571875 0.39300332031249996
0 0.701032096875 0.3149460328125 0.7207574250000001 0.31525781406250003 0.7285711890625 0.3108705875 0.7387972953124999 0.30124063125 0.7442737921875 0.28663980625 0.7371869156249999 0.27145533906249997 0.7290136875 0.2631298203125 0.7136034296875 0.2705324859375 0.702290971875 0.2870213875 0.7014666359375 0.312202453125 0.701032096875 0.3149460328125
0 0.799082003125 0.305163984375 0.80060289375 0.295561459375 0.7941901984374999 0.2861085796875 0.7823984562499999 0.285647153125 0.7745846921874999 0.2900343796875 0.7659018484375 0.2999087640625 0.76748985625 0.319847103125 0.7866831953125 0.328511834375 0.7881066359375 0.32451868125 0.799082003125 0.305163984375
0 0.8084775375 0.40544290937499994 0.8035291843750001 0.40564251406249996 0.7979209578125 0.4131127125 0.7951146125 0.421518359375 0.798591278125 0.4368192234375 0.8042948453125 0.441164296875 0.8103261187499999 0.44654461875000007 0.8140589859375 0.45401928125 0.8220326625000001 0.46265729375 0.8335678984375001 0.46743433906250004 0.8529055 0.4695137671875 0.8576780828125001 0.46731962656250003 0.8594253406249999 0.45628786874999994 0.8573354656250001 0.4446483671875 0.8550176875 0.434447790625 0.8512848203125 0.4269731296875 0.8327351937499999 0.4137100078125 0.822235209375 0.4086052578125 0.8084775375 0.40544290937499994
0 0.500852675 0.25746611875 0.5029024015625 0.244524653125 0.4942357828125 0.2383279578125 0.4769610078125 0.23317988125000003 0.4663725375 0.23150283124999999 0.4593427890625 0.23400745937499998 0.4452832921875 0.2390167125 0.4429010671875 0.235021375 0.4198716828125 0.2205197921875 0.40885206875 0.213950415625 0.393184934375 0.21388100468750001 0.383645084375 0.2208121109375 0.3812866171875 0.23189566250000002 0.38062895937499996 0.247469628125 0.38477593125 0.2517444734375 0.392359221875 0.2571665828125 0.396535425 0.2650640890625 0.3946720375 0.27682905625 0.394788965625 0.2913196953125 0.40026406562499994 0.30243795 0.4061118453125 0.3112032125 0.40851782812500004 0.3302774375 0.42207677343750005 0.33604299375 0.43607233437500004 0.3352446453125 0.4405042859375 0.32629851875 0.442955921875 0.31462672187499996 0.4388436578125 0.3025183078125 0.4400256265625 0.29124841875 0.44405566875 0.28103262500000004 0.45244825312500003 0.27753784062500003 0.46418398906249997 0.27577856875 0.472419465625 0.277082940625 0.49691580156250004 0.2670936640625 0.500852675 0.25746611875
0 0.8251668109375 0.346281284375 0.832477046875 0.34224998125 0.8374673171874999 0.3341447109375 0.8387485640625 0.3213748140625 0.8344129499999999 0.31364572812499997 0.8224627859375 0.3095290953125 0.8145259578124999 0.3104959390625 0.8082038984375 0.3176489703125 0.8053078812500001 0.324232678125 0.8058558734375 0.33247381875 0.8051473140625 0.34162789843749997 0.8108933203124999 0.345132540625 0.8251668109375 0.346281284375
0 0.9313022328124999 0.31972517968749997 0.9125246812500001 0.3048902390625 0.9007856265624999 0.2971005203125 0.8879225249999999 0.291727334375 0.8750773921875 0.28858090937499997 0.859429446875 0.2961101265625 0.86045019375 0.31072723125 0.8744732765625001 0.3181374 0.8815903734375 0.320005940625 0.8917292625 0.3308780890625 0.8906198218749999 0.342563240625 0.8914148578125 0.3515848125 0.894533221875 0.357638496875 0.9027889671875 0.366359121875 0.908091425 0.382025034375 0.912975034375 0.39799526093750004 0.9411750390625 0.40950409531250004 0.9466414296875 0.40073292968749996 0.9468166 0.392606325 0.9495834750000001 0.3774771640625 0.950367271875 0.37018826250000003 0.9480327046875001 0.356845678125 0.9439654656249999 0.345081925 0.9403350453125 0.33524061875 0.9313022328124999 0.31972517968749997
0 0.259222553125 0.868891671875 0.2609517765625 0.865473125 0.26048140468750003 0.859068746875 0.25902416875 0.8551455156250001 0.25625406093750003 0.8557617531249999 0.25353797031249997 0.8616614437499999 0.253800165625 0.8675053609375001 0.25657911875 0.870582953125 0.259222553125 0.868891671875
0 0.1849559328125 0.8634588734375 0.18622363125000002 0.857329778125 0.187029803125 0.8484901359375 0.18659575781249998 0.8399815531250001 0.18004214375 0.8326136843749999 0.176729009375 0.83103395625 0.1756969703125 0.8319254765625 0.170581953125 0.8379727046875001 0.1689882484375 0.8461601249999999 0.16739454375 0.85434754375 0.167041053125 0.8622039046875001 0.16847080625 0.871925171875 0.1719557890625 0.87616956875 0.1768714765625 0.8732557062499999 0.18322670624999998 0.86687741875 0.1849559328125 0.8634588734375
0 0.15700245468750001 0.8505916390625 0.156613584375 0.8436726796875 0.15472230468749998 0.831240865625 0.149291075 0.8261607234375001 0.1466564875 0.8315458343750001 0.13920540625 0.8467178843750001 0.134706071875 0.85075266875 0.13153730156250001 0.8576356421875 0.1301881015625 0.8642793171875001 0.1302146375 0.8753608078124999 0.1325320625 0.875727853125 0.1395295140625 0.8784186093749999 0.14287897968750002 0.87789413125 0.14873635624999998 0.8709095015624999 0.152611159375 0.8651933312500001 0.15540875 0.858779059375 0.15700245468750001 0.8505916390625
0 0.122448290625 0.8625259625 0.126486096875 0.85578063125 0.12912068593749998 0.8503955203125001 0.133031815625 0.8425751437500001 0.1335934828125 0.835279246875 0.1320459 0.8281767656250001 0.1281534078125 0.8265052765625001 0.1250936203125 0.8270756328125 0.1215811546875 0.8286292718749999 0.1183220375 0.8323329968750001 0.116683159375 0.8389307921875 0.11462792656250001 0.8444076624999999 0.1134328859375 0.8463283468749999 0.107828859375 0.8554630640625 0.10535727343750001 0.8598190109375 0.1044696015625 0.8691732343749999 0.1059720109375 0.8746860906249999 0.10824426250000001 0.8734635109375001 0.1103083390625 0.8716804687499999 0.1153055265625 0.8682520265625 0.122448290625 0.8625259625
0 0.029795473437499997 0.8663133406249999 0.0306006953125 0.8743532249999999 0.0362675859375 0.8741957906250001 0.0435458703125 0.8732385984375 0.04915874375 0.8677977125 0.05353139999999999 0.8626878859374999 0.058854593749999996 0.8572011187499999 0.061199503125 0.8517701265625 0.062874709375 0.8430681281249999 0.0635267234375 0.8389514765625 0.05869348906250001 0.8244712312500001 0.055118159374999996 0.8170475875 0.0526652125 0.8119116703125 0.05016709375 0.8051861296875 0.0453152203125 0.80019775 0.041187067187499996 0.8037638328125001 0.0377561015625 0.804802890625 0.034949665625 0.8075233328125 0.0321069015625 0.8123479828125 0.031047379687499998 0.8190375390625 0.0314725765625 0.8238522921874999 0.0345952265625 0.83225921875 0.03618798125 0.8409513234375 0.034793609375 0.8460053750000001 0.030022289062500002 0.8573819374999999 0.029795473437499997 0.8663133406249999
0 0 0.8711379984375001 0.002999759375 0.8705091546875 0.0080784484375 0.8665661328125 0.011908078125 0.8592603375 0.01483234375 0.8539211078125 0.017213581250000002 0.8463859109375 0.01658020625 0.841010696875 0.010786642187499999 0.8400930875 0.0038432078125 0.8426857828125 0.0000862359375 0.8457831671875 0 0.8459704828125 0 0.8711379984375001
0 0.24800934687499998 0.8932438812499999 0.2506267078125 0.8868431749999999 0.2509594921875 0.8796797296875001 0.247853871875 0.8739761828124999 0.24837248125000003 0.8656394765625001 0.248744134375 0.8632929562499999 0.24850000312499998 0.8572408296875 0.24652877499999998 0.8469061828125 0.24603687812500002 0.842418403125 0.2411810828125 0.8376403453125001 0.2344706671875 0.83697841875 0.23084643593749998 0.8396115765625 0.21933852968749998 0.8413969796874999 0.2125467375 0.838717675 0.21277507031249998 0.834744865625 0.20757433593750002 0.81948884375 0.20226551406249998 0.8150399328125 0.192240578125 0.815055728125 0.188759665625 0.8193151750000001 0.18949569375 0.8298550828125 0.191943025 0.8346525734375 0.1941850953125 0.8382148609375 0.1949830640625 0.8483636828125001 0.1989947421875 0.8534089406250001 0.19839475625 0.85972826875 0.196044596875 0.866973090625 0.1944960453125 0.8767502593750001 0.19399687031249999 0.887495428125 0.199758721875 0.8916151937500001 0.2056869640625 0.8921532375 0.212707090625 0.8908597328125 0.217485146875 0.8860039390625 0.2207802328125 0.8829177515625 0.22963190937500003 0.8827161296874999 0.2315448359375 0.8858253906250001 0.236726134375 0.8986729499999999 0.24543449218750002 0.8968450390625 0.24800934687499998 0.8932438812499999
0 0.09960755624999999 0.8427300765625001 0.10020276875 0.8389720531249999 0.1006258359375 0.8332606124999999 0.0996162984375 0.82443305 0.0984324296875 0.818226328125 0.09247444218749999 0.8163195999999999 0.083867896875 0.8204941359375001 0.082021715625 0.829110165625 0.0815986484375 0.83482160625 0.08066862968750001 0.8406935203125 0.07647368125000001 0.8489375421875 0.07126482656250001 0.857502515625 0.0664418359375 0.860590925 0.0631885796875 0.8644094953125 0.059377310937500004 0.8717512125000001 0.059658875 0.8775742546874999 0.069239940625 0.877887903125 0.0751001828125 0.8773714625 0.0803929265625 0.8743574531249999 0.0827183484375 0.8718365421875 0.0864785578125 0.867857496875 0.089769015625 0.8638040515625001 0.09270132343750001 0.858971575 0.094854596875 0.8544972484375 0.096847396875 0.8495159687499999 0.09960755624999999 0.8427300765625001
0 0.9887868171875001 1 0.9885844687500001 0.9973702890625 0.9860290078125 0.9750547609375 0.9790274906249999 0.956092596875 0.9671073828125 0.937974425 0.948918446875 0.923732434375 0.9335067406249999 0.9358986484375 0.91241431875 0.9674528890625 0.9053394890625001 1 0.9887868171875001 1
0 0.46552620625 0.831037728125 0.45072620937499996 0.8054881593750001 0.43222361718749996 0.8152151703125 0.437738871875 0.8470293390625001 0.436267659375 0.87773695625 0.4582965546875 0.898102703125 0.47416679687499996 0.8788172171875 0.46552620625 0.831037728125
0 0.39560239375 0.8727026062500001 0.394139684375 0.8914572359375 0.399605053125 0.902167615625 0.407669515625 0.9083672734375 0.41867565000000007 0.9150328468750001 0.42324706718750005 0.9052089437499999 0.4259215515625 0.8859430453125 0.4221694484375 0.869175253125 0.40869800468750006 0.86141601875 0.3968729359375 0.8504015578124999 0.39560239375 0.8727026062500001
0 0.9797877843749999 0.8776521828125 0.9812196625 0.8686116625 0.9806729109375001 0.8597455125 0.9803522453125 0.8494519109375 0.9749202453124999 0.8437140390625 0.965629996875 0.8407793484375 0.9583700937499999 0.8342642093749999 0.9595522390625 0.8237208796875001 0.9624115671875 0.8149064453125 0.96592108125 0.808146003125 0.9691055015625001 0.8003585640624999 0.9704856625 0.794724125 0.970339365625 0.7864091531249999 0.9694911656249999 0.7794462703125 0.9617554453125001 0.7728557703125001 0.9539916515625 0.7726016125 0.9465012359375 0.7767805296875 0.9377104468749999 0.7768514640624999 0.932754265625 0.7711889515625 0.922385303125 0.7719854359375 0.913514725 0.7817987921875 0.9119040515625001 0.7981272875000001 0.9120976375 0.812302784375 0.9196826343750001 0.81984491875 0.9239649859375 0.8205231765625 0.931879503125 0.8198257 0.9404442046874999 0.8211822156249999 0.9484296562500001 0.8292755296875001 0.9382587078125001 0.8349809031250001 0.9258830437500001 0.8422880968750001 0.9235468234375 0.8570384171875001 0.9236414015625 0.8687594687500001 0.939315284375 0.8775827578125 0.952784453125 0.8880078640625 0.9689622234374999 0.8905701703125001 0.9754256437500001 0.8867163453125 0.9797877843749999 0.8776521828125