0 0.25940725 0.9548642734375001 0.2759859078125 0.9361045578124999 0.2555570921875 0.9235072515624999 0.2063304046875 0.9290120406250001 0.1742878453125 0.9426571453125 0.16295867656250002 0.96023281875 0.170361646875 0.9765874484375001 0.1873500078125 0.9831333390625 0.2323948625 0.9765235515624999 0.25940725 0.9548642734375001
0 0.358331375 0.7947864109375 0.3784933921875 0.7943325984375 0.398084778125 0.78923138125 0.4015560515625 0.7763375578125 0.390333784375 0.7672696484375 0.3758179875 0.7656823390625 0.3364200765625 0.760410928125 0.311808565625 0.765791575 0.2984340296875 0.773499084375 0.3021057296875 0.7828201625 0.31478399375 0.7900244875 0.3344829484375 0.79266019375 0.345556890625 0.793659221875 0.358331375 0.7947864109375
0 0.358417503125 0.8503746140624999 0.3734224078125 0.8559454125 0.391094740625 0.8557972984375001 0.4140464671875 0.8506204437499999 0.4210003515625 0.8386468593749999 0.4165395125 0.8297596374999999 0.4090183640625 0.8165307 0.3829101015625 0.823442978125 0.364637721875 0.8324257906250001 0.35818765468749997 0.841641815625 0.358417503125 0.8503746140624999
0 0.432281453125 0.8207505609375 0.4372053546875 0.8265482656250001 0.44245532499999995 0.8350016328125 0.44584171093749997 0.8419990078125 0.45916077812499995 0.84070059375 0.47800378749999994 0.836365190625 0.4861136421875 0.8269453671875 0.4688375609375 0.816598996875 0.45751906406250004 0.813608225 0.4439962015625 0.81324685 0.43913911250000004 0.8148541125 0.432281453125 0.8207505609375
0 0.427834084375 0.729642884375 0.415211290625 0.7160294640625 0.4042743390625 0.709285259375 0.4024254625 0.701088215625 0.39181458281250003 0.696999671875 0.36912212499999997 0.69742721875 0.35765193281249996 0.7069226750000001 0.35059048125 0.7111593359375 0.341202378125 0.717029521875 0.3554442 0.7301071875 0.3645175671875 0.7353954015624999 0.37063819374999996 0.7440788281249999 0.39353445 0.7453110671875 0.4149894203125 0.7416658421875 0.427834084375 0.729642884375
0 0.520072390625 0.796796703125 0.5131239015625 0.79736911875 0.5088270890625 0.8023887140625 0.5085771171875 0.80606916875 0.5190847484375001 0.8059019968750001 0.526033234375 0.8053295796875 0.53392315 0.800991809375 0.52874338125 0.798820296875 0.520072390625 0.796796703125
0 0.5495350593749999 0.8147226859375 0.5518357515625001 0.816294925 0.55563435625 0.81633435 0.5597462515625 0.8154922484375 0.5613869328125001 0.8151221874999999 0.5656081640624999 0.8117374859375 0.565387575 0.811446759375 0.5618985000000001 0.8089893515625001 0.557228571875 0.8087196890625 0.5508290171875 0.8115287953125 0.5495350593749999 0.8147226859375
0 0.5136575515625 0.7422409562500001 0.522187271875 0.743048365625 0.5260266671875 0.7434200046874999 0.533032409375 0.7386817406249999 0.5349937375 0.734057015625 0.52758745 0.7320999921875 0.5220665859375 0.7317662 0.515251765625 0.7346262968749999 0.5127323984375 0.7381392578125 0.5136575515625 0.7422409562500001
0 0.5559242125 0.683403303125 0.5612820296875001 0.6777288109375 0.5551993953125 0.6739779921875 0.54721670625 0.6723633312499999 0.5365446453125 0.6735007078125 0.524105628125 0.6743360765624999 0.5163664828125001 0.6782271093750001 0.5070068546875001 0.6830090656250001 0.505755465625 0.6904281875 0.5157771343750001 0.6945602921875 0.532706778125 0.6950764031250001 0.5445599046875 0.689469325 0.5559242125 0.683403303125
0 0.595318 0.6661112609375001 0.5977562734374999 0.6613142046875 0.5941386625 0.660028515625 0.5867703421875 0.6598953078124999 0.576587096875 0.6614916281250001 0.5740936 0.6623167515625 0.5650344671875 0.6660238859375001 0.56615103125 0.6715953734375 0.5721081171875 0.674323684375 0.5891080875 0.6718903765625 0.595318 0.6661112609375001
0 0.676482984375 0.742466178125 0.6796875 0.74226645625 0.6796875 0.7266078046875 0.668851921875 0.7261044125 0.657424840625 0.7316591796874999 0.6590929984375 0.738200865625 0.66046820625 0.742356696875 0.6645327875 0.7437604921875 0.676482984375 0.742466178125
0 0.624794928125 0.7723389640625 0.6235226140625 0.7795876703125 0.6289624015624999 0.7851472953124999 0.6427841812499999 0.7850070812500001 0.654846553125 0.781104184375 0.6612029374999999 0.7765179953125 0.66197888125 0.7722710234375 0.636899146875 0.768776903125 0.624794928125 0.7723389640625
0 0.0551899640625 0.9259014343749999 0.038579139062500004 0.9316860874999999 0.0415419265625 0.9367527000000001 0.0487541578125 0.9383014656249999 0.062128515625000005 0.9366593015625 0.069727678125 0.9299213328124999 0.06187305625 0.9269534046875 0.0551899640625 0.9259014343749999
0 0.3263187765625 0.861713915625 0.31450100000000003 0.8684080984375001 0.3156643546875 0.8740701625 0.3202000734375 0.87669658125 0.3319190765625 0.8730106093750001 0.3387997203125 0.8680461609375 0.3348466078125 0.8625393796875 0.3263187765625 0.861713915625
0 0.3591352796875 0.8773463375 0.3495038734375 0.8751583343749999 0.34177698749999996 0.8770433531249999 0.33688515625000004 0.8791420343749999 0.333278109375 0.8840790453125 0.3350240703125 0.8868607484375 0.3362943734375 0.8857685 0.34438366875000004 0.8868350656249999 0.3540685515625 0.8856459109375001 0.3615236328125 0.8815472046874999 0.3591352796875 0.8773463375
0 0.2672414296875 0.8352354140625 0.25669315 0.8307271828125 0.24173152656250002 0.8296625421874999 0.23900680937500002 0.8232264656250001 0.24951086875 0.8116195796874999 0.2466747828125 0.8016506578125 0.23644975625 0.79452345 0.22088062812499998 0.7990143859375001 0.21482891406250001 0.8074953046875001 0.2107665625 0.8137974953124999 0.1963396671875 0.8223395234374999 0.18656011249999999 0.8293436984375001 0.176864184375 0.8344031421875 0.1667501171875 0.8491862515624999 0.166660859375 0.8537109624999999 0.1432347984375 0.8572321437499999 0.14133991562499998 0.870683653125 0.143384353125 0.8978375562500001 0.1506225234375 0.9095228453124999 0.180267146875 0.9120087515625 0.1959532734375 0.9084706828125 0.2074379375 0.9022243796874999 0.2004840203125 0.8876024890625 0.1895457484375 0.879918034375 0.19278911875 0.8669457734374999 0.208670240625 0.8649958171875 0.22294636250000002 0.8709807906249999 0.2309202921875 0.8729034140625 0.24115657812500002 0.8748706640625 0.260018928125 0.8709426046875001 0.2696758578125 0.865565540625 0.275526946875 0.8580764890625 0.274691484375 0.84076888125 0.2672414296875 0.8352354140625
0 0.3448862953125 0.0810691953125 0.33938134375 0.0792321296875 0.32786491406249996 0.083159159375 0.3177669328125 0.0869120234375 0.313000203125 0.0910872875 0.312841075 0.101517778125 0.317101275 0.1049436734375 0.32492688125 0.1061368 0.3325353640625 0.10556159218750001 0.3417745625 0.102632171875 0.3512260296875 0.09752269531249999 0.350053559375 0.0879737 0.3448862953125 0.0810691953125
0 0.325104871875 0.04113624375 0.3173275453125 0.0442451703125 0.3124305421875 0.0473594359375 0.31266223593750003 0.06097292343750001 0.318471159375 0.0652856546875 0.324106384375 0.0681837203125 0.33687241874999996 0.0666162484375 0.3452094109375 0.0641566 0.3523787875 0.05609634375 0.34798345625 0.047661065625 0.3421745328125 0.043348334375000006 0.3391205109375 0.0419283296875 0.325104871875 0.04113624375
0 0.7828848671874999 0.8451640359375 0.7991220734375 0.8469964750000001 0.8125268359375 0.8466259515625 0.8312504171875 0.8426264859374999 0.838836021875 0.836593603125 0.8325540531250001 0.8271619484375 0.8158915656250001 0.8270822250000001 0.797438996875 0.8280725421874999 0.777402040625 0.8318081453125 0.7710783875 0.8376860796875001 0.7828848671874999 0.8451640359375
0 0.8086547562499999 0.762926790625 0.7885663765625 0.7662435828125 0.7882814703125 0.7743559234374999 0.7818132859375 0.7947058296875 0.792217440625 0.79597910625 0.8044255687499999 0.7910791421875001 0.8130160078124999 0.7827972578125 0.8172924625 0.7758953125 0.81979273125 0.7649602140625 0.8086547562499999 0.762926790625
0 0.7351388015625 0.7465801875 0.7381869390625 0.7421671921875 0.744104696875 0.7391968421875 0.7510230171875001 0.7334111531249999 0.752589896875 0.72424380625 0.7406928296874999 0.7077546640625 0.733185253125 0.7050864953125 0.72362226875 0.7076069265625 0.718456609375 0.7203573828125001 0.71025065 0.733929890625 0.7064118046875 0.7209388031249999 0.7041706140625 0.7099952890625 0.6946233 0.7053338296875 0.6815001453125 0.71906134375 0.6796875 0.7217675 0.6796875 0.753545859375 0.688045203125 0.7577475296875 0.6806847984375 0.7635875015625 0.6796875 0.763259584375 0.6796875 0.8008275406250001 0.6808235703125 0.8012652875 0.6844066796875 0.80486406875 0.6928062578125 0.8038327296875 0.7012058375 0.8028013906250001 0.7052388656249999 0.8027549453124999 0.7102646218750001 0.8034841046875 0.720424696875 0.8058265875 0.7303133671875 0.80595865625 0.7347341984375 0.805415846875 0.750928428125 0.8020812015625 0.7593822875 0.8014919453125 0.7685574703125 0.799467878125 0.7722648125 0.796768934375 0.7737695765625 0.79075045 0.7729553609375001 0.784119203125 0.7686509265625 0.781955234375 0.75810305 0.780109115625 0.7507197062500001 0.771143221875 0.75182883125 0.7692120453125 0.746384496875 0.7577643328125 0.739768921875 0.7513966562500001 0.7351388015625 0.7465801875
0 0.7874090046875 0.136879859375 0.8004343734375 0.1412737609375 0.81455241875 0.1400397203125 0.826704434375 0.1300572484375 0.8303120859374999 0.12312163281249999 0.825529028125 0.1132207921875 0.8125036578125 0.10882689062499999 0.7883861078125001 0.11578363124999999 0.7809015734375 0.12019866093750001 0.7774147453125 0.128118309375 0.7874090046875 0.136879859375
0 0.7355071515625 0.237146321875 0.7440790984375 0.2415875984375 0.7613162453125 0.24396605781249997 0.770041846875 0.2423952515625 0.7829516484375 0.23132086875 0.78262200625 0.2213726515625 0.77626298125 0.21316361874999998 0.74899874375 0.20901972500000002 0.7254853140625 0.22089663593750003 0.7237556875 0.22860052656250002 0.7355071515625 0.237146321875
0 0.804493740625 0.25572877968749996 0.8072312875 0.265853428125 0.8138431484374999 0.2710191796875 0.8258015249999999 0.271045271875 0.83233605 0.2694957359375 0.837682565625 0.26435607499999997 0.8384447578125 0.25230731875 0.8321170890625 0.2433706796875 0.8333181453125 0.2409816140625 0.8477690171875001 0.236965675 0.859921203125 0.23248478125 0.870239659375 0.22524024687500002 0.8745919765625001 0.21200347968750002 0.8726809109375001 0.2025245515625 0.8658882875 0.195886596875 0.8507143609375 0.1940137296875 0.8355404375000001 0.1921408625 0.8155622875 0.1998242578125 0.812152928125 0.20248446874999998 0.8082655687500001 0.21342255312499997 0.810150540625 0.23485985937499998 0.8120746499999999 0.23835959999999998 0.807631953125 0.2508602671875 0.804493740625 0.25572877968749996