0 0.7269893578125 0.43459505 0.7347570734375 0.4392459203125 0.7423669265624999 0.4366236625 0.752692334375 0.4309823421875 0.76071268125 0.42649451093749996 0.764438678125 0.4215468171875 0.764217678125 0.40790181875 0.76418613125 0.3960593359375 0.756671046875 0.3822697625 0.7477034390624999 0.3777450046875 0.735736096875 0.37353553281249996 0.724621290625 0.37743739062500004 0.7109487921875 0.39163143906250003 0.7107908875 0.40167140312500005 0.714137934375 0.410431765625 0.721053071875 0.4242843984375 0.7269893578125 0.43459505
0 0.38110008125 0.4591938421875 0.37865530937499997 0.4577205734375 0.3758654796875 0.45732170625 0.36745338125 0.4644346625 0.36708702031249996 0.4696638453125 0.3737525140625 0.4720776765625 0.382869403125 0.46731295937499995 0.38110008125 0.4591938421875
0 0.3639440828125 0.4571905140625 0.37211903749999997 0.452178753125 0.37375109375000004 0.4502769921875 0.37083866875 0.44435429062500004 0.36817805625 0.44082743750000003 0.35783144375 0.44260700000000003 0.349203509375 0.44766637343750004 0.3419345140625 0.45258291406250006 0.3394111703125 0.4590769375 0.35047725 0.46414265625000006 0.3639440828125 0.4571905140625
0 0.33816677500000003 0.45159474062499994 0.34184789375 0.44740134375 0.3450613609375 0.438758515625 0.33611629062500004 0.43208569218750004 0.32865275625 0.4307938703125 0.3214770109375 0.43224016093750006 0.3161851328125 0.434180540625 0.3126479078125 0.4397429921875 0.31291439374999996 0.4466358828125 0.3148129375 0.4516270140625 0.31810639687500003 0.4568175765625 0.32671303281249997 0.45591298281250003 0.33816677500000003 0.45159474062499994
0 0.31144753125 0.4457519203125 0.3098580734375 0.43934412656250005 0.3049325609375 0.4360553234375 0.297993953125 0.43540042031250004 0.29217715 0.43670388125 0.2838942734375 0.4406888515625 0.2785238234375 0.4505965234375 0.281019240625 0.45690909843750005 0.289295490625 0.46157594843750005 0.30132480625 0.46273393125 0.31095195000000003 0.4541090890625 0.311951159375 0.4505436171875 0.31144753125 0.4457519203125
0 0.3164610875 0.47602297812499994 0.3176401640625 0.4741688296875 0.31608667968750004 0.46810329531250006 0.30458229062500003 0.46758223125000004 0.30010312968749997 0.47289763906250004 0.300822596875 0.4797429203125 0.310479090625 0.48011216093750003 0.3164610875 0.47602297812499994
0 0.342792096875 0.4644462234375 0.33380935312500004 0.46586620781250004 0.3295332671875 0.47012251875000005 0.33199562031249996 0.47557403125000003 0.3411020375 0.47533069843750003 0.34586271874999996 0.47268896250000003 0.3462529328125 0.4674134921875 0.3432904265625 0.464393846875 0.342792096875 0.4644462234375
0 0.31752161874999996 0.496922821875 0.3200537609375 0.49478173437499995 0.32170282031249997 0.49210847968750004 0.3202005171875 0.48830815312500003 0.31505358906250003 0.48655751093750005 0.31030930625 0.48601451874999996 0.305868221875 0.48835624375000003 0.30391198125 0.49335338906250004 0.30707217343750004 0.49718779375000005 0.314651796875 0.49847441875 0.31752161874999996 0.496922821875
0 0.361748196875 0.3991902671875 0.3559204609375 0.40131556718750006 0.3525496265625 0.40378774531249995 0.351304996875 0.4063390078125 0.351619521875 0.40933150625000003 0.3515089859375 0.411158459375 0.3479970703125 0.4094096859375 0.3459814015625 0.4075036515625 0.3412095796875 0.4052821875 0.3390519265625 0.4049038546875 0.334201021875 0.40480859531249996 0.3303736765625 0.405815975 0.32670359375 0.4083196078125 0.3230649625 0.41112248906250004 0.32101694062499997 0.414665859375 0.3216621671875 0.41792615624999996 0.32575640625 0.4223367265625 0.3293626796875 0.4249832484375 0.33317384687499996 0.4267005703125 0.3378198578125 0.42772503281249996 0.34150521718750004 0.428245353125 0.34566326406250003 0.42750576875 0.349333346875 0.4250021390625 0.350168190625 0.42430928124999995 0.3543100609375 0.4262943984375 0.362153465625 0.426075134375 0.3651459640625 0.42576061093749995 0.36550902343749997 0.420579003125 0.3665649390625 0.41623224218750005 0.3788970921875 0.4155411921875 0.3812910921875 0.415289571875 0.3831980296875 0.4075252515625 0.38089929218749996 0.402925965625 0.37444250625 0.399066265625 0.36680399375 0.398356325 0.361748196875 0.3991902671875
0 0.7012962828125 0.8334474921874999 0.68704471875 0.7938208 0.680489584375 0.7815230546875 0.6707056546875 0.7760580312500001 0.662014246875 0.77264263125 0.6609375 0.7733431453125 0.6609375 0.9476832234374999 0.661154521875 0.9480536328125 0.6728822328125 0.951149909375 0.6864236640625 0.9172598609374999 0.6946650562500001 0.91639365625 0.703405234375 0.9327906453124999 0.7184267703125 0.9463629859375 0.7311006859375 0.9125641171875 0.732979434375 0.8928865781249999 0.7321906109375 0.8561737968750001 0.73164305 0.825929015625 0.7293929765625 0.8045209859375 0.7256328796875 0.7854361140624999 0.722050315625 0.7847304312500001 0.7106276015625 0.7761909734375 0.7064675609375 0.79502605625 0.7012962828125 0.8334474921874999
0 0.8599514484374999 0.85694196875 0.858137321875 0.8212204484375001 0.8444004140624999 0.8059052328125 0.8263813796875 0.8006166671875 0.8229164015625001 0.8045720718749999 0.8267561421874999 0.8364894765625 0.8284278468749999 0.8662406031250001 0.84003268125 0.8889623500000001 0.8492730984374999 0.8891882125 0.8599514484374999 0.85694196875
0 0.909510634375 0.8253974812499999 0.9200659796874999 0.8242880703125 0.9297502203124999 0.8148907046874999 0.9397883765625 0.7719380890624999 0.944265440625 0.7499202109375 0.942138896875 0.7296875 0.8979979437500001 0.7296875 0.8976360624999999 0.7308796921875 0.8907780359374999 0.7579361125 0.89234328125 0.7912896500000001 0.89568525 0.8184710765625001 0.909510634375 0.8253974812499999
0 1 0.76325255 0.991173290625 0.763589465625 0.9809426140624999 0.764664753125 0.968970178125 0.7794494796875 0.9612634765625 0.796968534375 0.9620480765625 0.8120037796874999 0.9551708968750001 0.822274628125 0.942702175 0.8323375015625001 0.9372736859374999 0.8488214390625 0.9339981484375001 0.8706487734374999 0.9361487234375 0.8911101312499999 0.9414897468750001 0.9040751390624999 0.9527531671875 0.9203960234374999 0.96339741875 0.9232556125 0.9752445937499999 0.914849403125 0.9901569562500001 0.9053253609375 0.9982748515625 0.9068591421875001 1 0.9083507531249999 1 0.76325255
0 0.23141822343750001 1 0.231381521875 0.9988557859375 0.2256553765625 0.9930185046875 0.21695117343749998 0.994518728125 0.21546040937500002 1 0.23141822343750001 1
0 0.27721563125 1 0.2751459453125 0.9936705828125 0.271072534375 0.9905864687499999 0.256515628125 0.9915310843749999 0.2534767203125 0.998289609375 0.253826034375 1 0.27721563125 1
0 0.52676413125 1 0.531700965625 0.9959743046874999 0.5384433171875 0.9952656546875 0.542764990625 0.9942260515625 0.5491422218750001 0.9900435296874999 0.549517040625 0.9806381390625001 0.545973009375 0.9663762609375001 0.5446293890625 0.9600783609375 0.5438662984375 0.956060940625 0.5384212671874999 0.943169615625 0.5307381203125 0.9316842781249999 0.5234152390625 0.93011244375 0.51774509375 0.931293775 0.5137508359375 0.9451772078125 0.520212071875 0.9515226 0.5233301328125 0.9617316265625 0.5189756046875 0.965701553125 0.5145553781250001 0.975532134375 0.5137825859375 0.98439398125 0.51441911875 0.993693075 0.5155496875 1 0.52676413125 1
0 0.58905349375 0.974141190625 0.5896717265625 0.9670517140625 0.586277403125 0.9574571015625001 0.5807715171875001 0.9439867984375001 0.5740948703125001 0.9388347937500001 0.564257609375 0.9392833578124999 0.559317703125 0.9474124328125001 0.5580252359375 0.9545727765625 0.5622715031250001 0.972273090625 0.5698329453125 0.9826004749999999 0.5714856828125 0.9853536374999999 0.573442684375 0.991001696875 0.5780966265624999 0.9963662953125001 0.5845018578125 0.995693078125 0.588215 0.9888636875 0.5885898218750001 0.979458296875 0.58905349375 0.974141190625
0 0.615424065625 0.9526375406250001 0.6145392703125 0.9474621624999999 0.6129193859375001 0.9417786687499999 0.6034569453125 0.9328218406250001 0.598095915625 0.930458434375 0.5925754796875 0.9363070296875 0.5933008656250001 0.949694409375 0.5966014875 0.96164036875 0.6008854578125 0.969970728125 0.6083580484375 0.9762098234375 0.613995340625 0.9779588203125 0.6173993671875 0.9746741671875 0.6166131265625 0.9607078093749999 0.615424065625 0.9526375406250001
0 0.63235049375 0.9385656296875 0.6295646984375 0.9347608046874999 0.6263480828125 0.9333427593750001 0.6225509359375 0.9296442328125 0.622152965625 0.9291006859375001 0.6175221750000001 0.9336850265625 0.6187112359375 0.9417552984374999 0.6209725046875 0.95029825 0.62682035625 0.9572934890625 0.6282296796875 0.9577307375 0.6344852046875 0.9523902578125 0.6344292031250001 0.9453716468750001 0.63235049375 0.9385656296875
0 0.480682059375 0.9552426374999999 0.46716038125 0.9544245421875001 0.4634064984375 0.9570583718749999 0.46056115468750003 0.9640752765625 0.455873453125 0.9748686718749999 0.44981297812500004 0.9683399515625 0.4470168671875 0.9587809921874999 0.4418875375 0.9611115328125001 0.43589489375 0.968011375 0.4343784390625 0.9748886062500001 0.43246557656249995 0.982255359375 0.4331173796875 0.9884568437500001 0.4339328015625 0.991953990625 0.43766273437500003 0.993353384375 0.441299553125 0.9938668515625 0.44572918437500003 0.9934012796875 0.4509755734375 0.9879234406249999 0.45211823281249996 0.9860119171875 0.4566170328125 0.99046549375 0.45983349687499997 0.9955017078124999 0.46941506562499996 0.9971817828124999 0.47948749218750003 0.9907488515624999 0.486902140625 0.9845952625000001 0.489468140625 0.9749205812499999 0.4909619875 0.963567159375 0.48755929218749994 0.95675909375 0.480682059375 0.9552426374999999
0 0.327639265625 1 0.3271800234375 0.9956306046875 0.3281935921875 0.9929290484375001 0.330389334375 0.989130103125 0.331133134375 0.9838618718750001 0.3266761453125 0.978491509375 0.31858785 0.97869286875 0.31524365625 0.9839100328124999 0.31728523124999997 0.9940755625 0.3161194328125 0.9984150109375 0.3098549796875 0.997451540625 0.3064944078125 0.9994266421875 0.3065546703125 1 0.327639265625 1
0 0.3964158140625 1 0.3979658640625 0.9901369828125001 0.4024912609375 0.9899857234375 0.4077768375 0.98780829375 0.40975290937500003 0.9850055734375 0.41338324687499994 0.9855971453124999 0.41765525468750003 0.986121275 0.4199010921875 0.985885228125 0.4220293921875 0.981444615625 0.422283753125 0.974605934375 0.421676775 0.9688309203125 0.42030962031249997 0.965082075 0.4141636734375 0.9621598765625 0.4082364296875 0.9644047468749999 0.40695309375 0.9645396312500001 0.40028398750000005 0.9597261500000001 0.393833584375 0.9600797359375 0.38805856875 0.9606867140625001 0.38128733125 0.9610740218749999 0.37721765 0.9624748984375 0.37600078593749997 0.9694147421875 0.3805762828125 0.9728263765625 0.39133241406249997 0.9733177546875 0.395874190625 0.9764085578125 0.3965996765625 0.9802248453125 0.3947584890625 0.984310903125 0.391617590625 0.98528978125 0.3853695125 0.987568371875 0.38403510937499996 0.9903036500000001 0.38388191250000003 0.9981048343750001 0.3854547546875 1 0.3964158140625 1