0 0.646374503125 0.5640668453125001 0.648423709375 0.5429928937499999 0.6249534203125 0.535707471875 0.6045913578125 0.539866384375 0.577593546875 0.5504538906249999 0.5545780734375 0.55829534375 0.546323509375 0.57036941875 0.5448689578125 0.5796875 0.6285538625 0.5796875 0.630447371875 0.57782881875 0.646374503125 0.5640668453125001
0 0.70869049375 0.2962782015625 0.7124470484375001 0.3013060609375 0.7096696921875 0.3059158671875 0.709361825 0.312065509375 0.7189335265625 0.3193799578125 0.7382565515625 0.30770259218749996 0.7577267437499999 0.295512 0.77203505625 0.28739550625 0.7900269375 0.2720038921875 0.7851438468749999 0.25560723125 0.767131984375 0.2459990171875 0.764614634375 0.23527954062499998 0.7514703218750001 0.2226236796875 0.73833266875 0.21830109375 0.728149415625 0.217602790625 0.7105857109375 0.21478817656250002 0.7027615390624999 0.2114337828125 0.69213013125 0.20394187968750002 0.6795811390625001 0.19756639375 0.6670343640625 0.1939686640625 0.6475575124999999 0.1978259796875 0.6434346718749999 0.209418534375 0.6356216031249999 0.21995293437500002 0.6248607921875 0.23519632656249997 0.6291552234375 0.253645890625 0.65003066875 0.28403224531250004 0.6674472 0.3023339234375 0.6785668359375 0.30198760468749997 0.6822821640625001 0.29265641875 0.6864030640625 0.28988738281250004 0.6974393671875 0.2905568234375 0.7008158140625 0.29110914375 0.702434825 0.2919892484375 0.705975165625 0.2934202859375 0.70869049375 0.2962782015625
0 0.62196349375 0.487639053125 0.66105548125 0.468300159375 0.6815536062499999 0.44973923125 0.6926020859375 0.42513611406249996 0.71721639375 0.38664935312500004 0.73947161875 0.35081868437499997 0.7379777625 0.3281733515625 0.7024021968749999 0.315750525 0.6647618750000001 0.3049573359375 0.6343570640625 0.2995714453125 0.6191568796875 0.29965625625 0.5990869296875 0.300010959375 0.5951156937500001 0.3166458046875 0.57150711875 0.3209846421875 0.5510134343749999 0.34510108906250003 0.5377508171875001 0.3690693140625 0.5373248625 0.3900533 0.5417686796875001 0.410767396875 0.544745284375 0.4421692640625 0.55908468125 0.47294139062499996 0.5895050328125 0.49777159375 0.62196349375 0.487639053125
0 0.54359905 0.48516368749999994 0.5316453765625 0.485068575 0.529881615625 0.49400503906250004 0.541692565625 0.50016889375 0.5537845203125 0.4886397484375 0.54359905 0.48516368749999994
0 0.5055238953125001 0.48424345156250004 0.52204634375 0.4767618515625 0.5177563546874999 0.46386780625 0.5035863265625 0.4603600390625 0.4971021828125 0.4718309265625 0.5055238953125001 0.48424345156250004
0 0.5021857234375 0.55438056875 0.5131181234375 0.56917929375 0.5323006453125 0.5663484265625 0.5364190468750001 0.54920035625 0.5212122 0.5409518921875 0.5086698671875001 0.54290968125 0.5021857234375 0.55438056875
0 0.5160370015625 0.528359440625 0.5294623234375 0.5233223 0.52723930625 0.511576371875 0.5145475875 0.5112696265625 0.508656546875 0.5262431296875001 0.5160370015625 0.528359440625
0 0.6169732046874999 0.5217552703125 0.62450304375 0.526136115625 0.6531218921875 0.5126808859375 0.638204934375 0.49785045625 0.6275801875 0.49869182968750003 0.6160791125 0.51094583125 0.6169732046874999 0.5217552703125
0 0.56226720625 0.9357157234375 0.5519941265625 0.9265816984375 0.53851621875 0.9222012796874999 0.5234297671875 0.926642021875 0.5173989453125001 0.9316166671874999 0.5179332078125001 0.9425993296874999 0.5282062890625 0.9517333546875 0.5531248265625 0.95475311875 0.561739465625 0.9536135046875 0.5680435609375001 0.947685840625 0.56226720625 0.9357157234375
0 0.6492203421875 0.8636996281249999 0.64306516875 0.8562620843750001 0.6281276296875 0.8473376109374999 0.6194819078125 0.8453741812500001 0.6032712671875 0.8505239421875 0.5996876265625 0.8598101281250001 0.602333615625 0.8698512515625 0.62581133125 0.8843187109375 0.6520962359375 0.8825733859374999 0.6566985140625 0.8761577359375 0.6492203421875 0.8636996281249999
0 0.5929785984375 0.8196391765625 0.5944146875 0.80924974375 0.5903468578125 0.8019111859375 0.5793493093750001 0.7972146578125 0.5727287953125 0.7960877703125 0.5657990765625 0.798729803125 0.5603896500000001 0.8095229296875001 0.562722478125 0.820221565625 0.5606834171874999 0.8219514218749999 0.5458121671875 0.820001709375 0.532875196875 0.8193781546875 0.5205463421875 0.8220150421874999 0.5113679953125 0.832498965625 0.5094234281250001 0.8419710765625 0.5130824171875 0.8507354359375 0.5263183015624999 0.8583883453125001 0.539554184375 0.8660412531249999 0.5609463109374999 0.866774734375 0.56512406875 0.865658140625 0.572976253125 0.85710849375 0.5796173484375 0.8366388312499999 0.5792136546875 0.8326654937500001 0.588187578125 0.82289446875 0.5929785984375 0.8196391765625
0 0.200291771875 0.5657660718749999 0.2179770140625 0.5630789968750001 0.220697125 0.556697521875 0.213355775 0.545043825 0.20063637499999998 0.5366222953124999 0.1909231609375 0.533240290625 0.176844615625 0.5357679921875 0.169853325 0.5415215109375 0.16998127968750001 0.553493953125 0.174126325 0.5576664640625 0.17925210625000002 0.5615234078125 0.200291771875 0.5657660718749999
0 0.3645436484375 0.464861228125 0.3827352515625 0.463512925 0.3864041078125 0.453822775 0.3825433203125 0.44555426093749995 0.37444334218750003 0.4396509046875 0.3573266203125 0.434145978125 0.3512520890625 0.43359770781250007 0.3440706875 0.4369095625 0.3410663203125 0.4473870375 0.3417627953125 0.4511674734375 0.34223716875 0.44951313437499996 0.3645436484375 0.464861228125
0 0.302435 1 0.3048004015625 0.9965440078125001 0.30366303281249996 0.982111025 0.28633207031249996 0.9707933703125 0.2739328546875 0.982755484375 0.2734701859375 1 0.302435 1
0 0.22550243281250001 1 0.227757071875 0.998433828125 0.226611678125 0.97482909375 0.22292301406249998 0.9582538546875 0.213132196875 0.951919671875 0.20305680312500002 0.963137446875 0.1964020125 0.9845055140625 0.2016914875 0.9881382750000001 0.215335659375 1 0.22550243281250001 1
0 0.1477817953125 1 0.152322575 0.996552921875 0.1705639046875 0.97709655625 0.1754555375 0.95451756875 0.192356090625 0.9452568765624999 0.204446659375 0.923331465625 0.1977677984375 0.9171842796874999 0.18246805625 0.9135024921875001 0.1688989078125 0.916665025 0.1579867671875 0.9142413609375 0.1426790015625 0.901387821875 0.1313525015625 0.8967293140624999 0.11479315625 0.9103199015625 0.1155241875 0.9316897921875 0.11944835000000001 0.9603233796874999 0.1172543125 0.9808545203125 0.1177578703125 0.9993378156249999 0.11865692187500002 1 0.1477817953125 1
0 0.13896626875 0.8572973265625 0.1273636828125 0.8370421234375 0.112397128125 0.8285184781250001 0.096504159375 0.83242535 0.08339798281250001 0.850532828125 0.08078958281250001 0.8688291265625001 0.0884109046875 0.880889296875 0.11154339531249999 0.8811743515625 0.12317051875 0.886624403125 0.1392178125 0.887699178125 0.13896626875 0.8572973265625
0 0.222314684375 0.8628582 0.2233142484375 0.8483326296874999 0.21830935 0.8271479109375001 0.21094806875 0.8123409359375 0.19616037656250002 0.7939937859375 0.1867759 0.78072269375 0.17022505000000002 0.7611646249999999 0.16002789374999998 0.7617673500000001 0.14991191406249998 0.7694467734375 0.13249930625 0.793372828125 0.1368217828125 0.8058977546874999 0.13918619062499998 0.808691765625 0.142322215625 0.836394015625 0.1463360453125 0.8389556468749999 0.16031955312499999 0.8380279578125001 0.174871746875 0.8443167578124999 0.177097878125 0.8604726234375001 0.17580571250000002 0.8833784 0.18998413281249998 0.8909707078125001 0.2007419484375 0.8884127234375001 0.21318175 0.8799889578125001 0.222314684375 0.8628582
0 0 0.911463134375 0.0011048203125 0.9369690546875 0.006223454687499999 0.9595970703125 0.019272528125 0.961928146875 0.026756040624999998 0.945029765625 0.0313390265625 0.91248748125 0.02416463125 0.8970287515625 0.0163970109375 0.889158684375 0 0.9031040171875 0 0.911463134375