0 0.590625 0.11999215625 0.5928499359375 0.12594586562500001 0.5977516875 0.1335669109375 0.601307040625 0.1391451578125 0.6096152953125 0.13758677187499999 0.6165568968749999 0.141128803125 0.6222356890625 0.1376043296875 0.6243160484375 0.119238884375 0.6235997703125 0.10895475624999999 0.620842996875 0.09686235625 0.6118393609375 0.0868806890625 0.6034893109375 0.0909509265625 0.5925737765625 0.10106187656250001 0.590625 0.110475834375 0.590625 0.11999215625
0 0.61538603125 0.2055733578125 0.605331125 0.1995150859375 0.597906321875 0.20131019218750001 0.590625 0.2067199 0.590625 0.23447674062499999 0.5910319109375 0.2352114109375 0.5962484 0.235768146875 0.6101296765625001 0.22519034062499999 0.6153664203125 0.2186038609375 0.61538603125 0.2055733578125
0 0.590625 0.3478166546875 0.5935051296875 0.347308821875 0.597690603125 0.344645740625 0.6024644 0.33625318437499996 0.6050298875 0.33021246875 0.6058487218749999 0.3165551 0.590625 0.313618634375 0.590625 0.3478166546875
0 0.5945284328125 0.27988116875 0.590625 0.2850957984375 0.590625 0.2936253109375 0.59219538125 0.29565585625 0.5995574921875 0.2976285265625 0.6004827390624999 0.2953533953125 0.6029639953125 0.28844909687500003 0.6009861921875 0.2828730453125 0.5945284328125 0.27988116875
0 0.6010693171875 0.4334851125 0.599735703125 0.4303241546875 0.5933053593750001 0.426420559375 0.59416201875 0.4232234609375 0.5937212093750001 0.419055678125 0.590625 0.41791683749999997 0.590625 0.45 0.5970864984375 0.45 0.5980682093749999 0.44701056093749997 0.600170921875 0.43916313125000006 0.6010693171875 0.4334851125
0 0.6021641062499999 0.3770831171875 0.602808 0.37351749375 0.602792725 0.370086759375 0.6007011953125 0.368591796875 0.59354908125 0.3685444703125 0.590625 0.3685772484375 0.590625 0.39340871875 0.5936768796874999 0.3913191546875 0.5978293859375 0.387447609375 0.600004384375 0.38398073125 0.6021641062499999 0.3770831171875
0 0.9484196984375 0.48202846718750003 0.9533832 0.47585643125 0.952127103125 0.46201625625 0.936268415625 0.45326573281250004 0.9197031250000001 0.453328278125 0.9174525250000001 0.46172763437500003 0.9146392734375001 0.4722268265625 0.9293726609374999 0.485177028125 0.9484196984375 0.48202846718750003
0 0.7345318515625 0.5515012109375 0.778326478125 0.560985346875 0.7877780234375 0.5627676796875 0.8232900031250001 0.5722830859375 0.82502155 0.5719968546875001 0.8560018875000001 0.56754460625 0.874255128125 0.5611825453125 0.8822630281249999 0.5498246515625 0.8842824734375 0.5361119624999999 0.8571970906249999 0.5198520531249999 0.8323491578125 0.5199458703125 0.8150772640625 0.52882148125 0.795092475 0.5354697749999999 0.7720196859375 0.54129064375 0.7485282 0.5424981203125 0.7345318515625 0.5515012109375
0 0.7155991015625001 0.9076576390625 0.7543455875 0.9113256281250001 0.7667979328125 0.9019088203125 0.7730306796875 0.884823878125 0.75829729375 0.8718736765624999 0.7220351140625 0.8651580546875 0.7052822734374999 0.86592054375 0.6863224296875 0.8810956750000001 0.6983429218749999 0.8918185578125 0.7155991015625001 0.9076576390625
0 0.7517097859375 1 0.7539047609375 0.9918082437500001 0.7503980640625 0.9863674250000001 0.7212496296875 0.9778069281249999 0.7101101328125 0.9823241093749999 0.7113226328125 0.990151 0.7394142593749999 1 0.7517097859375 1
0 0.8257149984375 0.5879368640625 0.7978794140625001 0.5744767421875 0.7588475875 0.5842735984375 0.740594346875 0.590635659375 0.7507393328124999 0.6083580015625001 0.7993099031249999 0.612370046875 0.8297275921875 0.6100176421875 0.8375915375 0.6053729765625 0.8469558828125001 0.59512874375 0.8257149984375 0.5879368640625
0 0.709166234375 0.8107351234375001 0.716310784375 0.8167337046875 0.7286855125 0.8206329609375 0.7534740484375 0.8261081140625001 0.765528434375 0.8246704140625001 0.7782444453124999 0.8164085046875 0.7855558078125 0.8043645906249999 0.78776471875 0.7787008671875 0.7919843156249999 0.771663096875 0.8094929093750001 0.76293498125 0.8186118671875 0.7572099890625 0.8231622749999999 0.7467601125 0.8203441 0.7355027453125 0.8121498859375 0.7268890765625 0.7974908843749999 0.720627378125 0.7753069640625 0.7228516234375 0.75467799375 0.730160178125 0.7461711046875 0.7401333765625 0.7401620515625 0.7560269890625 0.7335018437499999 0.7699957515625 0.7252476 0.7812035625 0.7177617640625 0.787366146875 0.710275925 0.79352873125 0.705803684375 0.7993318921875 0.709166234375 0.8107351234375001
0 0.38134701249999997 0.12233159843750001 0.37069865156250004 0.121583971875 0.3685529296875 0.11609597499999999 0.360959359375 0.10844637187499999 0.35296305625 0.10454910625 0.3440534921875 0.101810865625 0.334880728125 0.10005489375000001 0.33307426875 0.1090460234375 0.3357305203125 0.11712733906249999 0.333975859375 0.12367582343750001 0.3333976640625 0.1280830140625 0.3350169890625 0.1355355546875 0.3436633546875 0.13925606875000002 0.35824803125 0.1410584296875 0.36460913906250003 0.1420610171875 0.368633190625 0.1427883265625 0.382619603125 0.14232478906249998 0.39609548437500003 0.1392679296875 0.4001872046875 0.1329947265625 0.401116334375 0.1272778390625 0.3895864484375 0.11857350156249999 0.38134701249999997 0.12233159843750001
0 0.31873784843749997 0.1603009421875 0.3170709203125 0.16652200156250002 0.32211603437499997 0.17243595312499999 0.3307624 0.17615646875 0.33556018125 0.178494825 0.341957221875 0.1816126375 0.3521309828125 0.1818821625 0.36667972656250003 0.1815693015625 0.3738822328125 0.1771824265625 0.376988821875 0.16783780312500002 0.3711699796875 0.16031280312500001 0.364948403125 0.1565401421875 0.34690200937500004 0.15416115 0.3345507875 0.15751936093750002 0.3313882 0.158075678125 0.32541395624999997 0.15787861406249998 0.31873784843749997 0.1603009421875
0 0.35722042656249997 0.21237324531250001 0.36897338125 0.2067491359375 0.37310103125 0.20259115312499998 0.3696192453125 0.1953414328125 0.3568610953125 0.19122103125 0.3445257453125 0.190021378125 0.335213446875 0.1910354765625 0.3267108125 0.195775846875 0.3230577578125 0.200411928125 0.32490435156249997 0.204766975 0.338224834375 0.20903805156250002 0.34618519999999997 0.21082009375 0.3513339140625 0.2118487546875 0.35722042656249997 0.21237324531250001
0 0.3657473234375 0.2255369171875 0.3631270015625 0.21957082031250003 0.35516663125000003 0.2177887796875 0.346380734375 0.216838334375 0.3377544328125 0.2197909046875 0.33684116875000003 0.22094992656249998 0.3395851578125 0.2287038171875 0.34615766406250004 0.23116678125 0.3532565703125 0.2316651984375 0.3578070203125 0.2304279609375 0.3602836125 0.2279331734375 0.3650972609375 0.2257136640625 0.3657473234375 0.2255369171875
0 0.39653622187500004 0.067315184375 0.3910050578125 0.06214419375 0.3826084765625 0.053899839062499996 0.3908754421875 0.050581584375 0.4008015359375 0.0513968125 0.4004639765625 0.04577298125 0.39616999062499997 0.037705684375 0.390292990625 0.033825371874999996 0.3841010421875 0.029399553125 0.3780778734375 0.027785650000000002 0.37452078437499997 0.027293645312499996 0.37187764843750004 0.030274340625 0.370094965625 0.03348559375 0.368942178125 0.03778785625 0.37217604375 0.0446488640625 0.3735511109375 0.0464006578125 0.36778111406249997 0.0490046296875 0.3619267265625 0.050202640624999996 0.3569245125 0.05854572031250001 0.35932053750000004 0.070254496875 0.3624082359375 0.0793819171875 0.37052075625 0.0852445796875 0.3805847421875 0.0907079078125 0.388160034375 0.0899710109375 0.3920403484375 0.08409401093749999 0.3976498421875 0.071763615625 0.39653622187500004 0.067315184375
0 0.2594470921875 0.4085694375 0.2526690265625 0.4064028515625 0.24261530312500001 0.4086146984375 0.2354977203125 0.4168694265625 0.240085728125 0.42720942968750003 0.2561697515625 0.432570359375 0.3273738640625 0.45 0.33368112499999997 0.45 0.33885035 0.44701554843749997 0.3451388546875 0.43923948749999997 0.34571141562499996 0.43448717031250006 0.34290353281249997 0.4305811140625 0.3381340328125 0.42614944374999997 0.33388385625 0.42501061250000005 0.32407575781250003 0.42238254062499997 0.3164920859375 0.41929927187500005 0.3046988953125 0.4175409359375 0.2945403875 0.416220609375 0.2872132328125 0.4174109921875 0.2744392296875 0.41538984531249995 0.2641759359375 0.410537346875 0.2594470921875 0.4085694375
0 0.2783676265625 0.2572351859375 0.2747537015625 0.2707225375 0.282281065625 0.28439730937499996 0.2866546921875 0.290698659375 0.283950525 0.29556983593749997 0.277074653125 0.2951263890625 0.27040070156249996 0.2956696734375 0.2678276109375 0.312233790625 0.2688059703125 0.319024321875 0.262675303125 0.3262415578125 0.2554184578125 0.32896022187499996 0.24969162812499998 0.3381509171875 0.233375165625 0.34683569531249997 0.23013384218750002 0.3641533859375 0.2360687171875 0.3750698875 0.2407067375 0.3786442046875 0.2516293671875 0.3918297984375 0.2571375359375 0.3956372734375 0.2665613890625 0.40049395 0.2794970859375 0.40442637187499997 0.306363578125 0.4050968484375 0.31086215156249997 0.40397067187499996 0.3228819609375 0.39739880156249996 0.3331698375 0.383368165625 0.337793359375 0.374814465625 0.3403497109375 0.3722352484375 0.3479250515625 0.37006823906249997 0.35611452187500003 0.3638689703125 0.36803225 0.3698601921875 0.38065781875 0.366248509375 0.3766422984375 0.35164948125 0.3596118671875 0.3508166953125 0.34244199062499997 0.345283415625 0.32114614375 0.34470665 0.308139603125 0.3514804421875 0.299827428125 0.3389943171875 0.2993237515625 0.323471034375 0.3081585859375 0.311382621875 0.3233862390625 0.315462859375 0.3368278546875 0.3088056484375 0.341769875 0.3008036 0.345321325 0.2910300125 0.3456565625 0.27759676718750004 0.3383852203125 0.2681874109375 0.325162265625 0.261846453125 0.31408345 0.25794526875 0.3031212125 0.2536090078125 0.28766040312499996 0.250398921875 0.2783676265625 0.2572351859375
0 0.3876588078125 0 0.387764584375 0.004360634375 0.38967298906250003 0.0072098609375 0.38781971249999997 0.0103870734375 0.38579944374999997 0.0141875046875 0.38521497656250003 0.0163687671875 0.38859793125 0.0199470796875 0.394891234375 0.0226353109375 0.40050019687500005 0.024138228125 0.404489990625 0.02420534375 0.40942060625 0.01951483125 0.409448975 0.013176782812500001 0.40978295625000005 0.0119303484375 0.416666721875 0.0074291984374999995 0.4186482390625 0.0012805125 0.4189913515625 0 0.3876588078125 0