0 0.6318878328124999 0.5866300296875 0.6386674546875 0.5829741609375 0.6468887343749999 0.559233871875 0.641161809375 0.5451112593749999 0.6201674921875 0.53304325 0.6102231671875 0.5304622109375 0.5955963328125 0.5344882375 0.590625 0.5384117296875 0.590625 0.574235596875 0.5948101265625 0.577608275 0.6104052390625 0.58707148125 0.6318878328124999 0.5866300296875
0 0.4385358984375 0.41207522343749997 0.4434521421875 0.417182659375 0.4480802265625 0.41472107343750003 0.45115672656249994 0.4041431390625 0.44965761718749997 0.40175673593749994 0.447317340625 0.400122559375 0.439180509375 0.4018085453125 0.4385358984375 0.41207522343749997
0 0.4573788625 0.40547385625 0.4561254453125 0.41498051562500005 0.455251803125 0.4301107703125 0.464380546875 0.4381597234375 0.4692867953125 0.4332131765625 0.4708217125 0.42457288281250005 0.4719343828125 0.41463304062499995 0.469351746875 0.404457125 0.4650476390625 0.4034610359375 0.4584523921875 0.4032093828125 0.4573788625 0.40547385625
0 0.490378425 0.4301914171875 0.48064420781250006 0.4247337703125 0.4740556265625 0.431184775 0.471722015625 0.436253253125 0.47243576093749995 0.44847315468750004 0.4751100078125 0.4567036390625 0.48119139375 0.4576011703125 0.486523225 0.45730550000000003 0.492928584375 0.45474535781250003 0.4965714171875 0.44925148750000005 0.4961916421875 0.44362789375 0.4945942546875 0.43648426406249996 0.490378425 0.4301914171875
0 0.502856021875 0.4663661265625 0.4994355515625 0.4602937671875 0.49442769374999995 0.4571317640625 0.4879273921875 0.45828600625 0.483345115625 0.459774878125 0.48049430937500004 0.462137909375 0.4765308359375 0.4744407828125 0.4824814703125 0.484959115625 0.490111103125 0.490621665625 0.4968929046875 0.4903337875 0.5037596546875001 0.4813978234375 0.5040311578125001 0.4722102078125 0.502856021875 0.4663661265625
0 0.46119661875 0.4818177515625 0.467742728125 0.47969079218750005 0.47077675625 0.473436903125 0.4656214828125 0.4631390578125 0.4594484828125 0.464186953125 0.45823420625000005 0.46601824374999995 0.45693165156250004 0.473146290625 0.46119661875 0.4818177515625
0 0.457945471875 0.43677842812499995 0.453981928125 0.4353002453125 0.4493212625 0.43780245000000007 0.44884425937500005 0.44322604062500004 0.452325878125 0.45164413750000004 0.4583076109375 0.45167627968749996 0.46045670312500003 0.44603868281250003 0.45810031249999994 0.4372549796875 0.457945471875 0.43677842812499995
0 0.439635959375 0.4703660453125 0.43870989375 0.4735501328125 0.4384597 0.4768029359375 0.442718003125 0.4832039484375 0.4475062703125 0.4845313359375 0.4512757140625 0.4807116984375 0.45160863593749995 0.4757021 0.4491829140625 0.47158883749999997 0.44549017968750004 0.4675989359375 0.44140736562500005 0.4677722453125 0.439635959375 0.4703660453125
0 0.48434924218750003 0.4010988484375 0.48527906875 0.4039605625 0.48826896093750005 0.41121505 0.49176710625000003 0.4141914171875 0.49147371250000005 0.4152358953125 0.49067928906249997 0.41960700156249997 0.49169487500000003 0.42370638281249995 0.49366918125000003 0.426861490625 0.49649477812500004 0.4306891484375 0.4996137703125 0.433472325 0.5034982921875 0.43569038125 0.5091928265625 0.4376367140625 0.5124336921875 0.43690007499999994 0.5148377171875 0.4335878953125 0.5159183125 0.4291238078125 0.5167127359375 0.4247527 0.516076303125 0.4208465078125 0.5140162375 0.41645373125 0.5127930171874999 0.41463649843750006 0.5088227328125 0.4111807734375 0.5062616390625 0.41011462343750005 0.5032356296875 0.40761761874999997 0.504859675 0.40677355156250006 0.5077213875 0.40584372343749997 0.5095458453124999 0.40366900625 0.5104332515625 0.3995840703125 0.5100044546875 0.39339573125 0.5087099203125 0.3884378359375 0.5049544953125 0.3817484671875 0.498802271875 0.37741978125000003 0.493665634375 0.3771904765625 0.48734819687500003 0.3820905859375 0.4880920578125 0.38437995625 0.49247669062500005 0.3959270140625 0.48893520625000003 0.398659628125 0.48434924218750003 0.4010988484375
0 0.2989624375 0.8689148609374999 0.300774646875 0.8683260390624999 0.30564810625 0.866367896875 0.3081461984375 0.8648068984374999 0.31428131718749996 0.8605655203125 0.3154580921875 0.8549379281249999 0.3130104546875 0.85048798125 0.3101097625 0.8461852390625 0.3032543265625 0.8420434921875 0.2972671578125 0.84211554375 0.2895652765625 0.8446180375000001 0.284679203125 0.8480789156249999 0.27989062656249997 0.8533814140624999 0.279179515625 0.8573590624999999 0.280378109375 0.8625895109374999 0.285984496875 0.8675117578125 0.2889104140625 0.8688090265625 0.2942117 0.86970915 0.2966971796875 0.8696508890624999 0.2989624375 0.8689148609374999
0 0.3111972265625 0.9050281124999999 0.3132548796875 0.9021115828124999 0.31524026250000003 0.8943479609375 0.3109081453125 0.88563974375 0.30155461875 0.88305899375 0.29521189375 0.8851198703125001 0.291134428125 0.88644471875 0.2827214359375 0.8929248624999999 0.2800880078125 0.8971524515624999 0.2828533625 0.9041217828124999 0.286096996875 0.9079384375 0.2934054828125 0.9119329796875 0.2987193828125 0.9113303671875 0.30642126406250003 0.9088278734375 0.3111972265625 0.9050281124999999
0 0.327849015625 0.9531939359375 0.3302622234375 0.9482885812499999 0.32949145625 0.9459164031249999 0.3209339234375 0.9427023609375 0.31368509375000003 0.9450576484375001 0.31125927343750004 0.9514657390625001 0.3187879796875 0.9561380453125 0.327849015625 0.9531939359375