0 0.37480080781249997 0.2919540828125 0.3825775921875 0.30019670625 0.39016224374999997 0.2941626234375 0.3982710921875 0.27681861093750004 0.40164753593749997 0.26384076093750003 0.4035146375 0.2476075046875 0.398884221875 0.2344214484375 0.391734425 0.2392607796875 0.38358723125 0.2579438625 0.378471371875 0.27570072031250004 0.37480080781249997 0.2919540828125
0 0.3175881640625 0.2542175578125 0.317063971875 0.2655274875 0.3282812421875 0.2655511625 0.335968284375 0.2629369125 0.3459703328125 0.2564296640625 0.3534909421875 0.24563668125000002 0.3545907265625 0.23521276093750002 0.3333073609375 0.23693743281250002 0.3253388484375 0.2353901578125 0.3175881640625 0.2542175578125
0 0.3089870171875 0.185983834375 0.3132124421875 0.18088593125000002 0.3181980140625 0.1789086265625 0.32184948750000003 0.18450354687499998 0.3265657796875 0.19238198125 0.3364953796875 0.200261953125 0.3386265578125 0.1996156734375 0.3457017671875 0.2088266703125 0.3451278125 0.21951949218750003 0.34626803281249996 0.224200390625 0.35254616250000004 0.22648544375 0.3587488921875 0.2263731109375 0.3622126328125 0.22336791875 0.366248790625 0.21488321093749999 0.368724646875 0.206778578125 0.3756167359375 0.1917495359375 0.377140103125 0.1875641171875 0.37923588750000004 0.1778991828125 0.3792389609375 0.1674725671875 0.3796590390625 0.16241159375 0.380611528125 0.15849237968750002 0.383505928125 0.1505400828125 0.386400328125 0.1425877859375 0.3836998078125 0.1382869625 0.382636525 0.1307901375 0.3849600453125 0.12310404687500001 0.3794436 0.11872628437499999 0.3674966890625 0.1124820125 0.35653766249999996 0.11133718125 0.34900236875 0.11380842656250001 0.34626030625 0.12134218125 0.3470189171875 0.1296760890625 0.33967289375 0.1355341390625 0.33663230624999996 0.12305174375000001 0.315552871875 0.1158534453125 0.30345055 0.1204543328125 0.287122803125 0.13015312343750002 0.2895171125 0.140504340625 0.2996759859375 0.14514984375 0.311470559375 0.1518126578125 0.2963999765625 0.15675515 0.2828142921875 0.158920184375 0.27820725625 0.1676710984375 0.2791182015625 0.1755864625 0.2925084703125 0.190887859375 0.30179333124999996 0.19142334218749998 0.3089870171875 0.185983834375
0 0.7083647484375 0 0.7084880874999999 0.036626609375 0.7061561328125 0.0476020453125 0.6926826078125 0.0663464765625 0.6678947734375 0.100187159375 0.6759702640625 0.12825281718749998 0.6997648640625 0.11769902343750001 0.71172694375 0.11909681406249999 0.726280090625 0.13621792500000002 0.753615815625 0.138777190625 0.7774535859375 0.08242034375 0.7746897749999999 0.048897856249999996 0.7613457890625 0.030738820312499998 0.7533998562499999 0.0160225390625 0.741484125 0 0.7083647484375 0
0 0.8174855484375 0.162023871875 0.83411154375 0.16659721562500002 0.8540195484374999 0.15758486562500001 0.8623109453125 0.1325202171875 0.8648588125 0.09354090000000001 0.8513852703125 0.062032485937500007 0.83670258125 0.08181484375 0.8260792296874999 0.1178549265625 0.8182628609375 0.1416144453125 0.8174855484375 0.162023871875
0 0.880232459375 0.094702375 0.8995358859374999 0.0987721984375 0.9080432125 0.09595651250000001 0.91991891875 0.0884547203125 0.9280807671875 0.0751671171875 0.9240214281249999 0.0589093921875 0.9175869499999999 0.0491773109375 0.9010473265625001 0.053503553125000006 0.8867964796875001 0.0675309890625 0.881182515625 0.0920921171875 0.880232459375 0.094702375
0 0.9783474156249999 0.10380885312499999 0.9816726109375 0.094672953125 0.9771814296875 0.08417015 0.9656943796874999 0.0814672296875 0.9571870546874999 0.0842829140625 0.9467796171874999 0.0923191140625 0.944534034375 0.11219413593750001 0.9617214281249999 0.12436193437500001 0.963880646875 0.1207137515625 0.9783474156249999 0.10380885312499999
0 1 0.226635278125 0.99067074375 0.21678191249999998 0.9813377078125001 0.209767459375 0.96843620625 0.2040381234375 0.9635406828124999 0.20328987187499997 0.9566101124999999 0.20955272187500001 0.95225145625 0.2172684578125 0.952744703125 0.23295158124999998 0.9575144 0.23830511406250002 0.9624082484375001 0.24473740624999998 0.9646463000000001 0.252787003125 0.970825265625 0.262787759375 0.9812370640625 0.2696780640625 0.9998226062500001 0.275409075 1 0.27536586406249997 1 0.226635278125
0 1 0.11252201718749999 0.9924902375 0.111989690625 0.98491946875 0.1178049953125 0.9808204281249999 0.12371515468750001 0.97978586875 0.13190944375 0.9773436468750001 0.1407601390625 0.982315365625 0.14529677968750002 0.9961074218749999 0.149147928125 1 0.1478925359375 1 0.11252201718749999
0 0.0495466046875 0.600224196875 0.037804259374999996 0.6161884921875 0.03655415625 0.6377314953125001 0.034939301562500004 0.6512224578125 0.051849842187499995 0.6608970703125 0.0671824734375 0.6567985734375 0.0862734734375 0.6514282453125 0.103569325 0.6401250187499999 0.10603258125 0.624303090625 0.1011799671875 0.601418803125 0.09324932500000001 0.5906130078125 0.0839538453125 0.5889895671875001 0.06339967656249999 0.592947425 0.0495466046875 0.600224196875
0 0.13789461249999999 0.6200613640625 0.1299803578125 0.6110213718749999 0.11642648281250001 0.6192869640625001 0.11111882656250001 0.641112975 0.1187338875 0.6491641484375 0.1294761484375 0.6504342515625 0.1383413171875 0.6369424312499999 0.13789461249999999 0.6200613640625
0 0.223318240625 0.6394531109375 0.22797291249999999 0.6223711078124999 0.22969616093749998 0.6104808765625 0.22624000937500002 0.6085275234374999 0.22298145468750002 0.6031690296875001 0.22160158281250003 0.6026667984375 0.214938690625 0.6009371156250001 0.19964025000000002 0.607190965625 0.18439362343750001 0.6190269890625 0.183486665625 0.6200877078125 0.168793965625 0.617521659375 0.162182884375 0.6213741421875 0.150680675 0.6415271609375 0.153715728125 0.6474997250000001 0.162888953125 0.6480568484375 0.1745984140625 0.65023250625 0.1885688 0.649058584375 0.198124259375 0.641409871875 0.20985962656249998 0.6463766093750001 0.223318240625 0.6394531109375
0 0.43744129374999996 0.5706552640625 0.42361668906250005 0.56284186875 0.407307665625 0.5589921062500001 0.397674484375 0.5582675734375 0.3867002953125 0.561227428125 0.3744110046875 0.5706627625 0.3658143125 0.5828329250000001 0.3581504953125 0.5967334453124999 0.34913270937499996 0.612922825 0.350736078125 0.612810990625 0.3505643921875 0.619007221875 0.35528053593750003 0.6332412046875 0.36819817499999996 0.6421153234375 0.38577049531249996 0.633907434375 0.4027111625 0.6317283734375 0.41915301875 0.6251952734375 0.4307459015625 0.6148110546875001 0.44046009843749995 0.5995705625000001 0.44169748125 0.5847218359374999 0.43744129374999996 0.5706552640625
0 0.32208264999999997 0.637152671875 0.3333872640625 0.620404809375 0.3231516421875 0.6041619015624999 0.3162522953125 0.6016507453125 0.304095828125 0.600703221875 0.285315334375 0.602212640625 0.2758927015625 0.5994785 0.26873099218749996 0.5933947828125 0.2591107640625 0.5940657875 0.239054025 0.6062373109375 0.2308913859375 0.6157837984375 0.22753886250000002 0.6249947812500001 0.2271436734375 0.631805078125 0.236592209375 0.6373303078125 0.244622021875 0.6381666765625 0.2574360359375 0.6358764625 0.268423178125 0.6343121484375 0.28473220781249997 0.63816190625 0.29464070000000003 0.643854546875 0.30314341875 0.6462538703125 0.32208264999999997 0.637152671875
0 0.481229840625 0.60157085 0.47952227187499996 0.60471319375 0.4828216703125 0.61268900625 0.4861070515625 0.619154178125 0.498782284375 0.6215092734375001 0.5078881359375 0.6135319859374999 0.5159561390625 0.6006603312500001 0.5193011734375 0.5868224296875 0.5056161343750001 0.5825942515625 0.4999113984375 0.582776209375 0.4934808609375 0.5849523015625 0.481229840625 0.60157085
0 0.5342484078124999 0.6201152609375 0.5369377421875 0.6158247078125 0.538873225 0.6105070109375 0.540808709375 0.605189309375 0.5380212281250001 0.5989053578125 0.5340521046875 0.5989662578125 0.5303669859375 0.6028943703125 0.525244271875 0.61232140625 0.5317729671875 0.6207198109375 0.5342484078124999 0.6201152609375
0 0.6101667234375 0.566448128125 0.5857980203125 0.5605897265625 0.5690098828125 0.5695347390625 0.5644832171874999 0.589717490625 0.569346403125 0.6057901718750001 0.5847670578125 0.60989729375 0.5972003546875 0.6129171 0.6066883609375 0.6193815328125 0.6141567515624999 0.6220998046874999 0.61875 0.622471871875 0.61875 0.5701091984375 0.616397390625 0.569468675 0.6101667234375 0.566448128125
0 0.9410931828125 0.6326112562499999 0.966063296875 0.6207655546875 0.9910727500000001 0.5880000921875 0.9903967109374999 0.555802015625 0.9747872578125 0.5457134625 0.9487011578125 0.5549493921875001 0.9362000125 0.5779441890625 0.9238598265625001 0.617524478125 0.9410931828125 0.6326112562499999
0 0.8576984671875 0.5306414687500001 0.8335510375 0.56482248125 0.847905021875 0.5953881546875001 0.8778004890625001 0.6040656296875 0.908035753125 0.5853219390625 0.9251474828124999 0.5629034640625 0.9333385 0.532830940625 0.9228868828125 0.5047873984375 0.8975555015625 0.504381878125 0.863671834375 0.5217976640625 0.8576984671875 0.5306414687500001