0 0.357689803125 0.8407488421875 0.3781735171875 0.8395590984375 0.38659827343750003 0.8324878015625 0.3715344265625 0.8123631578125 0.3504109390625 0.80126195 0.33362174843750003 0.7914761265625 0.29294802343750004 0.7660480640625 0.28822826562500004 0.7757250015625 0.3009269984375 0.7938975046875 0.3170868796875 0.8049735859375 0.3175640984375 0.810796503125 0.3139508546875 0.8250060953125 0.3130173734375 0.8405226984375 0.33201959531249997 0.8593738359374999 0.3633849421875 0.8698801703125 0.374326903125 0.8576478406250001 0.363759921875 0.8453066296875 0.357689803125 0.8407488421875
0 0.47091415000000003 0.6460119515625 0.4480443671875 0.618087128125 0.441030296875 0.61546473125 0.42661670156250003 0.6212122640625 0.428433796875 0.62768868125 0.436716946875 0.64131178125 0.45681520468750003 0.65111435625 0.47091415000000003 0.6460119515625
0 0.47308527343750006 0.600752396875 0.47693188906249995 0.58266365 0.467075484375 0.5722661984374999 0.4428867703125 0.5708503046875 0.4416281671875 0.5734308218749999 0.437466909375 0.5921646984375 0.46631505000000006 0.6078320671874999 0.47308527343750006 0.600752396875
0 0.5098285812500001 0.53561946875 0.5071488140625 0.5343124593749999 0.48579195625000005 0.527090403125 0.46924661562500003 0.5270066453125 0.45711685468749996 0.5314722953125 0.45727941562499996 0.5379403375 0.4894366296875 0.553624459375 0.5091284765624999 0.5472569218750001 0.5098285812500001 0.53561946875
0 0.5615335078125 0.46021473281249997 0.5447443187500001 0.4504289078125 0.5266965265625 0.44322360312500003 0.5197637421875 0.44383522812500004 0.5069233984375 0.44635711562499997 0.48991131250000003 0.454031659375 0.49591062968750005 0.46893663906249994 0.5084467953125 0.48064109843749997 0.5269717984375 0.49366931718749996 0.5493538890624999 0.502190009375 0.559199815625 0.49900624374999997 0.5662846890625 0.49128144375 0.5687206125000001 0.48288638749999996 0.568162121875 0.4738294515625 0.5615335078125 0.46021473281249997
0 0.5831027859375 0.4363952078125 0.5938113765625 0.42804202656249996 0.5915878718750001 0.4053954984375 0.5680179812499999 0.38910812968749997 0.561003915625 0.3864857328125 0.5464277531249999 0.3857652203125 0.5333540453125 0.392166259375 0.522016146875 0.4018096953125 0.523051859375 0.416689546875 0.5317309375 0.4329015328125 0.5485201234375 0.442687359375 0.5722421 0.451861553125 0.578697678125 0.445427015625 0.5831027859375 0.4363952078125
0 0.657292853125 0.1543188359375 0.6339836531249999 0.1391597078125 0.629763371875 0.146198465625 0.6341093390625 0.15665716406250002 0.63411430625 0.1631033828125 0.6181865296875 0.1667062953125 0.5985972796875 0.174588134375 0.6019364015625001 0.1887252796875 0.61458849375 0.2047513359375 0.6285461328124999 0.2164865390625 0.6520382859375 0.2264282421875 0.6727214906250001 0.23083041093749998 0.6942236125 0.2303253375 0.704350534375 0.22086078750000002 0.7058390328125 0.2113525109375 0.7007363859375 0.18953239375 0.6915341749999999 0.18580227031250002 0.6807949484375 0.1771529765625 0.6679213140625 0.16480933749999999 0.657292853125 0.1543188359375
0 0.7289628734375 0.1316595171875 0.7361265375 0.110515425 0.7297233265624999 0.0994323828125 0.7091844953125 0.08827778750000001 0.6644067875 0.06871251874999999 0.659998578125 0.074522475 0.6372631078125 0.07594219375 0.6386320859375 0.10541745 0.6376687890625 0.11707712031249999 0.6320658140625001 0.125336721875 0.6649144921875 0.1451485625 0.6838005640625 0.1467789796875 0.706844678125 0.157639296875 0.7172466328125 0.1653659984375 0.740362934375 0.1728501015625 0.7494394640625 0.1590827734375 0.7289628734375 0.1316595171875
0 0.70110864375 0.041885682812500005 0.6835281109375 0.0359644125 0.6711846515625 0.0322183875 0.6583931515625 0.029390975000000003 0.64953318125 0.0330296625 0.6566495140625 0.0474928890625 0.663910225 0.0552036921875 0.6817558390625 0.06542376718750001 0.7035666015625 0.077198725 0.723281540625 0.0868143421875 0.7364488921875 0.0920993515625 0.7450537171875 0.09705429531250001 0.76417126875 0.1078947375 0.782238421875 0.114432396875 0.79543938125 0.11480618281249999 0.8044437234374999 0.10441506874999999 0.8015240078125 0.10071674687500001 0.7926926765625 0.0929979953125 0.7806429359375 0.0821933359375 0.7668010375 0.0750631453125 0.737397859375 0.059485703125 0.70110864375 0.041885682812500005
0 0.3235537890625 0.9076314812499999 0.32959604374999996 0.905940640625 0.3393734046875 0.9049120703125 0.3451068109375 0.89553409375 0.345711628125 0.8859736609375 0.33350072656249996 0.8765396203125 0.32132429375 0.8706007781249999 0.305207321875 0.8667981203125 0.2961152125 0.8664217171875 0.29100960625 0.8685693921875 0.285767503125 0.8805059171874999 0.2877097421875 0.88840998125 0.27260985 0.8932196171875001 0.26006850625 0.8975379468750001 0.25755591875 0.9026895140625 0.25719100625 0.9129466890625 0.264981553125 0.92312343125 0.27507925312500003 0.9309470609374999 0.2905339546875 0.9384848234375 0.300368765625 0.94328158125 0.314372534375 0.9454738296875 0.3266395015625 0.9369635609375001 0.33005426718750003 0.92877363125 0.330682065625 0.9215433281250001 0.3235537890625 0.9076314812499999
0 0.5452530765625 0.34117308749999997 0.5396050203125 0.34910239375 0.549323609375 0.354732803125 0.565462434375 0.35815254687500003 0.577654253125 0.36053754531250004 0.5869691031250001 0.361519353125 0.59600374375 0.3703775265625 0.6161425140625 0.3801998625 0.6243167390625 0.3743929875 0.6260177875 0.365428934375 0.621596459375 0.352588459375 0.6121404359375 0.33729240312500003 0.6293140078125 0.33676514062499996 0.637856678125 0.33202830625 0.65446769375 0.3107489078125 0.6604312546875 0.29852179687499997 0.6655873406249999 0.27699748125 0.664078271875 0.2691387609375 0.6510436859375 0.2538779953125 0.637746534375 0.248282878125 0.6235205171875 0.2573704578125 0.6035935015625 0.2690194984375 0.5860867796875 0.27205528437500004 0.571598196875 0.2908085109375 0.5892990296875 0.307454821875 0.5848268921875001 0.325751371875 0.56012775 0.32527918125 0.5558828859375 0.33033151875 0.5452530765625 0.34117308749999997