0 0.5039096625 0.8034391062499999 0.49366197500000003 0.7802404984375 0.481258984375 0.7723004312499999 0.4679450796875 0.778274928125 0.4614165328125 0.7879121312499999 0.4518715765625 0.8105052171875 0.450866109375 0.8148238453125 0.44688897499999997 0.8579115093749999 0.46802055937500003 0.8667689890625001 0.48087453125 0.8651704578125001 0.49238061718750004 0.8501573390624999 0.5009201015625 0.83188288125 0.5020520359375 0.8106177046875 0.5039096625 0.8034391062499999
0 0.4891877765625 1 0.49137382343749997 0.9912215796874999 0.4854349703125 0.9849245078125 0.47130644843749997 0.98028794375 0.4618718015625 0.993793665625 0.465571003125 1 0.4891877765625 1
0 0 0.3653119828125 0.0030777468749999997 0.3754494015625 0.018708103125 0.3799603484375 0.023693242187499998 0.3690117859375 0.022252582812499998 0.3608296015625 0 0.36414063125 0 0.3653119828125
0 0.152876884375 0.3802950296875 0.13734908125 0.38210474843750003 0.128912515625 0.3967059328125 0.137060415625 0.40674032968749996 0.153508903125 0.4107636390625 0.16582380937500002 0.41033711093749997 0.1775161921875 0.4012407609375 0.173995640625 0.383661953125 0.1598822875 0.3793104484375 0.152876884375 0.3802950296875
0 0.23904780468750003 0.3922200890625 0.236924990625 0.37593544218749997 0.2180221046875 0.3733750421875 0.20938043906249998 0.375334896875 0.19606850625 0.3779511390625 0.195813265625 0.38767595625 0.19585618437500002 0.3945639796875 0.2084525375 0.3987560390625 0.21983004843749998 0.3999518640625 0.23302271874999997 0.3984703390625 0.23904780468750003 0.3922200890625
0 0.40561979687500005 0.41259564062500004 0.4067360875 0.4092712109375 0.3799238296875 0.3944069828125 0.369407371875 0.3996115453125 0.3640644421875 0.41396425781249996 0.3655647296875 0.4215790828125 0.38353021875 0.42576183749999996 0.3935696234375 0.4250961421875 0.40250945 0.4202994953125 0.40561979687500005 0.41259564062500004
0 0.4324989046875 0.39763834062500003 0.42425794687499996 0.40308206718750006 0.422068284375 0.41661895156249995 0.42514520625 0.4238258609375 0.437801190625 0.4274505640625 0.45151383437500003 0.42831819375 0.45935408281249995 0.4193905953125 0.4540183703125 0.4044891375 0.4400839109375 0.3984355578125 0.4324989046875 0.39763834062500003
0 0.7577597859375 1 0.7734684015625 0.984932259375 0.71335464375 0.974304728125 0.6804634593750001 0.988085009375 0.6814183828125 1 0.7577597859375 1
0 0.7248794921874999 0.33832875156250003 0.723728425 0.3549564234375 0.7310039171875 0.3708746515625 0.7477009 0.37661734999999996 0.757951490625 0.3585534125 0.7588538265625 0.3442922625 0.7543627765625 0.3302618 0.7389384921875 0.329438196875 0.7248794921874999 0.33832875156250003
0 0.9101990093750001 0.4311816734375 0.8935946187500001 0.4302340359375 0.8792965671875 0.44707501406250005 0.878560053125 0.4597584828125 0.8841482984375 0.4747018203125 0.8877079734375 0.486241728125 0.8942179140625001 0.49809171875 0.90595541875 0.5112887046875 0.91473298125 0.518591703125 0.9282751593749999 0.5032663890625 0.9336298265625 0.48070009375 0.92252656875 0.44444067499999995 0.9101990093750001 0.4311816734375
0 0.8480612125 0.562627734375 0.85490279375 0.5713223640625 0.871580415625 0.5658972578125 0.8723072515625001 0.5476298875000001 0.87010318125 0.5402202359375 0.8657973125 0.535779896875 0.8663044546875 0.5366307546875 0.8477834421875 0.5482425515625 0.8480612125 0.562627734375