0 0.3348937765625 0.46614738281249996 0.3212313765625 0.472544490625 0.3115258171875 0.47987322499999996 0.30918647187500004 0.4871559625 0.313640953125 0.49497008437499995 0.31899629531249996 0.503352378125 0.33296226406249996 0.5005874390625 0.3475006109375 0.49724512968749995 0.3534184890625 0.4947217109375 0.36593613125 0.48947934687499994 0.3752633828125 0.4859783078125 0.3879154296875 0.47863117656250004 0.39208140937499997 0.46999816406250006 0.3898915375 0.46236117343750005 0.3836353328125 0.45341070625 0.376513021875 0.451733775 0.36164619375 0.45393053749999995 0.350163821875 0.457636303125 0.341165053125 0.46228289062499994 0.3348937765625 0.46614738281249996
0 0.2966097765625 0.4304283015625 0.2957436671875 0.43770183906250004 0.2963508015625 0.44496618281250006 0.2919907453125 0.45034887343749996 0.28668 0.46013663125 0.291109571875 0.470437371875 0.29954580468750003 0.476696496875 0.3290257171875 0.4636975578125 0.3458785015625 0.455559128125 0.3576296875 0.44764382031250005 0.367494559375 0.435723690625 0.3726958171875 0.4255540796875 0.36848523125 0.41601703749999996 0.3628014046875 0.40648919687499996 0.35337973125 0.39679342812499996 0.3455158765625 0.3899569296875 0.333291965625 0.388503125 0.31149689999999997 0.39227328125 0.293061378125 0.40003905937499995 0.2825644546875 0.40718146875 0.2832561703125 0.41731428125000003 0.2966097765625 0.4304283015625
0 0.2639453078125 0.36541033125 0.2582562625 0.379025784375 0.2607149453125 0.382453234375 0.264562290625 0.3830030125 0.2812059328125 0.3844292171875 0.29992010156250004 0.3827822359375 0.31092974375 0.369707359375 0.3126370453125 0.35764689843749997 0.3076350953125 0.34792353125000003 0.293937940625 0.346478925 0.2732129 0.35655420000000004 0.2639453078125 0.36541033125
0 0.3936799171875 0.4962826609375 0.38991864375 0.48747514062499997 0.385186084375 0.48677258593749995 0.3783348734375 0.4887371390625 0.3674619 0.49391450781249996 0.3614278796875 0.4972924109375 0.35158763125000003 0.5017617296875 0.3428892515625 0.505903625 0.337826065625 0.509375 0.394877765625 0.509375 0.3949951125 0.5066154203125001 0.3936799171875 0.4962826609375
0 0.9845383515625 0.1432959203125 0.98658838125 0.130352203125 0.9776633515625001 0.11931994531250001 0.9506588765625 0.122738796875 0.9405601734375001 0.130576903125 0.9452492937500001 0.1440593765625 0.956561753125 0.15193587343749998 0.9690579078124999 0.149588246875 0.9845383515625 0.1432959203125
0 0.7421027171875 0.133117790625 0.757054228125 0.1393330109375 0.765969234375 0.1417190265625 0.772053621875 0.13997435625000001 0.7862824453124999 0.13218754375 0.795726384375 0.122066009375 0.7935405046875 0.11157250781250001 0.783315975 0.104619640625 0.7575052125 0.1064606109375 0.7436037703125 0.11538913906249999 0.7364414765625 0.12485642187499998 0.7421027171875 0.133117790625
0 0.7265844125 0.1536302375 0.722570096875 0.1597236765625 0.722638025 0.171442284375 0.731716721875 0.17439915625 0.7480156171875 0.1709611109375 0.7544752671875 0.1647842765625 0.75017143125 0.155515884375 0.7461949796875 0.14738920312499998 0.740158475 0.143559996875 0.7286444624999999 0.1493327640625 0.7265844125 0.1536302375
0 0.6812588515625 0.1505644890625 0.682847871875 0.16184693125 0.686439040625 0.16575953125 0.69914676875 0.158408884375 0.703430559375 0.1503847921875 0.7021210359375 0.145817940625 0.6980967 0.1432651375 0.6812588515625 0.1505644890625
0 0.6408149109375 0.10970631875 0.6305198484375001 0.10916963125000001 0.6121935078125 0.11157019531250001 0.609375 0.1162935453125 0.609375 0.11844835000000001 0.61243131875 0.1241883609375 0.61101816875 0.132522546875 0.616657615625 0.1359800046875 0.6243630484375 0.14074800468749998 0.6337686031249999 0.144077025 0.6492480671874999 0.14058983593750002 0.659166975 0.129499503125 0.6630908640625 0.12107969062499999 0.65295358125 0.11225162968749999 0.6408149109375 0.10970631875
0 0.6378565593750001 0.1568598140625 0.633190653125 0.1509030875 0.624145815625 0.1458848375 0.6113994671875 0.1485883171875 0.6118002031249999 0.1573538578125 0.6143509578125 0.167723003125 0.6248386703125 0.1659843375 0.6362999234375 0.1617463984375 0.6378565593750001 0.1568598140625
0 0.8669699328125 0.08967613437500001 0.86453263125 0.09100106875 0.8589582703125 0.09666880781250001 0.8571865671875001 0.1024982484375 0.8565697453125001 0.1058053640625 0.8573691468750001 0.1206013078125 0.8609696781249999 0.1255163359375 0.868081540625 0.1284854328125 0.8663523515625 0.13555477968750002 0.8644551953124999 0.1398550734375 0.8643785203125001 0.146137546875 0.86549715 0.148947028125 0.8707522828125001 0.155265753125 0.878440540625 0.1558784 0.88736661875 0.1542579609375 0.9054655031250001 0.14969423906249998 0.91124616875 0.14365431875 0.9109527515625 0.13935611406249998 0.9092960625 0.13576184375 0.9054467140625 0.129979090625 0.9021354234375 0.124981125 0.9029160375 0.120061921875 0.9056404921875 0.11646347812499999 0.91456448125 0.1126524671875 0.9221252 0.10954539375000001 0.9224060906249999 0.1007001671875 0.919258590625 0.0940901140625 0.914043884375 0.086820725 0.901432246875 0.08104632187500001 0.8883313296875001 0.08229875625000001 0.8765553453124999 0.08598848906249999 0.87172116875 0.0876876921875 0.8669699328125 0.08967613437500001
0 0.8303713234375 0.15526290468749998 0.8292931187500001 0.1515027578125 0.8279660984375001 0.1468748859375 0.8256054734375 0.1419173453125 0.8212222421875 0.1397309484375 0.8173770687499999 0.138329340625 0.80857644375 0.14147892812500001 0.805230990625 0.1440033421875 0.8020918421875001 0.1461555765625 0.7993269625 0.150704684375 0.8013558296875001 0.15450525625 0.80297000625 0.1568596203125 0.8054539953125 0.16115573593750002 0.8100435296875 0.162969953125 0.8151690359374999 0.1633783828125 0.8227318421875 0.16246188125 0.828557109375 0.1598524390625 0.8303713234375 0.15526290468749998
0 0.5605731375 0.5611553734375 0.5494744453125 0.554736784375 0.54021371875 0.5587638390625 0.5374039078124999 0.5677990421875 0.539409653125 0.5761392015625 0.5507179125 0.5886698265625 0.5612784484375 0.5945569374999999 0.5742575203125 0.584663121875 0.57044166875 0.5713556671875 0.5605731375 0.5611553734375
0 0.4644013734375 0.6024480234375 0.476233859375 0.6127709546875 0.48943642656249997 0.6117283453125 0.490785615625 0.596254046875 0.48587255625000003 0.577774878125 0.47366272499999995 0.5634453984375 0.462382325 0.556393121875 0.45259737031249997 0.5626278703125001 0.45284872343749993 0.576957428125 0.45957189062500003 0.6004038953124999 0.4644013734375 0.6024480234375
0 0.3824751625 0.6624139546875 0.380787065625 0.6624655296874999 0.3758417578125 0.6638835750000001 0.37384942187500003 0.670509571875 0.3765600390625 0.6723271890625 0.37859190468750004 0.6734744765625 0.38106895 0.6736291515625 0.3835416046875 0.6729201296875 0.3842115734375 0.6718630609375 0.3863448515625 0.6708188749999999 0.3859835125 0.66616521875 0.3841676515625 0.663226078125 0.3824751625 0.6624139546875
0 0.154132734375 0.6642687953124999 0.15099553906250002 0.663227453125 0.1431030984375 0.6608323656249999 0.1352224828125 0.6607629937499999 0.131812209375 0.6656227125 0.1324608671875 0.6739767578125 0.1351389859375 0.68407796875 0.1365986421875 0.6929758296874999 0.14151981875 0.7070920609375 0.14753295625 0.71740151875 0.15293291874999998 0.7263340687500001 0.1593180453125 0.730325921875 0.16741619375 0.7334383890625 0.1771642859375 0.723267675 0.184317046875 0.719275734375 0.1940332484375 0.7227005984375 0.2027761109375 0.7333918749999999 0.20779468125 0.7230245953125001 0.209183375 0.7179681875 0.20968581249999999 0.7174359328125 0.2171629 0.7176210140625 0.2259573671875 0.7185928953125 0.2335889109375 0.709417278125 0.24054384843749999 0.7062584296875001 0.24730884843749998 0.7054831484374999 0.25866281406249997 0.713096596875 0.2635922296875 0.7089658234375 0.27024649218749996 0.706281378125 0.2810310015625 0.70124805 0.292507884375 0.6932989 0.297445184375 0.6907186015625 0.3124825015625 0.6875712703125 0.3232630671875 0.68176270625 0.3275753640625 0.675479784375 0.33584373749999996 0.6723325 0.34826206875 0.6707125203125 0.3632915015625 0.6660147171874999 0.3653607421875 0.6557167749999999 0.366322253125 0.6461246515625 0.3682846984375 0.634692784375 0.3710423734375 0.62070378125 0.3654327640625 0.6102786140625 0.3578173421875 0.602757703125 0.35193070937500004 0.5974583578125 0.340382865625 0.5914532375 0.3346109140625 0.5888382937500001 0.3290525546875 0.5884912109375 0.3211679953125 0.5876465984375 0.31662633906250004 0.5885607140625 0.298546796875 0.58947491875 0.29076114999999997 0.5882137625 0.2833829734375 0.587612134375 0.27438674375 0.58669810625 0.26440140625 0.5899495390625 0.26131151875 0.5982110421875 0.26285825625000003 0.604366646875 0.2703905375 0.615405053125 0.26793575937499997 0.6133916625 0.26439503750000004 0.612466028125 0.2620727828125 0.612743740625 0.259259915625 0.6158794203125 0.255968265625 0.6241987796874999 0.2564191 0.633385915625 0.2589825421875 0.6408027234375 0.255857175 0.642087090625 0.250480865625 0.6378059640625 0.24734367031249999 0.636764621875 0.23454152499999997 0.642376496875 0.22908996093749998 0.6431633406249999 0.211295321875 0.64050219375 0.2011161046875 0.64536195625 0.1934687921875 0.6514366265625 0.184986828125 0.6523160546875 0.1779211515625 0.6535657375 0.1687349859375 0.6550352765625 0.1664166734375 0.6560882265625 0.1610163578125 0.6669531546874999 0.154132734375 0.6642687953124999
0 0.11370284687500001 0.676638246875 0.118956590625 0.6766844937500001 0.1230552953125 0.6681337171874999 0.11957800625 0.6598144015625 0.1129079734375 0.6593979 0.1078638765625 0.6608442718750001 0.1039353953125 0.663135296875 0.10638415781249999 0.6678676984374999 0.1068984234375 0.6696611546875 0.11370284687500001 0.676638246875
0 0.067815378125 0.692513553125 0.0718187640625 0.7049520359375 0.07905036875 0.716464840625 0.08431593750000001 0.7188368015625 0.0923072921875 0.7208153390625001 0.10027105 0.71736721875 0.1028506140625 0.7080874953125 0.099559315625 0.6966093765625 0.0909153640625 0.68550155625 0.08996997343749999 0.6783971484375 0.0927473609375 0.6682843328125 0.0922054984375 0.661064215625 0.0868213078125 0.6552326171875 0.0809662125 0.65613516875 0.0711708125 0.6570030359375 0.0666488671875 0.6617933359375 0.070066671875 0.6782815703125 0.06656143125 0.684333071875 0.067815378125 0.692513553125
0 0.042595256250000005 0.6799479296875 0.0452457828125 0.684622478125 0.0482880078125 0.68685560625 0.052426137500000004 0.6860571984375 0.058241807812500004 0.6774022734375 0.05607795 0.669094521875 0.0486800640625 0.66461670625 0.046955215625000005 0.663170378125 0.042239390625 0.669569009375 0.042595256250000005 0.6799479296875
0 0.015254290625 0.68739964375 0.0196891515625 0.6853515984375 0.02135880625 0.6759446046875001 0.0144515296875 0.668608821875 0.013462421875 0.6727742828125 0.013624409374999999 0.68476153125 0.015254290625 0.68739964375
0 0 0.7555144640625 0.007431748437500001 0.7583512625 0.019964759375 0.7594156859375001 0.025167253125 0.74938385 0.028945571875 0.7374312859375001 0.0303898109375 0.723430721875 0.027300278125 0.7118947484375 0.0212871390625 0.7015852890625001 0.0127657515625 0.6947123453125 0.00122185 0.689482459375 0 0.6889389078125 0 0.7555144640625
0 0.46730070156250003 0.6637435125 0.48112667187499997 0.6608775625 0.4826693296875 0.65604088125 0.480825821875 0.6496118078124999 0.4783055703125 0.6433767890625 0.474289953125 0.64086630625 0.46936113125 0.6441105953124999 0.4642879890625 0.6481286546875 0.45636355 0.6536966984375 0.46067513125000004 0.662347615625 0.46406129687500003 0.6639400078125 0.46730070156250003 0.6637435125
0 0.6298701046875 0.8839210124999999 0.622726675 0.9018571015625 0.6226693390625 0.9209388328125 0.63963519375 0.9372576109375 0.6561225859375 0.9240564640625 0.6695101890624999 0.9043298875 0.678095046875 0.8785661953125 0.6725013453125 0.852631409375 0.6503947671875 0.8483785390625 0.6378618281249999 0.8668008625000001 0.6298701046875 0.8839210124999999
0 0.6459299984375 0.8242384015625 0.636930384375 0.7992802453125 0.6179363375 0.7973124203124999 0.609375 0.8114896437500001 0.609375 0.8647592812499999 0.61745820625 0.8620596781250001 0.633939228125 0.850978725 0.6459299984375 0.8242384015625
0 0.9178856390625001 0.5407748984375 0.9233006296875 0.5318078953125001 0.9256222031249999 0.51419526875 0.9200145125000001 0.509375 0.8991050156249999 0.509375 0.8989616687499999 0.5154849578125 0.9042938406250001 0.5340804546875 0.9178856390625001 0.5407748984375
0 0.8517637296875 0.556557503125 0.8461381734375 0.5412236781249999 0.8356971296875001 0.5240931234375 0.8141645765625001 0.517557290625 0.810988340625 0.536474171875 0.82169728125 0.5588238203125 0.841520509375 0.5679681624999999 0.8517637296875 0.556557503125
0 0.8644307843749999 0.58787831875 0.8536581359375001 0.5867305921875 0.8365712390625 0.610695475 0.82910894375 0.6403740078125 0.8381021875 0.6674523578125 0.8463235859375 0.6682724578125 0.8628237203125 0.6508309265625 0.8714404312499999 0.614466271875 0.8644307843749999 0.58787831875
0 0.7787280640625001 0.6082164453125001 0.8030797671875 0.6202989999999999 0.8085266125 0.6007310328125001 0.7932891953125 0.5754431703125 0.7674642125 0.5817891828125 0.7787280640625001 0.6082164453125001
0 0.7018204328125 0.5328245296875 0.694696115625 0.544400040625 0.7059663390625001 0.5687071109375 0.7190032234375 0.5713239421874999 0.7221667203125001 0.5566474453125 0.717957109375 0.5419667890625 0.7018204328125 0.5328245296875
0 0.7685361421875 0.6969327468750001 0.7640522609375 0.6791531875000001 0.7598426500000001 0.6644725296875 0.7425324484375 0.6683769671875 0.7438719453125 0.6944724453125 0.7563348078125001 0.699372240625 0.7685361421875 0.6969327468750001
0 0.7219631890625 0.7187607890625001 0.71834034375 0.69755678125 0.714443228125 0.6732538734375 0.7077205921874999 0.6455244359375001 0.7004239343750001 0.620077965625 0.6854735265625 0.593648621875 0.6664731109375001 0.5938009890625 0.66155569375 0.6259273390625 0.6764933578125001 0.65659706875 0.6792997640625 0.666384171875 0.6817745656249999 0.6921541062500001 0.6921646421875 0.7262462015625 0.7051633046875 0.7415841875 0.7162165921875 0.7437106203125 0.7219631890625 0.7187607890625001
0 1 0.509375 0.9826379203125001 0.509375 0.982350971875 0.520733246875 0.981929390625 0.5377645796875 0.9771217109375 0.5464378609375 0.9770427015625 0.55541310625 0.9707075187499999 0.5691664750000001 0.9641361140625 0.5647508265625001 0.9541428 0.5530269578125 0.9467445171875 0.553822071875 0.9407201421875 0.5721284015625 0.94051045625 0.5818042718750001 0.9406115796875 0.596033103125 0.9428507671874999 0.602685728125 0.9477617796875 0.6105616828125 0.9548603124999999 0.6168156453125 0.956874334375 0.6169012890625 0.960679425 0.6128260015625 0.966539146875 0.6055089375 0.9752124296875 0.6103166171875001 0.9832301187500001 0.616307015625 0.9940097 0.6261475375 1 0.625290009375 1 0.509375
0 0.624850690625 0.72303406875 0.6308914296875 0.7296113734375 0.636339346875 0.737743575 0.6434763046875001 0.7433140875 0.653624396875 0.7424815328125 0.675510953125 0.730666025 0.6764213890625 0.7265964625 0.6743561687499999 0.7181867421875 0.6724767296875 0.712839796875 0.670729121875 0.7019154109375 0.6673819015625 0.69144970625 0.6612424984375 0.6772836921875001 0.655291184375 0.66860338125 0.642579096875 0.6653239656250001 0.6266276875 0.6688592765625 0.6172134890625001 0.6722512109375 0.6107703250000001 0.675137440625 0.609375 0.6771052015625 0.609375 0.7252148703125 0.6114116390625 0.7244640640625 0.616210475 0.7230880203125001 0.624850690625 0.72303406875
0 0.97006640625 0.8415833359375 0.96509518125 0.8306380296875 0.9588538546875001 0.8200569171875 0.9529767250000001 0.81074590625 0.9484910937500001 0.8014940640624999 0.9244061390624999 0.7941968234375001 0.912069334375 0.7991088765625001 0.90736840625 0.817867578125 0.89828796875 0.8117659843749999 0.88213475 0.8113578968749999 0.8587873546875 0.816219946875 0.84879795625 0.808546284375 0.8301045374999999 0.8088665875000001 0.8228603546875 0.825147315625 0.8157284031250001 0.83223231875 0.8000638359375 0.8367240609375 0.7818499 0.8323251046875001 0.7610365906250001 0.830046034375 0.7430746187499999 0.8361129015625 0.737215825 0.8460400734375 0.7460034609374999 0.862305521875 0.738986796875 0.8634011625 0.71527215 0.8637867484375 0.701307159375 0.8742056249999999 0.7004165328124999 0.891871740625 0.700967409375 0.8985864359375 0.7061222609375 0.9117699765625 0.7217307125 0.9118760968749999 0.73467145625 0.9058745125 0.7456137078125 0.8976969234375 0.7599459484375 0.8917545109375 0.78008698125 0.8868955171874999 0.79399585625 0.881074503125 0.8132370953124999 0.8842625312499999 0.8212932859375 0.8947814171875 0.833228115625 0.9124353109375001 0.84345725625 0.9177493390624999 0.85820980625 0.908479165625 0.8566285703125001 0.8997690328125 0.8549820531250001 0.8860376734375001 0.8622384593750001 0.8825824015625001 0.8800851421875 0.8825048953125 0.8887269359375001 0.8726960671875 0.9114142812500001 0.8735214093750001 0.9238255359374999 0.8832496765625001 0.9400379265625001 0.8822662671874999 0.9595127953125001 0.8766819375000001 0.973178871875 0.870014190625 0.9746795468749999 0.857671271875 0.97006640625 0.8415833359375