0 0.274842315625 0.4278751109375 0.2619125703125 0.43848305468750004 0.24489488750000002 0.45714440468750006 0.24333352968750002 0.47588083125 0.2529634859375 0.4861069390625 0.2907076546875 0.478638225 0.3019263984375 0.47883312343749995 0.3228973125 0.488482496875 0.36084598749999997 0.5063578015625 0.3868551234375 0.49307550000000006 0.37195500937500003 0.4717318328125 0.371044646875 0.4597228203125 0.385074321875 0.4421701921875 0.382370665625 0.4148483703125 0.32250079062500003 0.40220196093749994 0.290121565625 0.4113113859375 0.274842315625 0.4278751109375
0 0.39300332031249996 0.347716428125 0.39432025 0.330523265625 0.3816748546875 0.31270066406249997 0.3554886421875 0.3093441640625 0.316739328125 0.3142807125 0.2883806859375 0.333518796875 0.310601175 0.344157071875 0.34800613125 0.3477084703125 0.37282055468749997 0.3508477 0.39300332031249996 0.347716428125
0 0.3149460328125 0.298967903125 0.31525781406250003 0.279242575 0.3108705875 0.2714288109375 0.30124063125 0.2612027046875 0.28663980625 0.2557262078125 0.27145533906249997 0.262813084375 0.2631298203125 0.2709863125 0.2705324859375 0.2863965703125 0.2870213875 0.297709028125 0.312202453125 0.2985333640625 0.3149460328125 0.298967903125
0 0.305163984375 0.20091799687499998 0.295561459375 0.19939710625 0.2861085796875 0.2058098015625 0.285647153125 0.21760154375 0.2900343796875 0.2254153078125 0.2999087640625 0.23409815156249997 0.319847103125 0.23251014374999998 0.328511834375 0.21331680468749997 0.32451868125 0.21189336406249998 0.305163984375 0.20091799687499998
0 0.40544290937499994 0.1915224625 0.40564251406249996 0.196470815625 0.4131127125 0.2020790421875 0.421518359375 0.2048853875 0.4368192234375 0.20140872187499997 0.441164296875 0.1957051546875 0.44654461875000007 0.18967388125 0.45401928125 0.18594101406250002 0.46265729375 0.1779673375 0.46743433906250004 0.1664321015625 0.4695137671875 0.1470945 0.46731962656250003 0.1423219171875 0.45628786874999994 0.140574659375 0.4446483671875 0.14266453437499999 0.434447790625 0.1449823125 0.4269731296875 0.1487151796875 0.4137100078125 0.16726480625 0.4086052578125 0.177764790625 0.40544290937499994 0.1915224625
0 0.25746611875 0.49914732500000003 0.244524653125 0.4970975984375 0.2383279578125 0.5057642171875 0.23317988125000003 0.5230389921875 0.23150283124999999 0.5336274624999999 0.23400745937499998 0.5406572109375001 0.2390167125 0.5547167078124999 0.235021375 0.5570989328125 0.2205197921875 0.5801283171875 0.213950415625 0.59114793125 0.21388100468750001 0.606815065625 0.2208121109375 0.616354915625 0.23189566250000002 0.6187133828125 0.247469628125 0.619371040625 0.2517444734375 0.61522406875 0.2571665828125 0.6076407781250001 0.2650640890625 0.6034645750000001 0.27682905625 0.6053279625 0.2913196953125 0.605211034375 0.30243795 0.5997359343750001 0.3112032125 0.5938881546875 0.3302774375 0.591482171875 0.33604299375 0.5779232265625 0.3352446453125 0.563927665625 0.32629851875 0.5594957140625 0.31462672187499996 0.557044078125 0.3025183078125 0.5611563421875 0.29124841875 0.5599743734375 0.28103262500000004 0.55594433125 0.27753784062500003 0.547551746875 0.27577856875 0.5358160109375001 0.277082940625 0.527580534375 0.2670936640625 0.5030841984375 0.25746611875 0.49914732500000003
0 0.346281284375 0.1748331890625 0.34224998125 0.167522953125 0.3341447109375 0.1625326828125 0.3213748140625 0.1612514359375 0.31364572812499997 0.16558705 0.3095290953125 0.1775372140625 0.3104959390625 0.18547404218750002 0.3176489703125 0.1917961015625 0.324232678125 0.19469211875 0.33247381875 0.1941441265625 0.34162789843749997 0.1948526859375 0.345132540625 0.1891066796875 0.346281284375 0.1748331890625
0 0.31972517968749997 0.06869776718750001 0.3048902390625 0.08747531875 0.2971005203125 0.0992143734375 0.291727334375 0.11207747500000001 0.28858090937499997 0.1249226078125 0.2961101265625 0.140570553125 0.31072723125 0.13954980625 0.3181374 0.1255267234375 0.320005940625 0.11840962656250001 0.3308780890625 0.1082707375 0.342563240625 0.109380178125 0.3515848125 0.1085851421875 0.357638496875 0.10546677812500001 0.366359121875 0.0972110328125 0.382025034375 0.091908575 0.39799526093750004 0.08702496562499999 0.40950409531250004 0.058824960937500004 0.40073292968749996 0.0533585703125 0.392606325 0.053183400000000006 0.3774771640625 0.050416525000000004 0.37018826250000003 0.049632728125 0.356845678125 0.051967295312499995 0.345081925 0.056034534375 0.33524061875 0.05966495468750001 0.31972517968749997 0.06869776718750001
0 0.868891671875 0.7407774468749999 0.865473125 0.7390482234375 0.859068746875 0.7395185953125 0.8551455156250001 0.74097583125 0.8557617531249999 0.7437459390625001 0.8616614437499999 0.7464620296875 0.8675053609375001 0.746199834375 0.870582953125 0.7434208812499999 0.868891671875 0.7407774468749999
0 0.8634588734375 0.8150440671875 0.857329778125 0.8137763687499999 0.8484901359375 0.812970196875 0.8399815531250001 0.8134042421875 0.8326136843749999 0.81995785625 0.83103395625 0.823270990625 0.8319254765625 0.8243030296875 0.8379727046875001 0.829418046875 0.8461601249999999 0.8310117515625001 0.85434754375 0.8326054562499999 0.8622039046875001 0.8329589468749999 0.871925171875 0.83152919375 0.87616956875 0.8280442109375 0.8732557062499999 0.8231285234374999 0.86687741875 0.8167732937500001 0.8634588734375 0.8150440671875
0 0.8505916390625 0.8429975453124999 0.8436726796875 0.8433864156249999 0.831240865625 0.8452776953125 0.8261607234375001 0.850708925 0.8315458343750001 0.8533435125000001 0.8467178843750001 0.86079459375 0.85075266875 0.865293928125 0.8576356421875 0.8684626984375001 0.8642793171875001 0.8698118984375001 0.8753608078124999 0.8697853625 0.875727853125 0.8674679375000001 0.8784186093749999 0.8604704859375 0.87789413125 0.8571210203125 0.8709095015624999 0.85126364375 0.8651933312500001 0.847388840625 0.858779059375 0.84459125 0.8505916390625 0.8429975453124999
0 0.8625259625 0.877551709375 0.85578063125 0.873513903125 0.8503955203125001 0.8708793140625 0.8425751437500001 0.866968184375 0.835279246875 0.8664065171875001 0.8281767656250001 0.8679541000000001 0.8265052765625001 0.8718465921874999 0.8270756328125 0.8749063796875 0.8286292718749999 0.8784188453124999 0.8323329968750001 0.8816779625000001 0.8389307921875 0.8833168406249999 0.8444076624999999 0.8853720734375001 0.8463283468749999 0.8865671140625 0.8554630640625 0.8921711406249999 0.8598190109375 0.8946427265624999 0.8691732343749999 0.8955303984375 0.8746860906249999 0.8940279890625 0.8734635109375001 0.8917557374999999 0.8716804687499999 0.8896916609375 0.8682520265625 0.8846944734375001 0.8625259625 0.877551709375
0 0.8663133406249999 0.9702045265624999 0.8743532249999999 0.9693993046875 0.8741957906250001 0.9637324140624999 0.8732385984375 0.9564541296875 0.8677977125 0.95084125625 0.8626878859374999 0.9464686 0.8572011187499999 0.9411454062500001 0.8517701265625 0.938800496875 0.8430681281249999 0.9371252906249999 0.8389514765625 0.9364732765625 0.8244712312500001 0.9413065109375 0.8170475875 0.944881840625 0.8119116703125 0.9473347875 0.8051861296875 0.9498329062499999 0.80019775 0.9546847796875 0.8037638328125001 0.9588129328124999 0.804802890625 0.9622438984375 0.8075233328125 0.965050334375 0.8123479828125 0.9678930984375 0.8190375390625 0.9689526203125001 0.8238522921874999 0.9685274234374999 0.83225921875 0.9654047734375 0.8409513234375 0.96381201875 0.8460053750000001 0.9652063906249999 0.8573819374999999 0.9699777109375001 0.8663133406249999 0.9702045265624999
0 0.8711379984375001 1 0.8705091546875 0.997000240625 0.8665661328125 0.9919215515625 0.8592603375 0.988091921875 0.8539211078125 0.98516765625 0.8463859109375 0.98278641875 0.841010696875 0.9834197937500001 0.8400930875 0.9892133578125 0.8426857828125 0.9961567921875 0.8457831671875 0.9999137640625 0.8459704828125 1 0.8711379984375001 1
0 0.8932438812499999 0.751990653125 0.8868431749999999 0.7493732921875 0.8796797296875001 0.7490405078125 0.8739761828124999 0.7521461281249999 0.8656394765625001 0.75162751875 0.8632929562499999 0.751255865625 0.8572408296875 0.751499996875 0.8469061828125 0.753471225 0.842418403125 0.753963121875 0.8376403453125001 0.7588189171875 0.83697841875 0.7655293328125 0.8396115765625 0.7691535640625 0.8413969796874999 0.7806614703125 0.838717675 0.7874532624999999 0.834744865625 0.7872249296875 0.81948884375 0.7924256640625 0.8150399328125 0.7977344859375 0.815055728125 0.807759421875 0.8193151750000001 0.811240334375 0.8298550828125 0.81050430625 0.8346525734375 0.8080569750000001 0.8382148609375 0.8058149046875 0.8483636828125001 0.8050169359374999 0.8534089406250001 0.8010052578125 0.85972826875 0.8016052437500001 0.866973090625 0.803955403125 0.8767502593750001 0.8055039546874999 0.887495428125 0.8060031296875 0.8916151937500001 0.8002412781249999 0.8921532375 0.7943130359375 0.8908597328125 0.787292909375 0.8860039390625 0.782514853125 0.8829177515625 0.7792197671875 0.8827161296874999 0.770368090625 0.8858253906250001 0.7684551640625 0.8986729499999999 0.763273865625 0.8968450390625 0.7545655078125 0.8932438812499999 0.751990653125
0 0.8427300765625001 0.90039244375 0.8389720531249999 0.89979723125 0.8332606124999999 0.8993741640625 0.82443305 0.9003837015625 0.818226328125 0.9015675703125 0.8163195999999999 0.9075255578125001 0.8204941359375001 0.916132103125 0.829110165625 0.9179782843750001 0.83482160625 0.9184013515625 0.8406935203125 0.9193313703125 0.8489375421875 0.9235263187499999 0.857502515625 0.9287351734374999 0.860590925 0.9335581640624999 0.8644094953125 0.9368114203125 0.8717512125000001 0.9406226890625 0.8775742546874999 0.940341125 0.877887903125 0.930760059375 0.8773714625 0.9248998171875 0.8743574531249999 0.9196070734375 0.8718365421875 0.9172816515625 0.867857496875 0.9135214421875 0.8638040515625001 0.9102309843749999 0.858971575 0.9072986765625 0.8544972484375 0.9051454031249999 0.8495159687499999 0.9031526031249999 0.8427300765625001 0.90039244375
0 1 0.0112131828125 0.9973702890625 0.01141553125 0.9750547609375 0.0139709921875 0.956092596875 0.020972509375 0.937974425 0.0328926171875 0.923732434375 0.051081553125 0.9358986484375 0.066493259375 0.9674528890625 0.08758568125 1 0.0946605109375 1 0.0112131828125
0 0.831037728125 0.5344737937499999 0.8054881593750001 0.549273790625 0.8152151703125 0.5677763828125 0.8470293390625001 0.5622611281250001 0.87773695625 0.563732340625 0.898102703125 0.5417034453125 0.8788172171875 0.525833203125 0.831037728125 0.5344737937499999
0 0.8727026062500001 0.6043976062499999 0.8914572359375 0.605860315625 0.902167615625 0.6003949468750001 0.9083672734375 0.592330484375 0.9150328468750001 0.5813243499999999 0.9052089437499999 0.5767529328125 0.8859430453125 0.5740784484375 0.869175253125 0.5778305515625 0.86141601875 0.5913019953124999 0.8504015578124999 0.6031270640625 0.8727026062500001 0.6043976062499999
0 0.8776521828125 0.020212215625 0.8686116625 0.0187803375 0.8597455125 0.0193270890625 0.8494519109375 0.019647754687499998 0.8437140390625 0.0250797546875 0.8407793484375 0.034370003125 0.8342642093749999 0.04162990625 0.8237208796875001 0.0404477609375 0.8149064453125 0.0375884328125 0.808146003125 0.03407891875 0.8003585640624999 0.0308944984375 0.794724125 0.029514337499999998 0.7864091531249999 0.029660634375 0.7794462703125 0.030508834375 0.7728557703125001 0.0382445546875 0.7726016125 0.0460083484375 0.7767805296875 0.0534987640625 0.7768514640624999 0.062289553124999994 0.7711889515625 0.067245734375 0.7719854359375 0.077614696875 0.7817987921875 0.086485275 0.7981272875000001 0.0880959484375 0.812302784375 0.0879023625 0.81984491875 0.080317365625 0.8205231765625 0.07603501406249999 0.8198257 0.068120496875 0.8211822156249999 0.05955579531250001 0.8292755296875001 0.051570343750000004 0.8349809031250001 0.0617412921875 0.8422880968750001 0.07411695625 0.8570384171875001 0.0764531765625 0.8687594687500001 0.07635859843750001 0.8775827578125 0.060684715624999996 0.8880078640625 0.047215546875 0.8905701703125001 0.0310377765625 0.8867163453125 0.024574356250000002 0.8776521828125 0.020212215625