0 1 0.36225218125 0.9904396515625 0.36005306875 0.9653303984375 0.36210323906249997 0.9291952015625 0.3786631484375 0.915777759375 0.3844251078125 0.9076970515625 0.396377865625 0.9147864359375 0.40769338906249997 0.9350132234374999 0.406843740625 0.9544269390625001 0.40138291875 0.9663136796874999 0.3965700859375 0.97661165625 0.39237700468750003 0.9946792546875001 0.38409704843750003 1 0.3784691265625 1 0.36225218125
0 0.9089874 0.4518463953125 0.9073198515625001 0.4616495109375 0.917470621875 0.47106678750000003 0.9409330328125 0.46930700312500007 0.9578764734374999 0.46428175625 0.9705969906249999 0.454567365625 0.9682635734374999 0.446148946875 0.9594008374999999 0.439221434375 0.9393005546875 0.43597345625 0.91231214375 0.43699652968749997 0.9089874 0.4518463953125
0 0.8830173421874999 0.4441996546875 0.8779025671875 0.44408269687499996 0.8650762453124999 0.448381984375 0.8551267296875 0.4545512828125 0.8416305171875 0.46949660312499997 0.8521401 0.47613373125 0.871427309375 0.47477053593749996 0.884544015625 0.47211809687499995 0.8857365984375001 0.464436390625 0.88828564375 0.454817453125 0.891299309375 0.447833471875 0.8830173421874999 0.4441996546875
0 0.92783240625 0.35648918281249997 0.931146803125 0.346395684375 0.9382775828125001 0.33868574218749997 0.9480735656249999 0.322015603125 0.9373794015625 0.3191467328125 0.929387821875 0.3171597625 0.91564261875 0.31143277187499996 0.8938167109374999 0.3176585390625 0.8848648515624999 0.324670753125 0.8854933453125 0.333050184375 0.8770061 0.3426973546875 0.8689150421875 0.35940648125 0.8847136296875 0.367148678125 0.9062968796875 0.36436179687500003 0.92783240625 0.35648918281249997
0 0.8140449796875 0.456100278125 0.81272986875 0.45265372812500004 0.8071532187500001 0.4491097296875 0.8003409890625001 0.45059386874999996 0.7926405203125 0.45506419375 0.7883219703125001 0.4586552390625 0.7971353765625 0.46049668125 0.8039476046875 0.4590125453125 0.8140449796875 0.456100278125
0 0.7611631734375 0.47819518125 0.7661895484375 0.48019782031249997 0.767866734375 0.48007202187500003 0.772045165625 0.4796751265625 0.7756662624999999 0.47852681874999997 0.7774067484375 0.476350621875 0.7752355265624999 0.47367460625 0.7682943 0.47285929375 0.763907265625 0.47448252812499997 0.7612891234375 0.47785266562500006 0.7611631734375 0.47819518125
0 0.790524971875 0.39654643125 0.7902104796875 0.39235346875 0.78677410625 0.3897305984375 0.7794208499999999 0.38898793593750003 0.7742388140625 0.3909212875 0.7677283234375001 0.3949581859375 0.7709560890625 0.398807396875 0.7790410484375 0.401290340625 0.782604025 0.399812409375 0.790524971875 0.39654643125
0 0.738001953125 0.3395338734375 0.73084015 0.3434118921875 0.72611993125 0.348777209375 0.7329026984375 0.352637278125 0.7455439734375 0.35511564375 0.758518525 0.3570122 0.774557528125 0.3515688921875 0.7829331875000001 0.3446872875 0.7795673359374999 0.337958215625 0.769218571875 0.33612169999999997 0.7606799625 0.33466339375 0.7485402328124999 0.3375013421875 0.738001953125 0.3395338734375
0 0.7093621156250001 0.337784325 0.7067363296875 0.3377242828125 0.6965313265625 0.3391750078125 0.6895239125 0.34145668281249997 0.686440271875 0.34374388125 0.690174528125 0.3476184453125 0.697802746875 0.3513294375 0.7147713296875 0.3486861125 0.7196704390625001 0.3443353328125 0.71910926875 0.33868084062500003 0.7093621156250001 0.337784325
0 0.6265150546875 0.44636538281249993 0.634880084375 0.44436736093749996 0.6466865359375 0.44211122031250005 0.650163084375 0.439580396875 0.6502631546875 0.4352040828125 0.6499458171875 0.428460515625 0.6373939890625 0.42648942031250003 0.61812226875 0.4333744796875 0.61381415 0.443548840625 0.621198534375 0.44834890937500005 0.6265150546875 0.44636538281249993
0 0.6795441671875 0.4751968515625 0.6928029953125 0.4712898421875 0.6963796140625 0.46438270625 0.6930435765625 0.4578227234375 0.6804268078125 0.4579552390625 0.6574645218749999 0.46862928593750003 0.6594482546875 0.4724638234375 0.6668677671875 0.47499118906250004 0.6795441671875 0.4751968515625
0 0.5803655296875 0.404639625 0.5902127484374999 0.40115982812500006 0.6168496640625001 0.39402216874999996 0.63564434375 0.3844316765625 0.634237721875 0.378926259375 0.6231084515624999 0.3751352078125 0.6132718578125 0.3737314234375 0.60093405 0.37050216406250003 0.5844829484375 0.371136428125 0.5713976984375 0.3784997671875 0.5621765921875 0.3855304453125 0.5638760484375 0.3951685484375 0.5696888 0.40094312656250003 0.5803655296875 0.404639625
0 1 0.4760826515625 0.99959925625 0.4757823375 0.9943075796875 0.475205590625 0.9863671953125 0.4756620609375 0.977796346875 0.480570409375 0.9767405671875 0.48528600624999996 0.98506824375 0.4870259640625 0.9946776171874999 0.48533157187500003 1 0.4829047796875 1 0.4760826515625
0 0.499925178125 0 0.489440678125 0.003216725 0.4844775484375 0.0063077875 0.478638775 0.0239567875 0.47748352031249996 0.03302420625 0.47871969999999997 0.0361301296875 0.4872966296875 0.041819553125 0.49234068124999997 0.050901831249999994 0.5063498171874999 0.060065270312499995 0.5172234390625 0.0592559203125 0.5301003421875 0.058093340625 0.53125 0.057890624999999994 0.53125 0 0.499925178125 0
0 0.4009221015625 0.012731135937499999 0.3957695 0.014747642187500002 0.384128778125 0.01901614375 0.351304625 0.0320056953125 0.32096664375 0.03957103125 0.298249015625 0.055210385937499995 0.30471411718749997 0.07235182812499999 0.3161515546875 0.0786448359375 0.33121660625 0.082082265625 0.341706675 0.08300249062500001 0.35468291875 0.078498503125 0.363842075 0.0757755328125 0.3738584671875 0.0740093734375 0.3875925984375 0.0738036046875 0.40447145000000007 0.0758132453125 0.43652389999999996 0.070161534375 0.45140407656250003 0.0686457203125 0.46648293750000003 0.060447087499999996 0.4743203875 0.04632354375 0.473264434375 0.0344696390625 0.46442344062499996 0.0268623390625 0.47119134531249995 0.0148361875 0.471275590625 0.006552071875 0.46819816249999996 0.0025868312500000002 0.46588423125 0.0023845234375 0.4600059015625 0.0018092375000000002 0.45501060937500004 0.0031938718749999996 0.45300733125 0.0035471046875 0.4463297375 0.00472454375 0.43965214374999995 0.0059019843750000005 0.43297455156250003 0.0070794234375 0.411606253125 0.01084723125 0.4009221015625 0.012731135937499999
0 0.3489348578125 0.47995870468749996 0.3423212109375 0.4715203078125 0.33047705625 0.4624876859375 0.318287115625 0.451494021875 0.2914070671875 0.43955209687499996 0.2782370578125 0.442379828125 0.25389988125 0.4497041484375 0.2465655046875 0.4565579296875 0.2551314796875 0.47122361718750005 0.2683228390625 0.4830517078125 0.2874867921875 0.49483767968750003 0.30447501250000003 0.503974271875 0.32320673437499997 0.513308940625 0.3498566046875 0.5045658234375 0.35715505 0.49266334843750004 0.3489348578125 0.47995870468749996
0 0.2085396390625 0.46376841874999997 0.1909530703125 0.475462959375 0.1990003671875 0.4871870828125 0.20920204843749998 0.48690475937500005 0.2240291140625 0.48378484374999997 0.22678862031250002 0.475210221875 0.23132755781249997 0.47188236874999995 0.22488680468750002 0.46442449531249996 0.2085396390625 0.46376841874999997
0 0.21708322500000002 0.5219113171875 0.2162692765625 0.51245028125 0.2048068375 0.5104273921875 0.1921555046875 0.5161966859375 0.1897417859375 0.52673235 0.20508752968750002 0.5265539968749999 0.21708322500000002 0.5219113171875
0 0.2316431453125 0.5511907046875 0.23234929375000002 0.54550565625 0.2274286375 0.541823775 0.20937390156250002 0.5460183171875 0.2118954203125 0.5506287359375001 0.2160739953125 0.5549469703125001 0.2223059234375 0.5563756296875 0.2316431453125 0.5511907046875
0 0.1748563984375 0.5682807828125 0.1740638015625 0.5734755703125 0.17724095625 0.5769593765625001 0.1840420765625 0.5767711624999999 0.191808684375 0.5723686812500001 0.198487425 0.566641509375 0.19505093281250002 0.5616869234374999 0.1856418484375 0.5567744593749999 0.179791634375 0.5623555359375 0.1748563984375 0.5682807828125
0 0.23973784375 0.7327555046875001 0.2501124140625 0.733453703125 0.2519277828125 0.74374916875 0.249218790625 0.747765359375 0.2484621265625 0.758008840625 0.264276034375 0.765330484375 0.2910842171875 0.7671750171875 0.30753240625 0.7587142250000001 0.32657398125000003 0.7649612375 0.3176544125 0.7822045953125001 0.29879250156250003 0.8012010546875 0.28747379375 0.8193729453125 0.281659515625 0.83000271875 0.2881721328125 0.8475579828124999 0.2885033359375 0.8591261515624999 0.2881283921875 0.87637936875 0.3068960453125 0.8907627328125001 0.3233801703125 0.887350634375 0.32610374062499997 0.873727315625 0.33891338437499996 0.8785456734375 0.354482534375 0.8747894078125 0.37738605937499997 0.86417935625 0.398790840625 0.8644491406249999 0.4170543984375 0.8662838140625 0.4371624890625 0.8591996937499999 0.4585459171875 0.8448136515625 0.4583011578125 0.8337357437499999 0.46858928593750004 0.8339436812500001 0.492465071875 0.84338231875 0.5135240671875 0.8416910625 0.528106375 0.8274932359375 0.5266008578125 0.8141101171875 0.5186400078125 0.8028762531250001 0.510210990625 0.78414239375 0.4986766859375 0.772022115625 0.4912345125 0.7637298125 0.48196238593749996 0.7547491765625 0.4714800171875 0.738904890625 0.43370672031249996 0.7233232078125 0.4328422578125 0.7184206046875 0.43503257343749996 0.711462853125 0.4390528359375 0.7051934390625 0.44255442343749996 0.6959824625000001 0.4406166765625 0.680148040625 0.42537196093749996 0.671209525 0.420710640625 0.6689984234375 0.4226561984375 0.6509627609375 0.42101372187499997 0.6416478156250001 0.4111869875 0.62467691875 0.40208775625 0.6166768015625 0.389465584375 0.6032318359375 0.3811084328125 0.5945953640625 0.37366625781249996 0.5863030640625 0.35437992500000004 0.5689781375 0.34802561875000004 0.562010525 0.343587703125 0.556221509375 0.339632534375 0.5483253593749999 0.335418028125 0.5389584296875001 0.3148058421875 0.5334938593749999 0.2946618203125 0.5355292828125 0.2767799796875 0.540704346875 0.26604504375000004 0.5476522359375 0.25888355625 0.5554865390625 0.2552450109375 0.568765690625 0.25357337343749997 0.578665003125 0.232312321875 0.59859 0.226411596875 0.6087295109374999 0.2203233984375 0.6274956328125 0.21004204375 0.6515506484375 0.1959492515625 0.6879042937500001 0.203031059375 0.7038426859375 0.22024268593750002 0.7094013625 0.23099897500000002 0.7171092984375 0.23093387812500002 0.7312748609375 0.23973784375 0.7327555046875001