0 1 0.051190095312499996 0.9954783468749999 0.0558641515625 0.9982042968749999 0.0645001671875 0.996164534375 0.07497804531249999 0.9904559468749999 0.0764389546875 0.9819379390625 0.083043671875 0.97709521875 0.0905054140625 0.9732915859375 0.099014859375 0.9704308234375001 0.10790525312499999 0.9791347828125 0.1107939890625 0.9874795781250001 0.10914240156249999 0.9937654109375 0.11168204374999999 0.9980692859375001 0.11279303125 1 0.11261531875 1 0.051190095312499996
0 0.961554915625 0.0492265484375 0.9500000562500001 0.042156170312500005 0.945449065625 0.042719362500000004 0.9396425390625 0.0475791140625 0.9304363515625 0.054908373437500005 0.92815031875 0.046298634374999995 0.930169159375 0.0365458796875 0.9245461078125 0.0361955515625 0.9160156374999999 0.0394743734375 0.9114480234375 0.044834676562499995 0.906300584375 0.0504411 0.903964671875 0.0562226875 0.903042834375 0.0596933015625 0.90567919375 0.062679990625 0.9086492578125 0.064840740625 0.9127789609375 0.0665092484375 0.9199829390625001 0.064135634375 0.921889253125 0.06298430625 0.923770628125 0.0690286390625 0.924246240625 0.07498539062500001 0.9319175156249999 0.08096708281250001 0.9438310187500001 0.080015859375 0.9532666984375 0.0780635296875 0.9600743312500001 0.07072595625 0.966723428125 0.061402798437499996 0.96691521875 0.053794165625 0.961554915625 0.0492265484375
0 0.801087146875 0 0.7990531265625 0.0068038234375 0.795986540625 0.01008801875 0.790907678125 0.0062963421875 0.787013215625 0.0064625609375 0.7836294546875 0.014837662500000001 0.784381853125 0.022448324999999998 0.7883790984375 0.0271947484375 0.794844709375 0.0284152765625 0.80042503125 0.025798759375 0.8036759 0.02119726875 0.8070596609375 0.0128221671875 0.80922289375 0.010912675 0.8129451140624999 0.0085892453125 0.8160751359375 0.004286865625 0.81518814375 0 0.801087146875 0
0 0.8622229203125 0.0330219484375 0.8597605765624999 0.034810590625 0.8559628781249999 0.04162670625 0.8566699046874999 0.04504379375 0.8633077546875001 0.048421534375000005 0.8661206015625 0.0492100609375 0.872138946875 0.041203525000000005 0.8762056484375 0.043194517187499996 0.8818947749999999 0.043753387500000004 0.8849553406249999 0.0422064421875 0.8878830125 0.044433109375 0.8914089078125 0.046901475 0.8935026828125 0.047747415625 0.8974666015625001 0.0448257625 0.9009017546875 0.03890698125 0.9030770296874999 0.033522987500000004 0.9036298796875 0.029571112500000003 0.8995752203125 0.02410561875 0.893287871875 0.0233050484375 0.8920914296875001 0.0228216546875 0.8884627515625001 0.015440646875 0.8826013828124999 0.012724564062499999 0.8772173890625 0.0105492890625 0.8710569109374999 0.007712356250000001 0.8668059250000001 0.0070386578125 0.8624734374999999 0.012594893749999999 0.864911696875 0.0177552546875 0.874178109375 0.0232388125 0.876737215625 0.028100064062500003 0.87558614375 0.0318102421875 0.8720421828125 0.03455363125 0.8688093796875 0.033943367187500004 0.8622229203125 0.0330219484375
0 0.3803141609375 0.0340056328125 0.387933865625 0.022635928125 0.391183534375 0.0060330296875 0.381721925 0.0016323609375 0.37202162968749997 0.0063821453124999995 0.36637129218750003 0.02143718125 0.37299281562500003 0.033937270312500004 0.3803141609375 0.0340056328125
0 0.4089488375 0.160005059375 0.41093444218749997 0.1486707515625 0.40793969687500004 0.14110355937500002 0.3959065234375 0.13450805 0.3853517453125 0.1360229484375 0.3786461953125 0.1483399265625 0.3774038484375 0.15997452968749998 0.3817955984375 0.1715737328125 0.393085515625 0.1778689484375 0.4025254078125 0.1759036046875 0.4089488375 0.160005059375
0 0.42740828124999997 0.2009831359375 0.42493434375000005 0.18784705625 0.4252842546875 0.18163119218749998 0.411645225 0.17901031875 0.40394413125 0.186301628125 0.397498984375 0.19583416250000002 0.39585517187499997 0.20846242343750002 0.40167376718750003 0.22294983125 0.41201969375 0.2294415796875 0.421809496875 0.221260375 0.42740828124999997 0.2009831359375
0 0.447886209375 0.3589407890625 0.44718090625 0.34998686874999996 0.44127280312500006 0.33893088125 0.43171356875000005 0.34547145 0.42320954843749997 0.3547500765625 0.4210232109375 0.3665812125 0.42218964999999997 0.3722538609375 0.42346731249999997 0.3808610984375 0.42421056874999996 0.38116139375 0.4343557640625 0.388149971875 0.43936595 0.38323904999999997 0.447886209375 0.3589407890625
0 0.44508427812500007 0.43756316406250007 0.4502734796875 0.4257894015625 0.450853959375 0.4179329 0.440478196875 0.412584959375 0.4300129265625 0.41066843906250006 0.4212485 0.42273150781249996 0.417836053125 0.43117761093749996 0.4314371296875 0.4424521078125 0.43741302187500003 0.443710665625 0.44508427812500007 0.43756316406250007
0 0.6703125 0.8844591625 0.6776582328125 0.8910452718749999 0.684836503125 0.882289603125 0.6916746109374999 0.863111896875 0.6847175234375 0.858929771875 0.6703125 0.843679421875 0.6703125 0.8844591625
0 0.7817863546875 0.8165674140625001 0.7904919890625 0.810477065625 0.784847865625 0.7923440640625 0.7789326812499999 0.7808269046875 0.7584510078125 0.7720713875 0.7478390578125 0.779313065625 0.7462996984375 0.7700442375 0.7524399296875 0.7643585468749999 0.7554432453125 0.7569250765625 0.7514970171875001 0.7500464890625 0.7425868312499999 0.7435642437500001 0.7295303140625 0.7402105984375 0.7225015 0.7397726875 0.719085215625 0.7470393046875 0.7132786859375 0.75189905625 0.708393996875 0.753288190625 0.7052238281250001 0.76113463125 0.7020536609375 0.7689810703125 0.7001390328125 0.772530953125 0.6970647609375 0.7765730765625001 0.6900902765625 0.78432361875 0.68518064375 0.7929084171875 0.6835121359375 0.797038121875 0.6785775625 0.812818584375 0.6749944250000001 0.820498171875 0.672316496875 0.8295042546875001 0.6728796921875 0.83405524375 0.6774140531249999 0.8382891578124999 0.6836086109374999 0.840791921875 0.6875880921874999 0.8380762921875 0.6943164562499999 0.8297459281249999 0.7057377203125 0.8276350609375 0.70688905 0.8295413765624999 0.7195409109375001 0.830329615625 0.7283175015625 0.8276306140624999 0.73477480625 0.825916090625 0.7371567328124999 0.8307215140625 0.7368856734375 0.8373373546874999 0.7385918828125 0.8461932125 0.7458501875 0.8520080546875001 0.766039728125 0.8495967406249999 0.77201310625 0.8443240187500001 0.7744449140625 0.834738115625 0.7657974750000001 0.8240385828125 0.7579050203125 0.8102814078125 0.771128390625 0.8132220828125 0.7817863546875 0.8165674140625001
0 0.23335997968750002 0.867583609375 0.24066708750000002 0.86586175 0.244947396875 0.858242859375 0.2534034453125 0.8298752875 0.247939915625 0.8136455078125 0.23754669218750002 0.8066419 0.2222237796875 0.8088644609375001 0.2154926796875 0.81362351875 0.20784682031249999 0.8236219359374999 0.1999949015625 0.8400808734374999 0.20234420000000003 0.8625310171875 0.21966052343750003 0.86578796875 0.23335997968750002 0.867583609375