0 0.6792393921875 0.8247976140625 0.6893412265625 0.850073753125 0.7033171968749999 0.8525312156249999 0.713644153125 0.8444629796875001 0.711642478125 0.8278728984375 0.7076375015624999 0.8158053625000001 0.6952641734375 0.809729865625 0.6811988078125 0.8121651 0.6792393921875 0.8247976140625
0 0.5998916234375 0.6474221390625 0.5872070328125 0.6373584515624999 0.577236853125 0.6364122109375 0.5724289296875 0.6472663234375 0.571359415625 0.663753434375 0.5822625718750001 0.68722055625 0.5933006375 0.692792315625 0.603538196875 0.689616778125 0.607812178125 0.6764499046875 0.6077244078125 0.660229975 0.6063005609375 0.6540626171875 0.5998916234375 0.6474221390625
0 0.5948642765625001 0.617726421875 0.5953974046875 0.630595496875 0.601673059375 0.63401870625 0.6107086374999999 0.633556696875 0.620901496875 0.632827509375 0.6231721765625 0.624183184375 0.618277296875 0.6082610515625 0.6112897203125 0.6017541640624999 0.6010074624999999 0.6073760484374999 0.5976242 0.6138412062499999 0.5948642765625001 0.617726421875
0 0.5729685671875 0.5756848796875 0.5747475609375 0.593950390625 0.57893133125 0.5962325296875 0.5835604578125 0.5951638125 0.5885016640625 0.5875269671875001 0.58876985625 0.5728488734375 0.5836067859375 0.5716048328125 0.5729685671875 0.5756848796875
0 0.523135371875 0.5229979015625 0.5165312359375 0.528274365625 0.5087392828125 0.5284058218750001 0.505379846875 0.5341837796875 0.512165053125 0.5513761734375 0.5176255953125 0.5601202468750001 0.5257367187499999 0.5695029765624999 0.5383725671875 0.5740893140625001 0.5438343625 0.5665753984374999 0.548725403125 0.552523425 0.5442707734375001 0.5372941578125 0.53679924375 0.530681815625 0.528893390625 0.5262540640625 0.523135371875 0.5229979015625
0 0.5373716671875 0.5155425546875 0.541186703125 0.5280014343749999 0.5499607875 0.53347933125 0.5574327343750001 0.5346723453125 0.5609519640625 0.53094181875 0.5591020234374999 0.5188629875 0.5555381515625 0.5088473062500001 0.5452324625 0.5116434265625001 0.5373716671875 0.5155425546875
0 0.528348090625 0.48594414218750004 0.5285988390624999 0.49380666875 0.5354082453125 0.49348518593749996 0.5407782515624999 0.4909948296875 0.5427437640624999 0.48595555 0.5420816390625001 0.47902172343749994 0.5328043921875001 0.4794960890625 0.5310904625 0.48155923749999996 0.528348090625 0.48594414218750004
0 0.5081739609375 0.45141648281249996 0.5077842765625 0.4673472828125 0.5204885499999999 0.47358528125 0.527732278125 0.47107920468750003 0.5332854453125 0.463961059375 0.5340631390625 0.453776775 0.5282596453124999 0.44761306406249995 0.516308865625 0.4487046640625 0.5127441609375001 0.44952764062500006 0.5081739609375 0.45141648281249996
0 0.482240140625 0.4353099796875 0.4749496796875 0.45116649375 0.473418075 0.4594405109375 0.4795182109375 0.4709549703125 0.4912403515625 0.4715836140625 0.4969533109375 0.46651289374999994 0.500952759375 0.45808599687499996 0.5032841703125001 0.4492104671875 0.49042052343750003 0.4355057109375 0.4871073984375 0.4333525546875 0.482240140625 0.4353099796875
0 0.444339696875 0.3294223640625 0.4375987125 0.3313955046875 0.4322971296875 0.3355375203125 0.4298518171875 0.33985384375 0.42957687031249997 0.3495051921875 0.4301476234375 0.3560432515625 0.43583638281250003 0.36848641249999997 0.45219756718750004 0.3634585421875 0.45178702499999995 0.35354858437500003 0.4520390265625 0.345153125 0.4492749609375 0.3345359296875 0.446624796875 0.32847794375 0.444339696875 0.3294223640625
0 0.4577031671875 0.38052949375 0.45027669687499994 0.3822440296875 0.45052786093749997 0.3846872296875 0.4515784140625 0.39194824375000004 0.4559425078125 0.3959430828125 0.46304897343749996 0.3955530171875 0.46405488437500003 0.3890678234375 0.46179315 0.3833370234375 0.4601480609375 0.3816325015625 0.4577031671875 0.38052949375
0 0.47063649218750003 0.37962792031250003 0.47319486875 0.3907094671875 0.47643956875000004 0.3912109625 0.4826548578125 0.3910266421875 0.48558038750000004 0.38201395 0.484232775 0.374821515625 0.4824742046875 0.3631384546875 0.47895580937500004 0.3560303234375 0.472260721875 0.3554916859375 0.468169903125 0.36352281406250003 0.47063649218750003 0.37962792031250003
0 0.349388525 0.14041034218749998 0.347308275 0.151729071875 0.3494098 0.1608317703125 0.35311135312499997 0.1633121125 0.35978349375 0.165106640625 0.365518984375 0.1641993625 0.36988349375 0.162774871875 0.372466071875 0.1563425390625 0.37344861875 0.1565325640625 0.3742488453125 0.150511721875 0.37367767343749997 0.14939299374999998 0.3730155484375 0.1424591671875 0.36924557187499996 0.1383271671875 0.36213910625 0.13871723125 0.3573861640625 0.139814534375 0.3522677421875 0.139328759375 0.349388525 0.14041034218749998
0 0.38215205 0.163021121875 0.37863381406249996 0.1638333703125 0.3714623453125 0.16888597968750002 0.368350234375 0.171457346875 0.368395484375 0.172990965625 0.3684635484375 0.1772986359375 0.36762961875 0.1830498015625 0.3626458265625 0.188214971875 0.3612932109375 0.19439469843749999 0.3612711515625 0.19964961718750002 0.3624218375 0.204633784375 0.36359495937499997 0.20837751875000002 0.3684665671875 0.2094145109375 0.374555790625 0.2076998890625 0.3778934015625 0.20476765000000002 0.38226838281250003 0.2009782859375 0.38420774999999996 0.1986776703125 0.3877259859375 0.197865421875 0.389868790625 0.200458846875 0.3916282859375 0.2040672078125 0.393771090625 0.20666063281249997 0.39882294687500003 0.20580313281249998 0.401574184375 0.20300626875 0.3986411890625 0.191639690625 0.394648765625 0.18638515 0.39266339375000003 0.1791231796875 0.3893474640625 0.1727860171875 0.38589616250000003 0.165862484375 0.38215205 0.163021121875
0 0.4080751921875 0.26326803125 0.408052378125 0.2604939796875 0.4053003859375 0.2552618765625 0.40482657343749995 0.253209571875 0.40644993906250004 0.2482025890625 0.40827636875 0.24407516718750003 0.40719337031249997 0.23938418593750002 0.40658418281250003 0.236745509375 0.4053658109375 0.2314681546875 0.40223050625 0.22725098593749998 0.39853164531249996 0.22594324375000002 0.3932542921875 0.2271616171875 0.3879545015625 0.22962042343750003 0.381797965625 0.2350563421875 0.380783409375 0.23868751562499999 0.3805358515625 0.2443033078125 0.3814610375 0.2496483484375 0.383288596875 0.2575643796875 0.38516103125 0.26299954375 0.3878225203125 0.2651644109375 0.3953328046875 0.265592215625 0.39607736718750003 0.26881726562499997 0.3984232328125 0.27229025 0.401715971875 0.271838875 0.40464783437499996 0.2711620015625 0.4073089484375 0.26931238281250003 0.4080751921875 0.26326803125
0 0.41177895624999994 0.316764071875 0.41340307656249997 0.31978605937500004 0.4159516296875 0.32012411875 0.422288790625 0.316808190625 0.4291446375 0.3130637015625 0.43424136406249997 0.30972533593749996 0.44051121562500006 0.31013070625 0.44294683125 0.3086419609375 0.44540488125 0.30591278125 0.44908055156250004 0.3004319890625 0.448764175 0.29371114062500003 0.4456965609375 0.28978715781250003 0.44014845625000004 0.28983278437500004 0.4359761609375 0.290487221875 0.4338333546875 0.287893796875 0.42957055781250003 0.28548099531250004 0.425105075 0.2862031203125 0.42237627499999997 0.287759553125 0.42052703124999996 0.2891129234375 0.41405449687500007 0.291842478125 0.41148388437500005 0.2967593359375 0.40963501874999997 0.3021271921875 0.4093422109375 0.3062093625 0.410673521875 0.3133135234375 0.41177895624999994 0.316764071875
0 0.6608744046874999 0.7376074890625001 0.6578748531249999 0.7379911765625 0.6524172515625 0.741104040625 0.6495758890625 0.744848153125 0.6442312265625 0.7497878250000001 0.6381864968750001 0.7450070953125 0.63214214375 0.744240853125 0.6188137625000001 0.750714896875 0.6162203359375 0.752857703125 0.6119807296875 0.7572334390625 0.6097261171875 0.764856659375 0.60974893125 0.7676307125 0.6103132453125 0.772750253125 0.6111707453124999 0.7778021078124999 0.6136527421875 0.789890434375 0.6189087890625 0.8019559468749999 0.6300734390625 0.810186846875 0.6389595296875 0.8112234640624999 0.64626675 0.8107717109375001 0.65386678125 0.8062377875 0.65291878125 0.7981186953125 0.6519255296875001 0.7884659828125 0.6537519578125 0.7843385609375 0.657675940625 0.7812709453125 0.6636526046875 0.781744003125 0.670576515625 0.782307184375 0.6745233140625 0.7820136203125 0.678424859375 0.7801864375 0.6809049703125 0.7722023421875 0.6761219796875 0.7541601640625 0.6732117984375 0.7455676375 0.668948625 0.739140353125 0.6608744046874999 0.7376074890625001
0 0.6462546812500001 0.6823082109375 0.64244288125 0.6791736625 0.6374811515625 0.6790839156249999 0.6346394109375 0.6788135421875 0.630331740625 0.6788816078125001 0.6276934421875 0.6835052796875 0.6273329453125001 0.6872942640625 0.62674695 0.6914441234375001 0.6282588859375 0.7006682750000001 0.6313489375 0.703351825 0.6353862359375 0.7061254984375 0.6408666515625 0.705786684375 0.6455576328125 0.7047036859375 0.6493690562500001 0.70382375 0.652503603125 0.7000119515625001 0.6519617281250001 0.6936519765625 0.649096796875 0.6865930671875 0.6462546812500001 0.6823082109375