0 0.5687305671875 0.5489078968750001 0.5794039718749999 0.5437070828125 0.5836311578125 0.5421685125 0.5815086421875 0.5390625 0.558976084375 0.5390625 0.5587952375 0.5446279781250001 0.5658066015625 0.549094790625 0.5687305671875 0.5489078968750001
0 0.6016075062499999 0.5948462937500001 0.5869177953125 0.598876896875 0.5824453843749999 0.607962134375 0.5947762765625 0.612247484375 0.601927428125 0.610522021875 0.6089719375 0.603571315625 0.6061534140625 0.6024038171874999 0.6016075062499999 0.5948462937500001
0 0.608331196875 0.589668790625 0.6080909812499999 0.58596 0.604323096875 0.5827217 0.6015570515625 0.58020339375 0.596613775 0.5798333296875 0.5914749687499999 0.5819748609375 0.592063778125 0.586641409375 0.600709765625 0.591086971875 0.60301809375 0.59133144375 0.608331196875 0.589668790625
0 0.5789754328125001 0.5821857796875001 0.5762313625 0.5807441109375 0.5665410765625001 0.5815595 0.560771740625 0.589082540625 0.5657597062499999 0.595672990625 0.5740343828125 0.5940170484375 0.5786935 0.5885250453124999 0.5789754328125001 0.5821857796875001
0 0.700854884375 0.5496492234375 0.698090353125 0.5448349109375 0.6969722171875 0.542458153125 0.6922581359375 0.5406310125 0.689474709375 0.5406318328124999 0.6832588234375 0.544412628125 0.6794196953125 0.547075284375 0.6766576265625 0.5506112562500001 0.6744246375 0.5569914515625001 0.6741214828125 0.5624161796875 0.67654178125 0.5711517734375 0.67792445625 0.57495064375 0.6825802046875 0.5856563265625 0.6826007453125 0.58640805 0.677461915625 0.59106215625 0.674862515625 0.595045053125 0.675228928125 0.5974423515625 0.6754745703125 0.603679596875 0.6747844640625 0.605955303125 0.6735866374999999 0.6089219375 0.6726328109375 0.6125589609375 0.672552296875 0.615118925 0.6726952453124999 0.6175975578124999 0.6744024359375 0.619506853125 0.6783845140625 0.619322825 0.6821628453125 0.6171884265625 0.686185178125 0.6157244171875 0.6876697265625 0.6204984734375001 0.6874273671875 0.625394940625 0.6895823046875 0.6299249953125 0.6919804218750001 0.6323420109375 0.699173134375 0.6340262 0.71613578125 0.6270931046875 0.7197309078125 0.6237600546875 0.7236300078125 0.6177857109375 0.724440884375 0.6116700546875 0.7231387218750001 0.60531121875 0.7189299 0.5944428687500001 0.7116961093749999 0.5912552328125 0.7046660640625 0.59001796875 0.70494868125 0.5838415203125 0.70746756875 0.5824185875000001 0.70888968125 0.582154046875 0.714801590625 0.5810145515625 0.715875365625 0.570754153125 0.71483774375 0.565817428125 0.716135803125 0.558259125 0.715849903125 0.5533018609375 0.70841236875 0.5481638546875 0.704166571875 0.5497091984375 0.700854884375 0.5496492234375
0 0.640058984375 0.5932877375000001 0.6415632515625 0.5960300890625 0.6448954765625 0.5968417859375 0.6509692328125001 0.5933657890624999 0.654624334375 0.586721053125 0.6578341484375 0.58580584375 0.660009625 0.5910876203125001 0.6624479984375 0.5922246515625 0.665657815625 0.591309440625 0.669009759375 0.5900894328125 0.6723600625 0.58330256875 0.6714834656249999 0.573245915625 0.6702634578125 0.5698939703125 0.6695708890625001 0.5638193921875 0.6691634 0.55991865 0.6691215015624999 0.5556317765625 0.666417765625 0.5502892046875 0.6605461140625 0.5501487171874999 0.6528670390625 0.5526906046875 0.6496169671875001 0.5548857984375 0.646001303125 0.5574671234374999 0.6386475640625 0.5609028625 0.6301559703125 0.56399355 0.62552404375 0.565173303125 0.6175007359375 0.571636471875 0.6151050796875001 0.577569740625 0.6179312265625 0.5846392218750001 0.623581059375 0.5904279 0.6324793203125 0.588454528125 0.6374160437499999 0.5874169046875 0.640159215625 0.5886960671875 0.640058984375 0.5932877375000001
0 0.540625 0.0721813765625 0.5367001250000001 0.0653009328125 0.5265728281250001 0.065235 0.5144629875 0.065890653125 0.5064397796875 0.0793163734375 0.5151352578124999 0.1016648609375 0.528866840625 0.11317563281250001 0.540625 0.10761037656250001 0.540625 0.0721813765625
0 0.3436170390625 0.33518213281250003 0.3579107171875 0.3389843828125 0.3734235453125 0.3445940796875 0.37890211875 0.3395984671875 0.388491984375 0.31659780625 0.39208105937500004 0.30178440625 0.392428565625 0.29040201875 0.383398871875 0.2779302921875 0.3612149015625 0.2724975125 0.3379599109375 0.276459275 0.3316249046875 0.2945232953125 0.33196103906249996 0.3124103984375 0.3436170390625 0.33518213281250003
0 0.197995025 0.20959052968749997 0.19648345625000002 0.240906834375 0.20026245625 0.2605424125 0.2115158609375 0.2729551671875 0.2361362140625 0.254238975 0.2377427453125 0.24014715937500003 0.23445938125 0.220331184375 0.2300917046875 0.21141537968750002 0.219347225 0.1973166015625 0.20775960468750002 0.1947806078125 0.197995025 0.20959052968749997
0 0.21504231875 0.3211976203125 0.2106898546875 0.33854005468750004 0.21422768125 0.35751301875 0.217362915625 0.366127003125 0.2237264265625 0.372815596875 0.23637177656250002 0.3674626734375 0.2376308015625 0.36475324531250003 0.2441139390625 0.357891215625 0.2448507453125 0.3583734328125 0.23419930937500003 0.33373528124999996 0.22640205937500002 0.321565375 0.21504231875 0.3211976203125
0 0.23458589375 0.1132644984375 0.234707715625 0.1036450671875 0.232378890625 0.097246675 0.224939584375 0.0924495578125 0.214988303125 0.09426002343749999 0.2063887828125 0.1004954296875 0.2030870875 0.10635530156249999 0.1995560421875 0.10945200156249998 0.19361383593749998 0.1087681375 0.185801515625 0.1072122234375 0.1792367765625 0.1090840203125 0.175352878125 0.1133442921875 0.175085715625 0.12327541093750001 0.17157651093749998 0.12998716875 0.16455642343750002 0.13771799843750002 0.16491179218750002 0.14509345468749998 0.1728921390625 0.152799084375 0.17808663125 0.154272665625 0.188806628125 0.1524411953125 0.1985503984375 0.1514826171875 0.2026619734375 0.1442928265625 0.2047790890625 0.1373113890625 0.20876632499999997 0.1312020015625 0.21732719843749998 0.1348145421875 0.22387177343750003 0.135020375 0.2296887984375 0.1339382953125 0.23450607968749998 0.12442135937500001 0.23458589375 0.1132644984375
0 0.07523633125 0.6576627390625001 0.07467660781249999 0.6503176796875 0.07314643125 0.6403063265625 0.069395290625 0.628838696875 0.06243400624999999 0.61551995625 0.0568909515625 0.6107435609375 0.045972565625 0.6109431375 0.0385069375 0.6136604046875 0.033971384375000004 0.6221051109375 0.0354641171875 0.6366593671875 0.0381141375 0.64626313125 0.0412306625 0.6594715 0.0426676140625 0.6657423921875 0.04850905625 0.6794687234375 0.0544811640625 0.6923926203125 0.06441037187500001 0.69179819375 0.07335040781249999 0.6908089203125 0.07786723437500001 0.6846356625000001 0.0780915203125 0.672475978125 0.07523633125 0.6576627390625001
0 0.0874789359375 0.6924604640625 0.097501365625 0.695606496875 0.108438478125 0.6931354734374999 0.11323536249999999 0.6830858906249999 0.11502727343750001 0.6763946640625 0.121261115625 0.672615971875 0.126636446875 0.667639996875 0.1450949640625 0.6707350625 0.1536991625 0.6653387562499999 0.1533075546875 0.6526483640625 0.1487540734375 0.633169103125 0.1389933765625 0.6133204828125 0.13063218906250001 0.6042856546875 0.1204790875 0.60194205625 0.10709712499999999 0.6000187921875 0.0960480703125 0.6010208046875001 0.085857521875 0.6032201015624999 0.08068735625 0.6134055546875 0.0768421953125 0.6283928796875 0.07734575 0.6425522906250001 0.080667440625 0.660970128125 0.0874789359375 0.6924604640625
0 0.19612338437500001 0.620457353125 0.1869036859375 0.6102252390625 0.176097246875 0.611893828125 0.1673436546875 0.620364025 0.1632371625 0.6369562328125 0.1729046390625 0.6530643859375 0.18384135 0.665691071875 0.18654754375 0.6684804890625 0.19076558593749998 0.668455 0.19843678125 0.655849503125 0.2001541890625 0.6431463609375 0.19612338437500001 0.620457353125
0 0 0.680118725 0.000215653125 0.680865896875 0.0077626265625 0.6911816046875 0.0150715765625 0.697370209375 0.023291584375 0.6956424921875 0.0325936421875 0.6922568203125 0.0386126203125 0.6833241125 0.038373232812500005 0.6745623968750001 0.0366113171875 0.665090715625 0.0344431203125 0.6545027875 0.033629192187500004 0.6476356812499999 0.0314267984375 0.635796078125 0.028989115625 0.6290985984375 0.025639007812499996 0.625682828125 0.016302753125 0.6278168265625 0.007170321875000001 0.632826253125 0.00030458281249999997 0.63827479375 0 0.6385399140625 0 0.680118725