0 0.620445528125 0.13882113437500002 0.6860598890625 0.1358590203125 0.690991853125 0.09984619375 0.6467859218750001 0.0719261890625 0.59194719375 0.072608221875 0.5420287203124999 0.0955953765625 0.5497250578124999 0.12302439843749999 0.620445528125 0.13882113437500002
0 0.8429177703124999 0.7272017046875 0.8315144203125 0.7230735453125 0.8188831703125 0.73229706875 0.8181551499999999 0.756266553125 0.826297521875 0.77222763125 0.8490572562500001 0.7713020984375001 0.8551363609375 0.7560863343750001 0.852214234375 0.731219446875 0.8429177703124999 0.7272017046875
0 0.5738771859375 0.862090471875 0.567197553125 0.8786869749999999 0.56902933125 0.904202828125 0.5807010734375 0.913287803125 0.592788825 0.9245129015625 0.59978381875 0.922055065625 0.6175984109375 0.9046299046874999 0.626690228125 0.8923964609375 0.6314575625 0.8820547 0.6280187765624999 0.8670462328124999 0.6097210828125 0.8533773640625 0.586766765625 0.8479377375 0.5738771859375 0.862090471875
0 0.50850671875 0.7287408546874999 0.49883115 0.721878815625 0.484056109375 0.73169609375 0.470428446875 0.7599322875000001 0.46623480468749995 0.77948350625 0.47174356875 0.7953065625 0.501719721875 0.7876981546875 0.5087046515625 0.7753542921875 0.51342501875 0.7558306781249999 0.5128882328125 0.74591705 0.50850671875 0.7287408546874999
0 0.468875109375 0.8601180812500001 0.46645286406249997 0.8458689953125 0.4561398625 0.841091871875 0.44535716875000003 0.8553550234375 0.441200428125 0.8742020671875 0.44072067343750004 0.8833563156249999 0.4439648734375 0.891999621875 0.457696534375 0.8920131609374999 0.45991413124999997 0.890011059375 0.4685630984375 0.8862276906250001 0.469052915625 0.8869594671875 0.468875109375 0.8601180812500001
0 0.5427900640625001 0.6744415906250001 0.5509429578125 0.667563465625 0.555375759375 0.6573247078125 0.559246509375 0.6485175734374999 0.559602865625 0.6417178781249999 0.5546293312499999 0.634395340625 0.5447617218749999 0.6321736062500001 0.5344094546875 0.6345532281249999 0.5290805953125 0.6386571937500001 0.5246202734375001 0.64012803125 0.5194176515625 0.6371767265625 0.5128343156249999 0.6326919828124999 0.5060600734375 0.6318499328125 0.500820303125 0.634253975 0.49669398124999997 0.6432912281250001 0.49084125 0.648098278125 0.48135855000000005 0.652471578125 0.4788038484375 0.659399575 0.48313896562499997 0.669610815625 0.487344746875 0.6729969031249999 0.49792816875 0.6754996625 0.507271903125 0.67842448125 0.5138659031249999 0.6734127640625001 0.518542584375 0.667813540625 0.52459998125 0.66374775625 0.5310687749999999 0.6704181171875 0.5370126625 0.67316475625 0.5427900640625001 0.6744415906250001
0 0 0.26875 0.257282234375 0.26875 0.258319115625 0.2632066078125 0.22879979218750002 0.2592815640625 0.20508490468749999 0.25803871875 0.190855975 0.25729301250000003 0.181302834375 0.23539033437499998 0.1744369375 0.23027450312500003 0.1613937515625 0.2295909390625 0.153839246875 0.21492701093750002 0.13642593593750002 0.20688041093749998 0.1300571765625 0.1922786265625 0.1274942171875 0.17312028906250002 0.118443259375 0.16432294218750002 0.1035878625 0.15284339375 0.0848023796875 0.1482918859375 0.058716004687500004 0.14692475625 0.038558351562499996 0.14586833906250002 0.023143675 0.14506049062499998 0 0.15371289531250001 0 0.26875
0 0.119073540625 0.132434734375 0.12764178125 0.135260965625 0.143239228125 0.140040371875 0.164202596875 0.14827058125 0.1791340578125 0.1506378984375 0.1952698828125 0.1451443734375 0.20200582812499998 0.137573428125 0.20029777499999998 0.12480557343750001 0.180207459375 0.115036328125 0.1691443 0.11445653281249998 0.153505440625 0.11046734843749999 0.13553731875 0.10556369843749999 0.12447415937499999 0.10498390312500001 0.1139941546875 0.10839665000000001 0.11054335312500001 0.113762575 0.11237565000000001 0.1241597515625 0.119073540625 0.132434734375
0 0.0587051515625 0.8279654609374999 0.0673176765625 0.8352895218749999 0.0825181671875 0.83952249375 0.10050650624999999 0.8396061359375 0.1154580140625 0.8240670546875 0.1140620546875 0.801657628125 0.102041259375 0.77353685625 0.09168582343750001 0.762685103125 0.0710892359375 0.7633238578125 0.0540356203125 0.7821891203125 0.051317160937499995 0.8095374421875 0.0587051515625 0.8279654609374999
0 0.01131180625 0.6287507156250001 0.0064789921875 0.6473973562500001 0.012168971875 0.66144095 0.0346431703125 0.6617596859375 0.04808850625 0.6504371046874999 0.050121229687500005 0.6239119328125 0.0463088609375 0.6108258281250001 0.0372350984375 0.6000412453124999 0.0282633796875 0.5995710578125 0.017381393749999998 0.6110279765625 0.019303903125 0.61112873125 0.01131180625 0.6287507156250001
0 0.315129271875 0.8181080484375001 0.3204850328125 0.8253598156249999 0.326168696875 0.82635479375 0.3316470078125 0.8262933453124999 0.3350817171875 0.8254276875000001 0.3384932421875 0.8200296093749999 0.340043334375 0.8103513265625001 0.3381222828125 0.8022339 0.33540300156249997 0.7944231937499999 0.3283596953125 0.7895228640624999 0.3205463109375 0.7943416953125 0.31654190937500004 0.8011029203125 0.315010034375 0.8104336046875 0.315129271875 0.8181080484375001