0 0.29194106249999996 0.97163941875 0.30563075 0.97506178125 0.3160121640625 0.97294365625 0.3336189015625 0.9569204062500001 0.333300378125 0.943074575 0.3233618203125 0.9371110187499999 0.308232553125 0.9322065281249999 0.2959824328125 0.9302662984375001 0.2813238796875 0.932961115625 0.271413175 0.942678546875 0.268852546875 0.9535601140625 0.26922636875 0.9617711375000001 0.27998160156249996 0.9678640390625001 0.29194106249999996 0.97163941875
0 0.3700765109375 0.779592375 0.3703397265625 0.7990730125 0.38292208437499997 0.8042011765625 0.40237008124999996 0.8135520671875 0.422025571875 0.8110216250000001 0.43510608125 0.8024333046875001 0.4485325609375 0.7863750296875 0.4516192046875 0.7774579609375001 0.4460130953125 0.7652829125 0.428350640625 0.749944196875 0.413318259375 0.7444279859375 0.395047040625 0.754075365625 0.3810945453125 0.76816914375 0.3700765109375 0.779592375
0 0.37128198125 0.8882651734375001 0.379891571875 0.881476984375 0.37543437812499997 0.8726192156250001 0.3507956765625 0.864327390625 0.33695379375 0.867151553125 0.3267661546875 0.8680462421874999 0.3109175125 0.89939745625 0.3164820421875 0.9065494171875 0.328247725 0.9115482328125 0.3542981453125 0.9056412093749999 0.36838910468749997 0.8959588046875 0.3712266734375 0.8938999796875 0.37128198125 0.8882651734375001
0 0.44750755781249996 0.724133465625 0.4329596109375 0.7155586656249999 0.41686147812499996 0.7167713515624999 0.41276438437499996 0.7267825046875 0.41611424531249996 0.737346071875 0.43777690781249995 0.7432853515625 0.45157720625 0.7354381046875 0.44750755781249996 0.724133465625
0 0.5004259796875 0.6524565578125 0.5003931140625 0.648486734375 0.4891582375 0.6442294234375 0.47196135000000006 0.640018971875 0.4593810578125 0.6484335625 0.45803564375 0.66110546875 0.44671335 0.6657546921875 0.43891363906249997 0.6774043375 0.4351396515625 0.68870044375 0.43117965625 0.6969936265625 0.4349319546875 0.7025436984375 0.45813456406249997 0.7022540171875 0.4647091375 0.69833955625 0.4695879828125 0.6842449859374999 0.47095541093750004 0.6839659890625 0.488699140625 0.67636920625 0.5015857125000001 0.666020815625 0.5033031328125 0.6593547531249999 0.5035328453125001 0.657904403125 0.5004259796875 0.6524565578125
0 0.6274974062500001 0.5268830953125 0.6315339734375 0.5181064640625 0.6360736671875 0.50197586875 0.63594221875 0.4860965890625 0.625702759375 0.4755544328125 0.612115875 0.46943786718749997 0.594076703125 0.47054535781249995 0.5793741203125 0.475650353125 0.565688971875 0.4868634140625 0.5555701234375 0.5006236265624999 0.5398721140625 0.512013459375 0.541370996875 0.5276137390625 0.5515338859375001 0.53863934375 0.5570364671875 0.5414931765625 0.5561613265625 0.5428412953125 0.5746927859375 0.5428029296875 0.590565946875 0.5428391109375 0.6053779703125 0.5412204859374999 0.6195882671875 0.535046371875 0.6274974062500001 0.5268830953125
0 0.5345893859374999 0.6038496296875 0.5450145187500001 0.5881556203125 0.55007936875 0.5770639671875 0.5512279312499999 0.5698122296875 0.5419838921875 0.552985234375 0.5218552953125 0.5547529484375 0.5047132859375 0.5669052234375 0.5026895828125 0.575505084375 0.5028647453125 0.58693109375 0.4983250453125 0.6030616921874999 0.49163019218750004 0.61191286875 0.48341476875 0.622009940625 0.48025334375 0.6294384515625 0.4805050765625 0.6403810125 0.48665308749999997 0.6433370703125 0.49633453125000004 0.6448704609375 0.5086414046875001 0.642359484375 0.5290105578125 0.6307183375000001 0.5342614109375 0.6226296046875001 0.5324125375000001 0.6134163874999999 0.5345893859374999 0.6038496296875
0 0.655627109375 0.4255826515625 0.6585519640624999 0.42068139374999997 0.6614885562499999 0.4066623265625 0.6477639484375 0.4028792125 0.6325947000000001 0.40369534375000005 0.621203003125 0.40779203593749996 0.617117740625 0.4200198171875 0.6211795234374999 0.42602765312499996 0.6265557453125 0.43278012343750005 0.630131946875 0.43281008749999994 0.6506062703125 0.43015193749999997 0.655627109375 0.4255826515625
0 0.64467296875 0.37717645312500003 0.6396165515625001 0.3774484953125 0.6378876828125 0.3793204734375 0.6420679171875 0.38910222656250004 0.6527965296875 0.3891921171875 0.658018715625 0.3878734265625 0.6599962500000001 0.384431478125 0.65585158125 0.378946971875 0.650262271875 0.3780617125 0.64467296875 0.37717645312500003
0 0.7397491656249999 0.28333549062499996 0.7006240203125 0.2771386765625 0.6843299359375 0.289578575 0.6766211640625001 0.30659695781249996 0.6753778703125 0.314446803125 0.6764319140625 0.32587921875000003 0.6730453140625 0.3382176578125 0.6691614015625 0.3536960375 0.680861165625 0.3657416671875 0.70070796875 0.3715673484375 0.7166705046875 0.361220740625 0.7233608125 0.3370671828125 0.7237396703125001 0.330153328125 0.7257645140625 0.3218908125 0.741525703125 0.3082936125 0.7479911859375 0.2991250765625 0.7397491656249999 0.28333549062499996
0 0.746676390625 0.266729771875 0.750962996875 0.2577525859375 0.7487958609375001 0.24882612656249997 0.7405894125 0.237333784375 0.7269476874999999 0.2330273484375 0.721642615625 0.23486936093750002 0.7050643 0.24458198750000001 0.7108787890625 0.262132890625 0.7303940484375 0.2700518625 0.746676390625 0.266729771875
0 0.777120896875 0.21468790312500002 0.7828403984375 0.21022927343750003 0.782437709375 0.20372808125000003 0.7803061453125 0.19909886875 0.77381683125 0.194852353125 0.7659301875 0.1903845265625 0.7593935562499999 0.19095858125 0.755438496875 0.1978424734375 0.7541596296875 0.20139507656250002 0.7529163359375 0.2092449234375 0.7682396171875 0.2164999515625 0.777120896875 0.21468790312500002
0 0.7884286390625 0.11616253750000001 0.791460215625 0.12415300625 0.7951431343750001 0.137074696875 0.803882478125 0.1497243421875 0.8149308890625001 0.1568387484375 0.83635253125 0.1527212890625 0.8382944906249999 0.1449821 0.834978684375 0.134264359375 0.8340904140625 0.1217852984375 0.83401926875 0.113190815625 0.822319503125 0.10114518593749999 0.8060844765624999 0.0996467125 0.7922652421875 0.10550472500000001 0.7884286390625 0.11616253750000001