0 0.540471878125 0.583350325 0.5414790890625001 0.5890625 0.5760717078125001 0.5890625 0.5764218765625 0.5786181765625 0.5689953562500001 0.5638596031249999 0.5603286 0.55574694375 0.5515207265625001 0.560513625 0.54377669375 0.5747335609374999 0.540471878125 0.583350325
0 0.532742753125 0.542936196875 0.5271023046875001 0.5383069328125 0.5154407921875 0.537149559375 0.5115511359375 0.5458694453125 0.5132666484375 0.562438428125 0.5187344281249999 0.5695083453125 0.5284019203125 0.5661968984375 0.5368997359375001 0.5630917 0.5413389515625 0.5574885234375 0.5368013515625 0.5454341687500001 0.532742753125 0.542936196875
0 0.53839065625 0.5202484234375 0.5430693718749999 0.5194234390625 0.5460288484375 0.5156879890625 0.54052951875 0.498179390625 0.5291427843750001 0.49858037031249997 0.5248762390625 0.5017428875000001 0.5308582984375 0.5151493546875 0.53839065625 0.5202484234375
0 0.5811794859375 0.4295624078125 0.573955590625 0.432485959375 0.565814775 0.43020939062499997 0.5617867750000001 0.435456540625 0.5562394578125 0.4426213703125 0.5519455265625 0.45162742343750006 0.5537955671875 0.46738660000000004 0.5637883375 0.47841042656250005 0.5717518671875 0.4831929296875 0.5815912015625 0.4740339640625 0.5853914062500001 0.46222784843750003 0.5870012796874999 0.45204528125000004 0.5865294921875 0.43356840781250006 0.5811794859375 0.4295624078125
0 0.53109165625 0.440456471875 0.5341083531249999 0.452297925 0.5388054546875 0.4543568203125 0.5452172703125 0.450339121875 0.551153471875 0.4418683828125 0.5497971578125 0.42890927031250003 0.5410377484375 0.4283915625 0.5304587796875 0.42984447187499997 0.53109165625 0.440456471875
0 0.53119178125 0.3971320015625 0.5332915546875 0.403773334375 0.5370698218750001 0.4076440296875 0.5429859984375 0.4078381859375 0.549379703125 0.4054734640625 0.546538384375 0.3981379953125 0.5423006984375001 0.3951732 0.53991688125 0.3939437484375 0.53119178125 0.3971320015625
0 0.543069925 0.35915477500000004 0.531642653125 0.36281949375 0.5287088625 0.3707608265625 0.53340405 0.379831640625 0.5412970484375 0.3842141328125 0.5489441375 0.3836906375 0.5582011015624999 0.372984575 0.5516177359375 0.35847245625 0.546672815625 0.3585194890625 0.543069925 0.35915477500000004
0 0.5639514703125 0.3336131625 0.561743028125 0.33688969375 0.5552568531250001 0.354531215625 0.560870875 0.361790228125 0.5678450374999999 0.3679845203125 0.5750851328125 0.37041991093750004 0.5856297890625 0.36526103593750003 0.5867459359375 0.35227840781249997 0.5821031703124999 0.3452605796875 0.5691966328125 0.3335131921875 0.5639514703125 0.3336131625
0 0.5696866640625 0.22041661875 0.5627105875 0.22123424531250002 0.5602381265624999 0.2212577609375 0.56016568125 0.22786966875 0.5617698140625 0.23872285468749999 0.5652821515625 0.24635245156250002 0.5687763734375 0.2556350265625 0.5858014687499999 0.25387038125 0.5861760687500001 0.24019361562500002 0.5841468265625 0.233952290625 0.580122653125 0.2251756078125 0.5761852109375 0.2221578703125 0.5696866640625 0.22041661875
0 0.5677107343750001 0.27768255937499997 0.5678679984375 0.2838415171875 0.5713279124999999 0.289418128125 0.5780218578125 0.28700046874999996 0.5804781203125 0.28161801249999996 0.5786080546875 0.2745237296875 0.57788461875 0.272176615625 0.57037859375 0.27350012968750004 0.5685590359375 0.27547075 0.5677107343750001 0.27768255937499997
0 0.5540988734375001 0.261935078125 0.54719524375 0.256140796875 0.5412428453125 0.25925259375 0.5407815125 0.267170409375 0.5437276765625 0.2786118515625 0.5452975 0.2857590765625 0.5515120046875001 0.2929122078125 0.5573052281249999 0.29065336875000003 0.560096040625 0.2889239359375 0.5581211328125 0.2777236796875 0.5540988734375001 0.261935078125
0 0.570707665625 0.0383479640625 0.5763417140625 0.0369420828125 0.5817822734375 0.0326831984375 0.584220425 0.028953720312499997 0.5825981812500001 0.0197535109375 0.576260721875 0.0101473828125 0.5731877796875 0.0102767796875 0.5686660531250001 0.012723865625 0.5638621968749999 0.013570915624999999 0.5571682515624999 0.015988576562500002 0.5553124703125001 0.02126515 0.55741224375 0.0279064828125 0.5573235999999999 0.0291594515625 0.5604127421875 0.03438899375 0.56124293125 0.0338301640625 0.5661335203125 0.0387420625 0.570707665625 0.0383479640625
0 0.5634203906249999 0.0780147015625 0.5669763140625 0.077387696875 0.569660434375 0.078747653125 0.575168246875 0.080526340625 0.5793862515625 0.08192137187500001 0.5856613687500001 0.081120440625 0.5897405203125 0.0782623953125 0.5893575921875 0.07435789375 0.588469334375 0.069320334375 0.5863957671875 0.0644917765625 0.5827360671874999 0.059331817187500004 0.5761302703125 0.056524575 0.5731154734375 0.051556442187499996 0.5714949859375 0.047564615625 0.5709374078125 0.04613523125 0.56706798125 0.044984275000000004 0.558492396875 0.043135439062499996 0.5549364734375 0.043762445312499995 0.5526002078125 0.0478408734375 0.55212850625 0.05556255 0.5515523046874999 0.062691575 0.5525622390625 0.0701520015625 0.5509403046875 0.0765487953125 0.5526817453125 0.0881577984375 0.5563070953125 0.0896573328125 0.5612924046875001 0.088472746875 0.5622515359375 0.085248225 0.562461259375 0.0812392234375 0.5634203906249999 0.0780147015625
0 0.588183671875 0.1179515921875 0.585761528125 0.11287895781249999 0.5834088125 0.1099328640625 0.575617709375 0.1073346234375 0.56977849375 0.1071420734375 0.56444460625 0.10808258125 0.5615507625 0.110731625 0.5603124796875 0.11583860937499998 0.5612529890625 0.12117249687500001 0.5617232421875 0.12383943906249999 0.56255925 0.128580671875 0.5658531984375 0.131666340625 0.5693038984375 0.1356409921875 0.5696696515624999 0.13771528125000002 0.569180775 0.14360674843750001 0.5702436828125 0.1461691890625 0.57331073125 0.15143365 0.5764830015625 0.152096453125 0.579446271875 0.1515739484375 0.58265361875 0.150702865625 0.5834559968749999 0.14658936250000001 0.5828812421875 0.143329765625 0.5896273390625 0.1400014671875 0.5912313734375 0.13696877031250002 0.5908312687499999 0.13123405625 0.58942050625 0.12323322656249999 0.588183671875 0.1179515921875
0 0.555196090625 0.1821263640625 0.5510997625 0.183154196875 0.545974878125 0.1852800140625 0.544684346875 0.190090671875 0.547019165625 0.19640086406249999 0.5525441546875001 0.2000097609375 0.5558731765625 0.201561546875 0.5586968703124999 0.20198027500000001 0.564309909375 0.199157303125 0.5703058734375 0.20023883437499998 0.578079803125 0.20100686093750003 0.5852088265625001 0.20158306406249998 0.5874226921875 0.200276078125 0.5877369171875 0.19685973125 0.5874062390625 0.19325155624999998 0.5858559015625 0.1861919578125 0.5839913375 0.18254870781250002 0.5801920593750001 0.17832998125 0.5759046296875 0.1748084078125 0.5688801078125 0.174824859375 0.5666490671875 0.1743016328125 0.5635290453125 0.17393515625 0.559136390625 0.175015240625 0.556155221875 0.1789018421875 0.555196090625 0.1821263640625
0 0.47077459531250004 1 0.488117534375 0.9826424953125 0.48211294374999997 0.9603153859375 0.4639963625 0.9455206890625 0.4518731265625 0.9236728234375 0.44840938281250003 0.9098922640625 0.43741413125 0.8944415234375 0.43076000625 0.8860206171874999 0.4109375 0.8728984921875 0.4109375 1 0.47077459531250004 1
0 0.7044820140625 0.7028374984375 0.6687500562500001 0.6995437984375 0.639205015625 0.71374795625 0.6574241437499999 0.729124209375 0.6669837765625 0.7364331578125001 0.6966541171875 0.728802925 0.7091535296875 0.717604371875 0.7044820140625 0.7028374984375
0 0.5877703421875 0.8701009015625001 0.5837386546875 0.8548022796874999 0.59117284375 0.8490443453125 0.6024116203125 0.8497308968749999 0.6157047921875 0.8545022921875001 0.6318649578125 0.8578787421875 0.6462499296875001 0.8562317015625001 0.6494742796875 0.8392089359374999 0.6427016484375 0.8310642500000001 0.636589515625 0.8165771765625 0.6304002796875 0.8092190390624999 0.62149615 0.8041184453125 0.6112720703125001 0.8041423921874999 0.596152653125 0.7965800515625 0.58410338125 0.7862528171875 0.5684505640624999 0.7832316171875 0.552239346875 0.7820877125 0.5461511609375 0.77782471875 0.536359434375 0.77021238125 0.51870221875 0.7684340265625 0.50563614375 0.7725167640625 0.49208666562500003 0.7864683296874999 0.49409000937499997 0.79278571875 0.5060350734375 0.8226985140625 0.513847403125 0.83421754375 0.5197313859375 0.84741071875 0.5226983765625 0.856671153125 0.5125742921875001 0.8673504765625 0.5005468609375 0.8823677921874999 0.500518703125 0.9023846515624999 0.5106125234375 0.9268426562500001 0.5231441453125 0.9348612953125001 0.5385448687500001 0.92636451875 0.5399387609375 0.9367917484375001 0.5452882890625 0.9620863 0.556501015625 0.96766924375 0.5671313953125 0.964905403125 0.580934021875 0.9549115796875001 0.5882161109374999 0.94829104375 0.604249175 0.9534687406250001 0.6085861140625 0.9629323234375 0.6134304 0.97275115625 0.622460578125 0.9836107374999999 0.637657096875 0.9840441421874999 0.6435442390625 0.9745566140624999 0.6494563796875 0.9677329296874999 0.6613285531249999 0.9745337203125001 0.6753822234375 0.9836181078124999 0.6865699484375 0.9865372078125001 0.7004475718750001 0.9845349156250001 0.7053710671875 0.9721043421875001 0.697001390625 0.9549023734375 0.677796078125 0.9569546624999999 0.6693482453125 0.9544418640625001 0.659986765625 0.9543137109375 0.6541517265625 0.954008459375 0.64534864375 0.952003009375 0.6367237140625 0.9459637671875001 0.6391854609375 0.93974848125 0.660115971875 0.93739199375 0.66843775625 0.934145803125 0.6678814609375 0.92090263125 0.6510389546875001 0.8985240187500001 0.6391917796875 0.894387071875 0.6268622546875 0.892558721875 0.60882479375 0.888623871875 0.5958618703125 0.88068128125 0.5877703421875 0.8701009015625001
0 0.5225540093750001 0.7008330390624999 0.5300502234375 0.7011295015625 0.5346289234375 0.703235 0.537785253125 0.7101223937500001 0.540517 0.7164373546875 0.543727146875 0.734642996875 0.5506675890625 0.7483070890625 0.5666191171875 0.7561748406250001 0.5800602890625 0.7589831921875 0.59427785625 0.7551816546875 0.6022001890625 0.74504619375 0.6002630328125 0.7340600312500001 0.59548266875 0.72163330625 0.5896499390625001 0.708744840625 0.5865679140625 0.6986078484375 0.5861638234375001 0.6834675703124999 0.5893967609375 0.6705988328125 0.598611040625 0.6641193609375 0.608618378125 0.663973046875 0.6181268234374999 0.6665038953125 0.6278930453125 0.6741676859375 0.6323792453125 0.677584090625 0.6412053296875 0.6744095671875 0.6482966859375 0.6650679296875001 0.6456763999999999 0.653878571875 0.6355962890625 0.6462701296875 0.628284309375 0.6488540265625 0.6247026265625 0.6468963765625 0.6254979828125 0.636722996875 0.6244653437500001 0.6271955921875 0.6145323125 0.624092309375 0.602937328125 0.6225766734375 0.5860433625 0.6203771421875001 0.577920134375 0.6146891937500001 0.5690023156249999 0.6136724499999999 0.5559864953125 0.605934353125 0.561064853125 0.5998605078125 0.5737690828125 0.5911474171875 0.5737642000000001 0.5890625 0.5115871421875 0.5890625 0.5136143625 0.5913975312499999 0.520278834375 0.59798999375 0.5145908875 0.606113225 0.507795228125 0.613460825 0.49688184062499996 0.6231527406249999 0.497231353125 0.63247695 0.498504340625 0.6396964265625 0.50040434375 0.6523073890625 0.5065699234375 0.6615770171875 0.5092652828124999 0.6640146 0.51277265625 0.669221846875 0.5167963515625 0.6791927984374999 0.5150039796875 0.6892183296875001 0.5225540093750001 0.7008330390624999
0 0.208899696875 0.5664875640625 0.1930090671875 0.5695261781250001 0.1797199796875 0.5801528125 0.18232152343750002 0.5877408281250001 0.199235259375 0.58333846875 0.205778621875 0.577451321875 0.2151814125 0.5710599796875 0.208899696875 0.5664875640625
0 0.18353376875 0.5444533546875 0.1915416734375 0.5420946703125 0.19885778125 0.538201284375 0.20519125468750002 0.5359011796875001 0.1942984953125 0.52906511875 0.1835488171875 0.5349839484375 0.18353376875 0.5444533546875
0 0.17100796406250002 0.5116350078125 0.183619390625 0.51627466875 0.196569646875 0.5132811828125 0.20752544999999997 0.5061426640625 0.2057813578125 0.498640125 0.1906342875 0.4963409171875 0.180786296875 0.500207403125 0.1723294296875 0.502408584375 0.17100796406250002 0.5116350078125
0 0.206894759375 0.4404599453125 0.20241642187500003 0.4317828453125 0.1885428171875 0.42476238437499997 0.1935331640625 0.4196224125 0.2023251 0.4121554359375 0.2003494609375 0.396173646875 0.17473978437499998 0.3990326421875 0.1667648265625 0.4063555640625 0.164707328125 0.41618510625000005 0.16286348125 0.420060259375 0.1468994296875 0.41790510625 0.1236079859375 0.4267453921875 0.130161721875 0.4400265890625 0.1454631609375 0.4479786296875 0.1628475203125 0.4558000640625 0.167940475 0.463185446875 0.1838010046875 0.47908564218749994 0.20067802812500002 0.4720863984375 0.20796871249999999 0.45849407500000006 0.20917252187500002 0.446211703125 0.206894759375 0.4404599453125
0 0.166021746875 0.1965033953125 0.170395409375 0.2031523140625 0.1745696671875 0.213209171875 0.183208790625 0.2213544953125 0.1915197203125 0.21629142343750002 0.1909572375 0.204023746875 0.1860488203125 0.1920726734375 0.1765181515625 0.1834099984375 0.1639802171875 0.1871947390625 0.166021746875 0.1965033953125
0 0.12313663593749999 0.0859873265625 0.109763553125 0.0899536421875 0.10217090468750001 0.09249864062499999 0.1009775140625 0.0971318390625 0.0988893140625 0.10353109375 0.0881996984375 0.1090345921875 0.086982753125 0.11809471406250001 0.092487203125 0.1219489703125 0.105033284375 0.12697401875 0.116570596875 0.12855830937499999 0.128245428125 0.130922490625 0.1394389515625 0.1305570515625 0.1498751859375 0.1327375625 0.155632065625 0.13574316875 0.1618476484375 0.1390699640625 0.1668010828125 0.146640009375 0.17535634375 0.1495542578125 0.1829028359375 0.149027746875 0.181390159375 0.14044893125 0.176391521875 0.12806201718750002 0.1748100875 0.11909325468750001 0.173549840625 0.109665790625 0.176005384375 0.10078934218749999 0.17444655 0.094229015625 0.16577732812499998 0.08610795156249999 0.155570921875 0.08067035781250001 0.14662571562499999 0.07782486875 0.13818441718750002 0.0801174375 0.13153177968750002 0.08571324687500001 0.12313663593749999 0.0859873265625
0 0.161402459375 0.38900645312500004 0.16738175625 0.3876062421875 0.1779198765625 0.382634990625 0.1839591453125 0.3756898125 0.18617050156249998 0.3666524015625 0.185559534375 0.3612257375 0.184258184375 0.353845409375 0.1842987109375 0.346228471875 0.18376715937500002 0.337328809375 0.17970345625 0.3280142625 0.16731135 0.3263944296875 0.1602664921875 0.327636628125 0.157068990625 0.333043028125 0.1587049921875 0.34624464062500004 0.1631633171875 0.3558355046875 0.1605767828125 0.3666685703125 0.1510847796875 0.36972586406249996 0.14918944843749998 0.376632153125 0.1506091046875 0.38468342031249997 0.151970425 0.3865187796875 0.161402459375 0.38900645312500004
0 0.2417603390625 0.6127392078125 0.2609242921875 0.6245251796875 0.27791251250000004 0.6336617718750001 0.296644234375 0.6429964406249999 0.32329410468750003 0.6342533234375 0.33059255 0.6223508484375 0.3223723578125 0.6096462046875 0.3157587109375 0.6012078078124999 0.30391455624999997 0.5921751859375 0.3004631625 0.5890625 0.22164840625 0.5890625 0.22856897968749998 0.6009111171875 0.2417603390625 0.6127392078125
0 0.1819771390625 0.5934559187499999 0.16439057031249998 0.605150459375 0.1724378671875 0.6168745828125 0.18263954843750002 0.6165922593750001 0.1974666140625 0.61347234375 0.20022612031250003 0.604897721875 0.20476505781249998 0.60156986875 0.1983243046875 0.5941119953125 0.1819771390625 0.5934559187499999
0 0.190520725 0.6515988171875 0.18970677656249998 0.64213778125 0.1782443375 0.6401148921875001 0.1655930046875 0.6458841859375 0.1631792859375 0.65641985 0.1785250296875 0.656241496875 0.190520725 0.6515988171875
0 0.20508064531249998 0.6808782046874999 0.20578679375000003 0.67519315625 0.20086613749999999 0.6715112750000001 0.1828114015625 0.6757058171875 0.18533292031249998 0.6803162359375 0.1895114953125 0.6846344703125 0.1957434234375 0.6860631296874999 0.20508064531249998 0.6808782046874999
0 0.14829389843750002 0.6979682828125 0.14750130156250002 0.7031630703125 0.15067845625 0.7066468765625 0.1574795765625 0.7064586625 0.165246184375 0.70205618125 0.171924925 0.6963290093750001 0.1684884328125 0.6913744234375 0.1590793484375 0.686461959375 0.15322913437500002 0.6920430359374999 0.14829389843750002 0.6979682828125
0 0.33758416874999997 1 0.350823559375 0.99386685625 0.372228340625 0.994136640625 0.3904918984375 0.9959713140625001 0.4105999890625 0.9888871937499999 0.4109375 0.988660128125 0.4109375 0.8545754562500001 0.40714422031249997 0.8530107078125001 0.40627975781250003 0.8481081046875 0.40847007343749997 0.841150353125 0.4109375 0.837302515625 0.4109375 0.8080081234375 0.3988094609375 0.800897025 0.394148140625 0.7986859234375 0.3960936984375 0.7806502609375 0.394451221875 0.771335315625 0.3846244875 0.75436441875 0.37552525625 0.7463643015625 0.36290308437499996 0.7329193359375 0.3545459328125 0.7242828640625001 0.34710375781249997 0.7159905640625001 0.327817425 0.6986656375 0.32146311875 0.691698025 0.317025203125 0.685909009375 0.31307003437500003 0.678012859375 0.308855528125 0.6686459296875 0.28824334218750003 0.663181359375 0.2680993203125 0.6652167828125 0.25021747968749997 0.6703918468750001 0.23948254375000003 0.6773397359375 0.23232105625 0.6851740390625001 0.2286825109375 0.698453190625 0.22701087343749998 0.708352503125 0.20574982187500002 0.7282775 0.19984909687500002 0.7384170109375 0.1937608984375 0.7571831328124999 0.18347954375 0.7812381484375 0.1693867515625 0.8175917937499999 0.176468559375 0.8335301859375001 0.1936801859375 0.8390888625 0.204436475 0.8467967984375001 0.204371378125 0.8609623609374999 0.21317534375 0.8624430046875 0.2235499140625 0.8631412031249999 0.22536528281249998 0.8734366687499999 0.22265629062499998 0.8774528593750001 0.2218996265625 0.887696340625 0.237713534375 0.895017984375 0.2645217171875 0.8968625171875001 0.28096990625 0.8884017249999999 0.30001148125 0.8946487375000001 0.2910919125 0.9118920953125 0.2722300015625 0.9308885546875001 0.26091129375 0.9490604453125 0.255097015625 0.9596902187499999 0.2616096328125 0.9772454828124999 0.2619408359375 0.9888136515625 0.2616977359375 1 0.33758416874999997 1