0 0.5077888453125 0.4954819890625 0.49121756562499996 0.5050716109375 0.485867490625 0.5131533046875 0.4947565390625 0.5201821062499999 0.5106281421875 0.5151089343749999 0.527871553125 0.5084649296875 0.5457734656250001 0.4987204015625 0.5499712359375 0.49117603593750003 0.5364317890625 0.48771248125 0.520423034375 0.4909873 0.5077888453125 0.4954819890625
0 0.555416115625 0.564525975 0.553180225 0.5567226390625 0.5530433671874999 0.5353699484375001 0.542754965625 0.5373740515625001 0.5326585171875 0.5458067140625 0.5270477671875 0.556337846875 0.5251134359375 0.5642234828125 0.52611466875 0.57539600625 0.537335875 0.5738880828124999 0.555416115625 0.564525975
0 0.5647392015625 0.5427011796875 0.569501665625 0.54342909375 0.580103775 0.541925384375 0.589896365625 0.548170878125 0.589438290625 0.5503502734375 0.5981536984375 0.559555303125 0.6064132046874999 0.5635669984375 0.6123050812499999 0.566716946875 0.6107698218750001 0.5718558796875 0.6060595875 0.5765095390625 0.60126775 0.584149934375 0.6026104250000001 0.59335279375 0.6190206328125 0.605358503125 0.626985271875 0.6055761125 0.6353013546875 0.600223915625 0.6362740812500001 0.586501234375 0.639884278125 0.5710572328125 0.6475497031249999 0.582226221875 0.6530629328125 0.59194155625 0.6635834390625 0.5934245859375 0.671822265625 0.5763136656250001 0.6753508578125 0.5638564015624999 0.6663427578125 0.5434845546875 0.6536428562500001 0.54154345 0.6588383671875 0.53371481875 0.667206678125 0.53374419375 0.6744727796875 0.53035595625 0.6762778765624999 0.5226339531249999 0.674182259375 0.5118164078125 0.66692050625 0.5004591828125 0.6620786125 0.49534527500000003 0.6546242796875 0.49832984218750004 0.6470633109375 0.4979239953125 0.6425434875 0.49560859375 0.6348737140625 0.49918506718750005 0.6272039406250001 0.5027615421875 0.62338265625 0.5040519875 0.6183775546875 0.5049115609375 0.6079908828125 0.5058233624999999 0.5985453859375001 0.5087535265625001 0.5945086640625 0.5106358796875 0.5801374984375001 0.5188116093749999 0.5722794890625 0.5219844109375 0.5641788437499999 0.5267447 0.561486971875 0.5304571796875 0.5619156703125 0.536646096875 0.5647392015625 0.5427011796875
0 0.9447923656249999 0.740824478125 0.9571702171875 0.7312758359375 0.9568815984375 0.714415025 0.9447293890624999 0.7100103484375 0.9285581265625 0.715033296875 0.9182218687500001 0.7217415484374999 0.9128845078125 0.7355606640625 0.9249559656249999 0.748815425 0.9392946609375 0.7452764765625 0.9447923656249999 0.740824478125
0 0.8647876109375 0.7749840109374999 0.87499443125 0.7878493484375 0.8925160703125 0.780308334375 0.8989140234375 0.7741776234375 0.9089771140625 0.7650789140625001 0.9041872468750001 0.7566116593750001 0.9006028640625001 0.7507295765625 0.8876466109375001 0.75362388125 0.8772782843750001 0.7584587109375 0.8667330015625 0.766523353125 0.8647876109375 0.7749840109374999
0 0.7115133609375001 0.8433096734375001 0.7122687203125 0.8467341968750001 0.7429069546875 0.84566599375 0.749240771875 0.8357884375 0.7464283625 0.8207339484375 0.7412204390625 0.814979475 0.7236667328124999 0.820647065625 0.715404140625 0.826388353125 0.7102116703125 0.835104234375 0.7115133609375001 0.8433096734375001
0 0.6961770484375001 0.8699743453125001 0.7004372 0.8610637546875 0.6953420968749999 0.8483326203124999 0.688992828125 0.8437398249999999 0.676277671875 0.8471511625 0.6640767796875 0.8534699921875 0.6619544281249999 0.8651604640624999 0.6742028453125 0.8751854109374999 0.68926483125 0.8731975656250001 0.6961770484375001 0.8699743453125001
0 0.19288498125 0.3987378171875 0.1942800375 0.41566448593749994 0.20421917500000003 0.41707194843749995 0.22835608125 0.40911245 0.24076624062500002 0.403874784375 0.2559354796875 0.3786747703125 0.2596151890625 0.362677425 0.264136453125 0.3484848046875 0.2647139703125 0.33777904531249997 0.264160471875 0.3226571015625 0.2513549578125 0.3170933796875 0.224509815625 0.325217175 0.21451983281250003 0.34360776249999997 0.20584443281249998 0.3608360640625 0.1969063953125 0.38148255781249996 0.19288498125 0.3987378171875
0 0.1462674609375 0.412236615625 0.13774879843750001 0.41785679375000007 0.13788151875000002 0.43207637343750005 0.15899530625 0.43156873906250004 0.1720098109375 0.42165496406249997 0.17300810625000002 0.41185156718749993 0.167381246875 0.41172897812500003 0.160202590625 0.4062878453125 0.1462674609375 0.412236615625
0 0.12015517499999999 0.382117853125 0.10748237812500001 0.3907737109375 0.11550259062499998 0.3980195703125 0.1291750859375 0.3954889921875 0.1374042859375 0.3872573546875 0.13264440625 0.379040465625 0.12015517499999999 0.382117853125
0 0.11286922031249999 0.3525581125 0.11192316875 0.3584921359375 0.1125020890625 0.363715053125 0.1296975546875 0.35679525 0.1316164796875 0.35095685625 0.12777722656249998 0.34670496875 0.11715467187499999 0.3478133359375 0.11286922031249999 0.3525581125
0 0.078899071875 0.367300078125 0.0868924609375 0.368516284375 0.0917822578125 0.3590954 0.09175543281250001 0.35306574999999996 0.0829995578125 0.35220509375 0.074112365625 0.3530535359375 0.068433259375 0.356800321875 0.067828915625 0.36147642812499997 0.07145778124999999 0.3652771359375 0.078899071875 0.367300078125
0 0.07699109062500001 0 0.06763991875 0.006724973437499999 0.0427927734375 0.01117065 0.0278847671875 0.0170237953125 0.0201554171875 0.028318071875 0.010110384375 0.018720678125 0 0.0230760125 0 0.0652934421875 0.0040937765625 0.07151141093749999 0.008828237499999999 0.0896273265625 0.019688003125 0.0949997921875 0.039382714062500004 0.103393190625 0.0657294078125 0.10813543125 0.08292627500000001 0.1171443078125 0.07091146875 0.1331833609375 0.05258499062500001 0.135686978125 0.03168299375 0.1525744734375 0.022928521875 0.1676424984375 0.0294237625 0.1755994625 0.03394643125 0.17733551875 0.0383646046875 0.18681032343749998 0.030266725 0.1933328640625 0.023904201562499998 0.19959548124999998 0.0320825578125 0.21116189375 0.0276926109375 0.22364541875000002 0.0167819984375 0.2380710046875 0.02012280625 0.255188928125 0.052518542187499996 0.276884796875 0.07473792500000001 0.2906923703125 0.0904888890625 0.3025726296875 0.10113826562499999 0.30749391406250004 0.1299828078125 0.311620678125 0.1370301453125 0.318770909375 0.14762727656250002 0.32756156875000003 0.15798719375 0.32987139375 0.170765884375 0.32940546406250004 0.1883821265625 0.3233880265625 0.20605061406249997 0.31350121249999996 0.21980077968749998 0.297202234375 0.21788045 0.28711195156249997 0.216591290625 0.2783752140625 0.21690617343750002 0.271087646875 0.21811485937500003 0.26173543125 0.22397612812499998 0.23648149687500003 0.22531613281250001 0.22542018593750002 0.22720823281250002 0.21355213593750003 0.22983599531249999 0.1952988859375 0.23270097031249998 0.18352646875 0.23101645468749998 0.16398833906250002 0.22701905937500003 0.1554158984375 0.21508052187499999 0.1417578734375 0.217630615625 0.13727302187499998 0.2249914328125 0.1212070078125 0.217496490625 0.1071247640625 0.209344959375 0.1015880015625 0.20245576562499998 0.0987583265625 0.19667076249999998 0.094315184375 0.19456686875 0.08980337031249999 0.21657165625000002 0.0553737296875 0.2160704015625 0.0363824125 0.2185146015625 0.02370763125 0.2198546046875 0.01264631875 0.22176287968750003 0 0.07699109062500001 0
0 0.407591028125 0.897283540625 0.3980466484375 0.90040293125 0.390853253125 0.9064197203125 0.38000668125 0.9174680890625 0.372190434375 0.9264377765624999 0.3703218703125 0.9352964703125 0.3752787890625 0.94163800625 0.3839743859375 0.9495642359375 0.39082888437499996 0.955686528125 0.3967200859375 0.9575987140625 0.4095497359375 0.952947378125 0.4207367515625 0.9490620156249999 0.431328378125 0.93746691875 0.432687053125 0.9275147609375001 0.4327710015625 0.914828946875 0.4254630953125 0.9055900125 0.407591028125 0.897283540625