0 0.686696759375 0.6115504328125 0.6783266359375 0.63514534375 0.6724788687500001 0.6692715375 0.688535996875 0.71187314375 0.7024972843749999 0.7235579890625 0.720390396875 0.7221038890625 0.7302699359375 0.7036743203125 0.726669671875 0.6690339890625 0.7076186984375 0.6233105812499999 0.686696759375 0.6115504328125
0 0.7775535765625 0.48164341093749996 0.7837960984375 0.49084456093749995 0.7956515828125 0.5067958390625 0.8080991718750001 0.514391771875 0.8180316453125 0.513084165625 0.81828868125 0.4976498578125 0.8110628046875 0.4735155546875 0.7873518374999999 0.4416129984375 0.7789261484375001 0.42968673749999997 0.7655545140625 0.42426773281249996 0.755960228125 0.43355482656250005 0.76099669375 0.4531629578125 0.770374521875 0.47101706718749997 0.7775535765625 0.48164341093749996
0 0.7333949203125 0.46341300781249994 0.726782996875 0.43722706875000006 0.7115663828125001 0.43706243906250003 0.7016307859375 0.4374695125 0.6945297625 0.4493564265625 0.7011292015625 0.471940246875 0.709567375 0.4874686265625 0.7217142265625001 0.49789143437499994 0.7294635375 0.49385871875 0.7343970015625 0.4837493453125 0.7333949203125 0.46341300781249994
0 0.6944173953125 0.4169373296875 0.7043561125 0.41743078437500003 0.7118140546875 0.41892654062499995 0.7136465453125 0.4100700421875 0.712697525 0.40504272031250005 0.705825446875 0.39339055625 0.697722340625 0.38494113125 0.6802975906250001 0.37484715 0.675990565625 0.386507009375 0.6813340078125 0.40508932187499996 0.6866556 0.41736792500000003 0.6944173953125 0.4169373296875
0 0.8309475718750001 0.38702572343749997 0.8228819218750001 0.3893826640625 0.81168096875 0.383086646875 0.7936547515625 0.37864641875 0.7893664515625 0.3957094625 0.7965798421875 0.41624164218750004 0.8087579093749999 0.4356697578125 0.8193199421875 0.4368131703125 0.8283439749999999 0.4421851375 0.8466865312499999 0.4483011390625 0.8472692687500001 0.4372441953125 0.8475512765625 0.42901413593750004 0.8502953296875001 0.41437859218749995 0.8396677499999999 0.3943240421875 0.8309475718750001 0.38702572343749997
0 0.68766581875 0.3450791703125 0.6907636265625 0.3430762203125 0.693070728125 0.33688459375 0.6902026796875 0.330529796875 0.6842290234374999 0.323927034375 0.679818575 0.320449478125 0.6798497828125 0.329453146875 0.682717828125 0.3358079421875 0.68766581875 0.3450791703125
0 0.6592610484375 0.2998589703125 0.6554202140625 0.29799873125 0.6550589953125 0.297946746875 0.6541451625 0.30327965625000003 0.65461691875 0.3048940359375 0.6558738859375 0.30889863906250004 0.6577499671875 0.3122018609375 0.6602404765625 0.3134518546875 0.6624065921875 0.3107717046875 0.6617609265625 0.303812646875 0.6592610484375 0.2998589703125
0 0.7361867203125 0.30262236875 0.7410281859375 0.309691190625 0.7450641375 0.3085118046875 0.746915228125 0.3046051984375 0.746112834375 0.2972582203125 0.743144325 0.292591390625 0.7378420343750001 0.2870624890625 0.7347480296875 0.291020015625 0.7340003015625001 0.2994445328125 0.7361867203125 0.30262236875
0 0.7960578875000001 0.2867918296875 0.7957026421875 0.27628737812500004 0.7953538046874999 0.267632159375 0.7900538796875 0.256347753125 0.785874734375 0.24646234687500002 0.7805924359375 0.24026333281249998 0.7743629750000001 0.236761775 0.771997475 0.244198875 0.7722015375 0.2570791890625 0.773043984375 0.2701645328125 0.781703040625 0.2847213171875 0.7901756625 0.29148318125 0.7960578875000001 0.2867918296875
0 0.7773668609375 0.22952970156250002 0.782781115625 0.2278051578125 0.7816314921874999 0.2180846078125 0.7811442921875 0.21550371875000002 0.7776035296875 0.205823340625 0.773914790625 0.19944344375 0.7710364484375 0.19690272343749998 0.7680229484375001 0.20136094531249998 0.7659790453124999 0.20959402656249998 0.7720925750000001 0.2256422265625 0.7773668609375 0.22952970156250002
0 0.658312646875 0.1466142734375 0.6551527703125 0.15483528124999998 0.65819831875 0.15962322499999998 0.6618918671875 0.167390046875 0.6665534046875 0.1784694203125 0.6697517390625001 0.18134381093750002 0.674053225 0.1805318078125 0.6805834515625 0.1788193390625 0.6799018015625 0.166131984375 0.66916038125 0.14871288124999998 0.658312646875 0.1466142734375
0 0.641022259375 0.2174879234375 0.64760055625 0.22964470312500002 0.655100375 0.23170708750000002 0.66082340625 0.22708005468749998 0.6580706125 0.21476654375 0.642855690625 0.194525296875 0.639517390625 0.1972629265625 0.63858785625 0.20504577343750002 0.641022259375 0.2174879234375
0 0.7230443734375 0.10286864375 0.7131213671875 0.0916002609375 0.7043271484375 0.0840424171875 0.6952529984375 0.0877086125 0.690813146875 0.0945949421875 0.68941724375 0.10580690468750001 0.6948683499999999 0.11471544843749999 0.7073881609375 0.13928628125 0.7206767125 0.155676275 0.72576936875 0.1531557515625 0.727163671875 0.1414814796875 0.7264916375 0.131567975 0.7270851546875 0.1188283765625 0.7230443734375 0.10286864375
0 0.7949394390625 0.8113568828125001 0.7997905796875 0.816913984375 0.8056583265624999 0.8170489546875 0.8026646109375 0.79971634375 0.7985045093750001 0.7943811843749999 0.792100703125 0.7889502578124999 0.7898916921875 0.79886326875 0.7949394390625 0.8113568828125001
0 0.7172206921875001 0.5440782937499999 0.7217167718749999 0.5467720093749999 0.7272329296875 0.545044478125 0.7273584234375 0.531463015625 0.7225020796875 0.5244046 0.715769234375 0.52361686875 0.7147630328125001 0.532041628125 0.7172206921875001 0.5440782937499999
0 0.6966289359375 0.5278420781250001 0.70148354375 0.5344000546875 0.701144096875 0.5360406203125 0.7044234875 0.536219075 0.7069927625 0.5306707703125 0.7064567046875 0.5253748171875 0.7043593109375 0.5177028546875 0.6977762421875 0.510339803125 0.692944184375 0.5102875234375001 0.69297366875 0.5187949765625001 0.6966289359375 0.5278420781250001
0 0.8156757859375 0.6649513765624999 0.8237019875 0.648938421875 0.823426396875 0.6380053046875 0.8248111640625 0.626056221875 0.8252878921875 0.6092969171875 0.8288304453125 0.6026885421875 0.8333140968749999 0.5932839624999999 0.82969389375 0.5774896468749999 0.8185031046875 0.5720019765625 0.808409128125 0.574354509375 0.8033499859375001 0.5891686953125 0.7963998984375 0.5899058765625 0.788215203125 0.57733629375 0.7791583078125 0.57029619375 0.7707067703125 0.5664629078125001 0.7551641546875001 0.574123090625 0.751450746875 0.5828713328124999 0.7514296328125 0.5939243265624999 0.7571387234375 0.6123260703125 0.7638219687500001 0.6203251859375001 0.769369371875 0.6263672359375 0.7815251484375 0.635951840625 0.7875189984375 0.6507871390625 0.7777456218750001 0.65991293125 0.765721665625 0.654071603125 0.749561746875 0.655078403125 0.7496664828124999 0.668151384375 0.754176803125 0.68358606875 0.770723025 0.70830865 0.7844523437500001 0.7089741546874999 0.8091928453125 0.6975977875 0.8200391421875001 0.6894190640625 0.8117616562500001 0.6672230671875 0.8156757859375 0.6649513765624999