0 0.3114481609375 0.07017137031250001 0.3037458890625 0.078201071875 0.30253866406249996 0.083635840625 0.309698559375 0.08654808593749999 0.3193886453125 0.0860795734375 0.33425350468750004 0.08454625625 0.3449327859375 0.0815860984375 0.3540697296875 0.0777229828125 0.3588030671875 0.07537615156250001 0.36540443906250003 0.0677255203125 0.358574275 0.06398272656250001 0.34844275156250004 0.0631692125 0.33787248281250004 0.064657809375 0.324108525 0.06581205625 0.3114481609375 0.07017137031250001
0 0.321497584375 0.1082978171875 0.31819891562499997 0.114811234375 0.320844846875 0.11891925625 0.32833313125 0.11920888593750001 0.344628625 0.1164659484375 0.3515637640625 0.1133609765625 0.356737190625 0.11050410156249998 0.3689547765625 0.10307069375 0.3663074984375 0.0971706015625 0.35892823125 0.0954094125 0.3471467015625 0.096956571875 0.3408710234375 0.0984004484375 0.3309629125 0.10181208593749999 0.321497584375 0.1082978171875
0 0.43864935000000005 0.382369325 0.43698857812499997 0.3703934515625 0.42509669062500005 0.37162010625 0.417943525 0.3776682015625 0.4202624140625 0.3861909109375 0.4279727609375 0.3889136203125 0.4365592546875 0.385240040625 0.43864935000000005 0.382369325
0 0.43725236093750003 0.42838065781249995 0.4417690171875 0.43076901875000007 0.45300009531249996 0.42941139375 0.459493796875 0.4250243921875 0.460368596875 0.41683603593749996 0.45485736250000003 0.409771046875 0.4470366546875 0.4067278296875 0.43679746562500005 0.40917794531249996 0.4319564609375 0.41478840781250004 0.43725236093750003 0.42838065781249995
0 0.554367790625 0.654066315625 0.5519385437500001 0.6452231 0.5429106140625 0.6476146546875 0.5342137625000001 0.650967725 0.526508796875 0.655413290625 0.519467334375 0.6635739609375 0.5177096625 0.6691982671875001 0.5071393921875 0.6706868640625 0.49865787656249994 0.667512675 0.487763259375 0.6770000953124999 0.489088915625 0.68263824375 0.493608265625 0.6886107406249999 0.50726455625 0.6907201234375 0.5212492328125 0.6902068890625 0.5252127484375 0.6892006484375 0.5314884234374999 0.6877567734375 0.5459118468749999 0.6849414281249999 0.55427761875 0.6806268359375001 0.5553731375 0.6730794921875 0.5544889203125 0.6687233703125 0.5522817343749999 0.6623132375 0.554367790625 0.654066315625
0 0.5562761984375 0.702524571875 0.5437208078125 0.70003611875 0.5258843234375 0.7036681687499999 0.51994106875 0.7078656343749999 0.51466131875 0.71577820625 0.5184121875 0.7248833625 0.5259031640625 0.728757128125 0.5404382921875001 0.728054359375 0.5505684671875 0.7270758046875 0.5567324375 0.723519353125 0.5613554171875 0.720852015625 0.5697211890625 0.7165374234375 0.574341478125 0.710285946875 0.5722446515625 0.704196321875 0.5654158328125 0.7022455953125 0.5594698890625 0.702858921875 0.5562761984375 0.702524571875
0 0.536371146875 0.737700434375 0.5239315 0.7427007640625 0.520963909375 0.7501757 0.5253715515625 0.7540356234375001 0.5374881953124999 0.7588261875 0.5433237828124999 0.757892353125 0.5483881984375001 0.7565070421875 0.5562048640625 0.7541740531250001 0.5691949625 0.7489841921875 0.570733265625 0.7445109421875 0.5667657140625 0.740140978125 0.55795311875 0.7360052671874999 0.548592765625 0.7356432328125 0.536371146875 0.737700434375
0 0.5320980859375 0.766418253125 0.5299003203125 0.7725526015625 0.5305611296875 0.772683571875 0.5355178781250001 0.774561890625 0.5381624625 0.77687784375 0.5427881328125 0.7777946421874999 0.5498349796875 0.7768022453125 0.5562196687500001 0.77388680625 0.5584160890625001 0.7659603921875 0.5574242015624999 0.7648678999999999 0.5486129515625 0.7625242625 0.53991475625 0.764085265625 0.5320980859375 0.766418253125
0 0.40026388593749995 0.1892478671875 0.41080619531250007 0.187031059375 0.4162115234375 0.17810384375 0.40896885625 0.1721184796875 0.40207176718750004 0.17260906874999998 0.3895965625 0.1787888953125 0.38122160156249996 0.17225127812500002 0.3786253296875 0.166079234375 0.37645019375 0.1597621796875 0.37776138125 0.1498893546875 0.3791420203125 0.147058625 0.37145043437499997 0.1384014296875 0.3629860265625 0.137076353125 0.353417109375 0.1380158578125 0.3364127359375 0.1419866625 0.330586271875 0.1510588890625 0.3313946578125 0.16161509062499999 0.33845064687500004 0.1629540578125 0.3456238625 0.16189732343750002 0.354785534375 0.16251124687500001 0.3555383609375 0.16743376875 0.345603865625 0.1741519640625 0.342856478125 0.181221840625 0.3525643 0.19436653125 0.3686369515625 0.1958982859375 0.37803308125 0.191720803125 0.38419123437499997 0.1877161125 0.389679903125 0.1872394140625 0.40026388593749995 0.1892478671875
0 0.5214809109375 0.59737891875 0.5155572140625 0.59659220625 0.5096196281250001 0.5943970734375 0.510869146875 0.5925536265625 0.5136165359375 0.5854837484375001 0.5121664453125 0.58127238125 0.5101641 0.5781933031250001 0.5073194796875 0.5754042453125 0.5038053765625 0.57614318125 0.49790945937500003 0.5781733078125 0.49204132500000003 0.583020275 0.4864493171875 0.5873010937500001 0.4827285375 0.595648271875 0.48278409843750003 0.6012819515625 0.49262914531249996 0.5997762984375 0.5011074437499999 0.602509796875 0.49330641249999996 0.611319784375 0.4881494328125 0.6168640140625 0.48734883125 0.621379290625 0.4938047859375 0.63328835 0.49808560625 0.6388803578125 0.50569385 0.6390870343749999 0.5153522171875 0.6329349875 0.5230360171874999 0.626520703125 0.525479496875 0.61720013125 0.527052921875 0.6053527375 0.5214809109375 0.59737891875
0 0.5852016328125 0.96601185625 0.5756007515625 0.9693177046875 0.57144036875 0.9707502390625 0.566991625 0.97550381875 0.5644630546875 0.9795962265625 0.5653657265625001 0.9842970281250001 0.5721813421874999 0.9916154828125 0.5794951578124999 0.9951826671875 0.653652890625 0.9714379750000001 0.6693237734374999 0.9649681390625 0.6731793234375 0.9543332812499999 0.6655032578125 0.9465951578125 0.655319734375 0.9450900109375 0.6487093140625 0.9477241328125 0.6441292625 0.9500171156249999 0.6342294625 0.9555737265625 0.621627565625 0.95848101875 0.6142352234375 0.9578046515624999 0.6041935625 0.9598303843749999 0.592551753125 0.9624070890624999 0.5852016328125 0.96601185625
0 0.67485285 0.9013714875 0.6704114015625 0.8843220859375001 0.653528865625 0.8767966421875 0.6471748749999999 0.8680278187500001 0.6397460640625 0.8658219890625001 0.63312688125 0.8590499875000001 0.633629175 0.8522077515625 0.629906896875 0.8358634734375 0.6232113046875 0.8357870625 0.6163831156249999 0.8367090656249999 0.6133457390625 0.8320383890624999 0.6172691515625 0.8254473000000001 0.6238242765625001 0.8112807562500001 0.619278325 0.7980783546875 0.6095313109375 0.7919069750000001 0.5943320875 0.7961877328125 0.5836990359375 0.8012781171875 0.572919340625 0.80594261875 0.56017091875 0.8131905171874999 0.5535736531250001 0.823084175 0.5548451296875 0.8364613125 0.5590697 0.8459633562500001 0.564557875 0.8536011734375 0.57843113125 0.8593045281249999 0.5933370671875 0.854172003125 0.6029936265625 0.86561468125 0.6035740265625 0.8811352859375001 0.5961530875000001 0.894170821875 0.5827057156250001 0.8883208218749999 0.561501975 0.8903817046875 0.54475990625 0.8970992156250001 0.527829053125 0.8991179562499999 0.524841690625 0.9139615296875 0.5376884421875 0.9166836984375 0.5491592140625 0.9098757328125 0.5577611734375 0.9154886328125 0.565469225 0.917121934375 0.568199265625 0.919516546875 0.5734082 0.927726890625 0.5846497453125 0.9410057015625 0.5970987046875 0.9467231046875 0.601664878125 0.9475327312499999 0.6284191546875 0.9449897765624999 0.6410490281250001 0.9401645859375 0.650111140625 0.9346623640624999 0.6553402968750001 0.930479934375 0.6653165390625 0.9165645359375001 0.6696939296875 0.9126753953125 0.67485285 0.9013714875
0 0.4602342109375 0.45674775937499995 0.45986439843750004 0.46062818437499997 0.463385071875 0.465898528125 0.45994488437500003 0.46878902968749997 0.44986897812500004 0.471234871875 0.44655393906249996 0.4764706109375 0.4497897078125 0.48388619374999997 0.45654051406249996 0.485655984375 0.46100080937500004 0.482755421875 0.46351586093749997 0.47915989999999997 0.46553595156250005 0.4770995671875 0.47407666875 0.4741587625 0.4788419890625 0.471153171875 0.481746971875 0.46571743750000005 0.48086650156250005 0.459196809375 0.47633578125 0.4549566328125 0.46877492812500005 0.4538069546875 0.4602342109375 0.45674775937499995
0 0.46240885625 0.5324255078125 0.45663349062499997 0.5364612656250001 0.45708378749999995 0.540741684375 0.459594415625 0.5470421937500001 0.46148493281249997 0.5525326546875 0.46389053437500005 0.5585281390625 0.471071515625 0.5625381359375 0.47149162968749997 0.5637582375 0.47196204843749995 0.57007886875 0.4772078484375 0.5744140125 0.48118324062499995 0.5740687453125 0.48667370156249995 0.5721782281250001 0.492764153125 0.569057546875 0.4958892578125 0.56525196875 0.49515405625 0.563116790625 0.49287360468749997 0.5594665437499999 0.49080321250000003 0.5564263484375 0.492508215625 0.5534509390625 0.49224785468750004 0.547740359375 0.490472428125 0.54357503125 0.49878296562499996 0.5379839625 0.4981427328125 0.535133703125 0.4951170203125 0.5283281718749999 0.4917416171875 0.527443278125 0.48473608749999997 0.53087904375 0.48282102812499994 0.5332444015625 0.483396475 0.5398700578125 0.48383671093749997 0.5431303703125 0.48091160468750005 0.5465258953125 0.47714626875 0.5474812140624999 0.4724256140625 0.544671196875 0.46743453593749995 0.535130496875 0.46240885625 0.5324255078125