0 0.6323987671875 0.34895898125 0.6539687453125 0.34959123124999997 0.67089570625 0.33928495000000003 0.6793521625000001 0.32611880625 0.685086371875 0.3059878015625 0.6842792640625001 0.296586203125 0.6742057906250001 0.2877439515625 0.6518315171875 0.28091530625 0.6358551078125 0.281990215625 0.6230874625 0.2982351109375 0.6160736796874999 0.316785409375 0.6106544515625 0.3317024875 0.6188183984375 0.34939187656250004 0.6323987671875 0.34895898125
0 0.65338653125 0.41450749531250003 0.6275053671874999 0.4169539984375 0.6160088703125 0.425164 0.6070659 0.43012502656249996 0.6053391328125 0.4652120078125 0.6133315484375 0.4694823515625 0.6261132359375 0.4692634640625 0.6475088765625 0.45327146718750005 0.65644341875 0.4386948421875 0.6581982671875 0.4356598671875 0.6559569125 0.4304897203125 0.6610611578125 0.420786565625 0.65338653125 0.41450749531250003
0 0.627843034375 0.2552834671875 0.6281720546875 0.2660955484375 0.63552889375 0.2743833375 0.65773444375 0.270998140625 0.6671498796875001 0.25821623437499996 0.6588340609375 0.249544209375 0.642056165625 0.247627921875 0.627843034375 0.2552834671875
0 0.6643839484375 0.1596073765625 0.646961265625 0.1627555421875 0.6388911187499999 0.17555951875 0.64281615 0.187683109375 0.6343637296875 0.1965355796875 0.6319766765625 0.21035048750000002 0.6331235093750001 0.2222050125 0.6328790125 0.2313918875 0.6385643265625001 0.23493593437500002 0.659643140625 0.2252339453125 0.6640571578125 0.21898378749999997 0.6627814265625 0.20412335312500002 0.6639171562499999 0.2033122921875 0.6770369703125 0.18915526093749999 0.6846003703125 0.1744600953125 0.6834579781250001 0.16767180625 0.683077921875 0.1662534125 0.6780238203125 0.162540234375 0.6763791234375 0.1589269890625 0.6643839484375 0.1596073765625
0 0.6669515453125 0 0.6666444859375 0.0014048046875 0.6569363015625 0.0181948921875 0.66465080625 0.03183680625 0.678419584375 0.0377755765625 0.6846072015625 0.03814458125 0.6843560484375 0.0397321015625 0.701269775 0.032159628125 0.7157853453125 0.025736485937499998 0.7286584484375 0.01823320625 0.7391289609375 0.0068130234375 0.7416213796875 0 0.6669515453125 0
0 0.6927195187499999 0.073469821875 0.6908192359374999 0.06637786875 0.6755302296875 0.0547655328125 0.6578608359375 0.06456745781249999 0.6471436078125 0.082641396875 0.648792740625 0.091320875 0.6536001375 0.101687809375 0.65601381875 0.11827030624999998 0.653497865625 0.1290793 0.6500995515625 0.141644946875 0.6502328921875 0.1497170984375 0.654913603125 0.15961123593749998 0.661732428125 0.15981110781250002 0.671200553125 0.15727413125 0.681422134375 0.149974584375 0.6952954 0.1310549859375 0.696802309375 0.12152984687499999 0.6913659265625001 0.113865159375 0.6894634265625 0.1042400875 0.6926039296875001 0.0856626125 0.6927195187499999 0.073469821875
0 0.8073441421875 0.5419617265625 0.7956286359375 0.518889415625 0.7844028437499999 0.5137062734375 0.7742823453125001 0.5172371625000001 0.770470484375 0.5305451734375 0.7711242703125001 0.5467521609375 0.7727624875 0.5528660703125 0.77939926875 0.5592788343749999 0.79242735 0.5688937046875 0.8024244812499999 0.569491415625 0.8068506718749999 0.5584761203124999 0.8073441421875 0.5419617265625
0 0.7623914968750001 0.599057715625 0.7696019046875 0.6053167765625 0.7796816984375 0.599339471875 0.7828372703124999 0.592760178125 0.7854599203125 0.588781009375 0.784477990625 0.5759383796875001 0.7780866921875 0.572736271875 0.7690727421875 0.5735133375 0.7589115390625001 0.57459780625 0.7569439250000001 0.5833161109375 0.7623914968750001 0.599057715625
0 0.79311683125 0.6334185265625 0.798320171875 0.634481621875 0.8088095187500001 0.6300327921875 0.8063941515625 0.61184049375 0.8021332843750001 0.60970575625 0.797544275 0.6109353765625001 0.7928726015625001 0.618740015625 0.79311683125 0.6334185265625
0 0.86045110625 0.6809485203125 0.8668670734375 0.6754447906250001 0.874649690625 0.675041478125 0.877805434375 0.6691497984375 0.8704243546875 0.652204678125 0.864661975 0.6436565 0.856228340625 0.6345625609375001 0.8434401296875 0.6304200015625 0.8382438921875 0.6381199546875 0.8338462375000001 0.6523340625 0.838829646875 0.6673985874999999 0.84652739375 0.67374615 0.8545829578124999 0.67789529375 0.86045110625 0.6809485203125
0 0.8332762359375 0.67140966875 0.8257672046875 0.6704781484375 0.8223803125 0.6743292234375 0.8246506703125001 0.6863361343750001 0.8285619140625 0.6962213375 0.8387637421875 0.69306725625 0.8464836703125 0.6888961671875 0.84223615 0.67657801875 0.8332762359375 0.67140966875
0 0.8492156874999999 0.710871575 0.843935865625 0.713547825 0.84214741875 0.71865263125 0.8430511265625 0.725559125 0.8523061671875001 0.7247612765625 0.8539470515625001 0.7226395703125 0.8565347203125 0.7181616296875 0.856009728125 0.71031264375 0.8492156874999999 0.710871575
0 0.8734000625 0.754011378125 0.8779015593749999 0.7519641890625001 0.8777350281249999 0.73602949375 0.8648207921875001 0.73023866875 0.8576689359375 0.7329960203125 0.8523675718750001 0.74030363125 0.8519457796875001 0.750508853125 0.8579608484374999 0.7564662703125 0.86986625 0.754958259375 0.8734000625 0.754011378125
0 0.8848855984374999 0.745046721875 0.882865359375 0.753998209375 0.8961994593749999 0.7672456828125 0.899585709375 0.7692819 0.904381690625 0.767155803125 0.911114325 0.751054515625 0.9123562390625001 0.7427320859375001 0.9058579703125 0.7314375328125 0.8941210312500001 0.73121836875 0.888588515625 0.736485378125 0.8848855984374999 0.745046721875
0 0.9577762859375 0.8651244968749999 0.9600694703125001 0.8607254624999999 0.9600074218750001 0.8510703984375001 0.9592088421874999 0.8445562421874999 0.9530892890624999 0.8323191953125001 0.9369135406250001 0.837915 0.9376696859375 0.8478045921874999 0.937710834375 0.8562037328125 0.9408437515625 0.8667179953125 0.943703721875 0.8726798015625 0.9459544703124999 0.8716562078125 0.9526224859375001 0.8694490125 0.9577762859375 0.8651244968749999
0 0.928333628125 0.8200295796875 0.9308155265625 0.8210465890625 0.9381776374999999 0.8190739171875 0.937841359375 0.816640971875 0.9365380406250001 0.8094210453124999 0.9320371875 0.8055809453125 0.9249486640625 0.8062187843749999 0.9241696953125 0.812735134375 0.9266300546874999 0.8183835078125 0.928333628125 0.8200295796875
0 0.9066665171875 0.83929153125 0.910430840625 0.8462725421874999 0.9171406484375 0.8465771953125 0.9209486921875 0.83840819375 0.9179215453125 0.8223989812499999 0.9149779875 0.8114134703125 0.9117177609375 0.81102551875 0.9055126921875001 0.8114266375 0.9029034812500001 0.8205359390625 0.9045012859374999 0.8276769609375 0.9066665171875 0.83929153125
0 1 0.9337996499999999 0.9971591484375001 0.93373715625 0.9963024875000001 0.9305400562499999 0.9938368437499999 0.9271510562499999 0.990561865625 0.927717071875 0.9876554109375 0.9284958546875 0.9850604687500001 0.9304372171875 0.9845056359375001 0.936504628125 0.9846252484375 0.9392761937499999 0.9875581625000001 0.9444090671875 0.9881033109375 0.9464435859375 0.9866556750000001 0.951504171875 0.9849744046875 0.955692821875 0.9862204562500001 0.9603431499999999 0.986921359375 0.9629589578125 0.9883231671875 0.9681905765625001 0.9916037375 0.97229575625 0.995345984375 0.9734736140625 1 0.972226575 1 0.9337996499999999
0 0.9746497484375001 0.8799580593749999 0.9684321718750001 0.8834931328125 0.9617111812499999 0.88747460625 0.9567340671875 0.8909888109375 0.9504538874999999 0.8908025015625001 0.9480717140625 0.8923753421875 0.9457104078125 0.8951886437500001 0.9422282531249999 0.9007943765625 0.942778990625 0.9075000890625 0.9459816812499999 0.9113146234375 0.9515248140624999 0.9110753984375 0.955671728125 0.9102757484374999 0.9579037375 0.9127928125 0.9622481437499999 0.9150553734375 0.9666857046875 0.9141778453124999 0.9693585234375 0.9125271265625001 0.9711594078125 0.9111100437499999 0.977532740625 0.9081562625 0.979930190625 0.9031526875000001 0.9815905953125 0.8977235765625 0.9817407593749999 0.8936336734375001 0.9801623265625 0.8865803031249999 0.9789371421874999 0.8831704359374999 0.9772085468749999 0.8802069703125 0.9746497484375001 0.8799580593749999
0 0.7460092 0.5044810640625 0.7418775625 0.501849978125 0.7364123078125 0.50237985 0.73176198125 0.5036259015625 0.7279835890624999 0.50463831875 0.7249839812500001 0.5085571890625 0.7257474875 0.5148943796875 0.728857025 0.521849003125 0.7318469484375 0.5260320609375 0.7357658203125 0.5290316703125 0.740727659375 0.5289482015625 0.7435771046874999 0.5291192328125 0.747879775 0.5289008734375 0.7503551046875 0.52418794375 0.7505831484375001 0.5203886859375 0.7510239578125 0.5162209046874999 0.7491910234375 0.5070551375 0.7460092 0.5044810640625
0 0.08271605625 0.35364773125000004 0.0747000734375 0.3513573359375 0.06267894375000001 0.35069490000000003 0.056330153125000004 0.357389109375 0.058823840625 0.36393312187500004 0.06338945625 0.3699219609375 0.069755278125 0.3798667078125 0.069772309375 0.3965056640625 0.07654854531250001 0.402456953125 0.0800074265625 0.40707799062500005 0.0891272984375 0.40796303125 0.1011370765625 0.397532828125 0.1002907078125 0.38056130781249997 0.09779701874999999 0.3740172984375 0.09433245625 0.36384994375 0.08962814999999999 0.35734348437499996 0.08271605625 0.35364773125000004
0 0.075472640625 0.296226709375 0.069930475 0.2810682078125 0.0649487765625 0.2735265046875 0.059137735937500005 0.2656522390625 0.04573248125 0.26258675781249996 0.0411867375 0.2760100359375 0.0445126046875 0.2856597703125 0.043278534375 0.29486698125 0.039692306249999997 0.300820965625 0.0245010375 0.307665371875 0.0145575078125 0.3119940859375 0.0184409953125 0.32648746093750003 0.0303291078125 0.332178596875 0.039174426562499996 0.3348015546875 0.052990092187500004 0.3338735796875 0.0717874578125 0.3404873046875 0.0838057546875 0.3383765796875 0.08033267499999999 0.3198897484375 0.07991374999999999 0.315563728125 0.077691778125 0.3045086390625 0.075472640625 0.296226709375
0 0.0313393203125 0.2392589765625 0.02913721875 0.2476160046875 0.0389562484375 0.2566354671875 0.055673175 0.2554848875 0.05718747656249999 0.2500860734375 0.055794839062500004 0.23936354999999998 0.052197259375000006 0.23422489375 0.045839953125 0.23259962500000003 0.034648157812500004 0.23226975468750002 0.0313393203125 0.2392589765625
0 0.1696407796875 0.8343116828125 0.1883288578125 0.83463326875 0.1963775609375 0.8200421953125 0.1911317234375 0.79302625625 0.1827590625 0.7890524890624999 0.17102818125000002 0.794860290625 0.1643580171875 0.8170755484375001 0.1696407796875 0.8343116828125
0 0.1671141109375 0.7133089171875 0.17829013124999998 0.7351831718749999 0.18675535000000001 0.7444611796875 0.2003088578125 0.7479349171874999 0.21067055468749998 0.74693485625 0.2214207046875 0.73250810625 0.207894765625 0.706822640625 0.18388700156249999 0.6990447234375 0.17414515625 0.699878696875 0.1671141109375 0.7133089171875