0 0.2381442640625 0.9729634468749999 0.23634685625000001 0.978126334375 0.237400975 0.980386896875 0.2462864140625 0.9825340828125 0.2531941734375 0.979312940625 0.2548209625 0.9726569812499999 0.2467789640625 0.9689370203125 0.2381442640625 0.9729634468749999
0 0.1935693828125 0.8942800078124999 0.204121671875 0.8921115015625001 0.21596916562500001 0.8893390328124999 0.21966413281250002 0.8848639328125 0.2203873921875 0.8762703484375001 0.2163215046875 0.8675510265625 0.2055985984375 0.868226459375 0.19621095625 0.8706381984375 0.189453784375 0.8741822765625 0.183449553125 0.8793410453125 0.181652146875 0.88450393125 0.1873144125 0.8932651640625 0.1935693828125 0.8942800078124999
0 0.20298598124999997 0.9189826890624999 0.21000354375 0.9306503609375 0.2158067484375 0.9306963906249999 0.2240497734375 0.9292115546874999 0.2355159703125 0.9211126703125 0.2373534390625 0.918290053125 0.2399942859375 0.9115543890625 0.23925172187500002 0.9020716953125 0.2289004609375 0.899035403125 0.220526875 0.9013674359375001 0.20887003124999998 0.9068031109374999 0.20562682968749998 0.9122470249999999 0.20298598124999997 0.9189826890624999
0 0.0036096140625 0.22344671093750001 0.009118653124999999 0.2256611765625 0.02376489375 0.2255282421875 0.024106953125 0.2248904015625 0.027075368750000002 0.22302786874999997 0.038558235937500004 0.213368284375 0.0440311609375 0.20316282187499998 0.038632228125 0.19707031875 0.0256962765625 0.1940140453125 0.01658344375 0.1977850921875 0.008252206250000001 0.2059750453125 0.0032801828125 0.214511921875 0.0015942624999999999 0.2191247765625 0.0036096140625 0.22344671093750001
0 0.09345720156250001 0.14184810781249999 0.0794093421875 0.1460070453125 0.069233340625 0.1598406 0.078431025 0.1713367765625 0.0868110015625 0.16599411718749998 0.09886787968750001 0.158936890625 0.10484170781249999 0.14706284218750001 0.09345720156250001 0.14184810781249999
0 0.155428396875 0.0813802109375 0.1436404671875 0.0835286515625 0.1350772765625 0.0884784078125 0.1304473109375 0.09637744375 0.13374515781250002 0.1034497 0.14604573437499999 0.11062895156250001 0.1511152359375 0.1077866671875 0.157113434375 0.097336265625 0.155428396875 0.0813802109375
0 0.20783283125000002 0.0703370625 0.21120467031249998 0.061111353125000004 0.2044988703125 0.050844878125000006 0.1944212296875 0.0498041125 0.1842334859375 0.052641387500000004 0.171492490625 0.060974296875 0.1768544296875 0.07521578437500001 0.186980809375 0.079103846875 0.20278769843750002 0.0746029953125 0.20783283125000002 0.0703370625
0 0.951403646875 0.53607715625 0.9535403 0.5108061203125 0.9494467546875001 0.50462340625 0.9414532265625001 0.48488530937499996 0.9274294031249999 0.4703866546875 0.9116623921875 0.45993748593749995 0.8989882921874999 0.462610890625 0.8818917000000001 0.47786557187499995 0.899680125 0.51731093125 0.9020368218750001 0.5210669265625001 0.9184173437500001 0.539321575 0.9201542875 0.540625 0.94780246875 0.540625 0.951403646875 0.53607715625
0 0.7981973796874999 0 0.7980962640625 0.00850804375 0.8025448374999999 0.020267048437499997 0.809913009375 0.0327396359375 0.8261502734375 0.04315150625 0.834588984375 0.046824846875 0.842453528125 0.0403908671875 0.8428395984374999 0.025685760937500003 0.8390365984375 0.0053256734375 0.8324589234375 0 0.7981973796874999 0
0 0.7598169796875001 0.05955815 0.7625765359375001 0.061038028125 0.7736753359375 0.0593209265625 0.779255021875 0.0546440640625 0.7866502890625 0.039437196875000004 0.77615275 0.0235821671875 0.7645241 0.0241630015625 0.757564634375 0.028099924999999998 0.7542146562500001 0.033120396875 0.7547336671875 0.045328446875 0.7556830625 0.051802440625 0.7598169796875001 0.05955815
0 0.8750377437499999 0.328839925 0.8664941468749999 0.323832153125 0.8561403890625 0.32381849687500003 0.8518193374999999 0.3445085390625 0.8651370046875 0.35420682812500004 0.8769862671875 0.345223075 0.8805514375 0.337335575 0.8750377437499999 0.328839925