0 0.9273917781250001 0.40805280625 0.9280738109375 0.353214078125 0.90015380625 0.309008146875 0.8641409796874999 0.3139401109375 0.8611788656250001 0.379554471875 0.8769756015624999 0.4502749421875 0.9044046234374999 0.45797127968750007 0.9273917781250001 0.40805280625
0 0.268780553125 0.147785765625 0.243913665625 0.1448636390625 0.2286979015625 0.15094274375 0.22777236875 0.173702478125 0.243733446875 0.18184485 0.26770293125 0.1811168296875 0.2769264546875 0.1684855796875 0.2727982953125 0.15708222968750002 0.268780553125 0.147785765625
0 0.1076035390625 0.373309771875 0.0953700953125 0.3824015890625 0.077944934375 0.40021618124999997 0.0754870984375 0.40721117500000004 0.08671219687500001 0.4192989265625 0.095797171875 0.43097066875 0.121313025 0.43280244687499997 0.13790952812499999 0.42612281406249997 0.1520622625 0.413233234375 0.1466226359375 0.39027891718749996 0.13295376718750002 0.3719812234375 0.1179453 0.36854243750000004 0.1076035390625 0.373309771875
0 0.2400677125 0.529571553125 0.26830390625 0.515943890625 0.278121184375 0.50116885 0.2712591453125 0.49149328125 0.25408295000000003 0.4871117671875 0.24416932187499998 0.48657498125 0.2246457078125 0.49129534843749995 0.2123018453125 0.49828027812500003 0.20469343750000002 0.52825643125 0.22051649375000001 0.5337651953125 0.2400677125 0.529571553125
0 0.11664368437499999 0.5592793265625 0.1257979328125 0.5587995718750001 0.1446449765625 0.55464283125 0.158908128125 0.5438601375000001 0.15413100468750002 0.5335471359375 0.13988191875 0.531124890625 0.1130405328125 0.5309470843749999 0.113772309375 0.5314369015625 0.109988940625 0.5400858687500001 0.10798683906249999 0.542303465625 0.108000378125 0.5560351265625 0.11664368437499999 0.5592793265625
0 0.3628232734375 0.4805823484375 0.35987196875 0.4753797265625 0.36134280625000004 0.4709194046875 0.36544677187499996 0.46559054531250005 0.36782639375000004 0.45523827812500006 0.36560465937500003 0.44537066875000003 0.35828212187499997 0.44039713437500005 0.3514824265625 0.440753490625 0.3426752921875 0.44462424062499994 0.332436534375 0.4490570421875 0.325558409375 0.4572099359375 0.32683524375 0.4629873375 0.3295818828125 0.46893122500000006 0.33625224375 0.47540001875 0.332186459375 0.481457415625 0.3265872359375 0.48613409687500003 0.32157551875 0.49272809687499997 0.3245003375 0.50207183125 0.327003096875 0.5126552531249999 0.330389184375 0.516861034375 0.340600425 0.5211961515625 0.347528421875 0.51864145 0.351901721875 0.50915875 0.356708771875 0.50330601875 0.36574602500000003 0.499179696875 0.3681500671875 0.4939399265625 0.3673080171875 0.487165684375 0.3628232734375 0.4805823484375
0 0.8462871046875 1 0.8549395093750001 0.976856325 0.8541316609375 0.9614416484375001 0.85307524375 0.9412839953125 0.8517081140625 0.9151976203125001 0.8471566062500001 0.8964121374999999 0.8356770578124999 0.881556740625 0.8268797109375001 0.8725057828124999 0.8077213734375001 0.8699428234375001 0.7931195890625 0.8635740640625 0.7850729890625 0.8461607531249999 0.7704090609375001 0.8386062484375 0.769725496875 0.8255630625 0.764609665625 0.818697165625 0.7427069875 0.8091440249999999 0.7419612812499999 0.7949150953124999 0.7407184359375 0.7712002078125 0.7367933921875001 0.741680884375 0.73125 0.7427177656249999 0.73125 1 0.8462871046875 1
0 0.8758402484375001 0.88762435 0.886237425 0.889456646875 0.8916033499999999 0.8860058453124999 0.895016096875 0.875525840625 0.8944363015624999 0.86446268125 0.8895326515624999 0.8464945593750001 0.8855434671875001 0.8308557000000001 0.884963671875 0.8197925406250001 0.8751944265624999 0.799702225 0.8624265718749999 0.797994171875 0.8548556265625 0.8047301171875001 0.8493621015624999 0.8208659421875 0.85172941875 0.8357974031250001 0.8599596281249999 0.8567607718750001 0.8647390343750001 0.87235821875 0.8675652656249999 0.8809264593749999 0.8758402484375001 0.88762435
0 0.19834237187499998 0.8859379453124999 0.1759329453125 0.8845419859374999 0.1603938640625 0.89949349375 0.16047750624999998 0.9174818328125 0.164710478125 0.9326823234375 0.1720345390625 0.9412948484375001 0.19046255781250002 0.9486828390625 0.21781087968750001 0.9459643796874999 0.23667614218750002 0.9289107640625 0.237314896875 0.9083141765624999 0.22646314374999998 0.8979587406249999 0.19834237187499998 0.8859379453124999
0 0.3760880671875 0.9498787703125 0.3495628953125 0.95191149375 0.3382403140625 0.9653568296874999 0.33855905000000003 0.987831028125 0.35260264375 0.9935210078125 0.37124928437500004 0.98868819375 0.38887126875 0.9806960968749999 0.3889720234375 0.98261860625 0.40042894218749997 0.9717366203125 0.3999587546875 0.9627649015624999 0.38917417187500003 0.9536911390625 0.3760880671875 0.9498787703125
0 0.2104771359375 0.6716403046874999 0.20557680625 0.6645969984375 0.1977661 0.6618777171875 0.1896486734375 0.659956665625 0.179970390625 0.6615067578125 0.1745723125 0.6649182828125 0.1737066546875 0.6683529921875 0.17364520625 0.673831303125 0.174640184375 0.6795149671875 0.1818919515625 0.684870728125 0.1895663953125 0.684989965625 0.19889707968749998 0.6834580906250001 0.20565830468750002 0.6794536890625 0.2104771359375 0.6716403046874999