0 0.4519133109375 1 0.459387875 0.9943552375 0.45240180625 0.978874503125 0.44051908281249996 0.9657323343750001 0.42269207968750006 0.9520077499999999 0.4067519578125 0.9411454546875 0.38909858750000004 0.929903925 0.3616808046875 0.9358134765624999 0.35317819375 0.946887853125 0.3600253578125 0.9603821437500001 0.3657207203125 0.9694656281249999 0.37655582656250003 0.9796868203125 0.3875298390625 0.9918944546875 0.4015951140625 1 0.4519133109375 1
0 0.49795913125 0.991159034375 0.5 0.9900910640625 0.5 0.9681019109375001 0.49971875624999995 0.968080196875 0.4846467953125 0.9696331703125001 0.4810061140625 0.9778723734374999 0.476144184375 0.980707546875 0.4817700953125 0.9887978078125 0.49795913125 0.991159034375
0 0.5 0.8996964953125 0.499996803125 0.8996924125 0.49394834843749996 0.8976201671874999 0.48412030625 0.9018006828124999 0.48282377656250003 0.907380775 0.487332615625 0.9115568359375 0.5 0.9099837109375001 0.5 0.8996964953125
0 0.2182609640625 0.6094900937500001 0.22500394531249998 0.621494553125 0.2314285671875 0.6410068578125 0.2416327703125 0.6542664031250001 0.24816739375000002 0.6632911984375001 0.25644999375 0.673191840625 0.26521876093749996 0.690045034375 0.30115640312499997 0.7094897437500001 0.3015036671875 0.7144558515625 0.29859806718750004 0.7211465375 0.2939444953125 0.726961375 0.28949928125 0.735755878125 0.2897712640625 0.75170610625 0.3039981390625 0.7621891625 0.3084028015625 0.7648753921875 0.3045826625 0.7826088875 0.3052424640625 0.7920444890625 0.313241425 0.8099495921875001 0.3214545703125 0.8188570109375 0.3326022140625 0.8335476999999999 0.34001082656250003 0.843010421875 0.3465454515625 0.8520352156250001 0.3639151828125 0.8712812031249999 0.36950636718749996 0.878874853125 0.373314853125 0.8850960453125 0.3764229828125 0.893362365625 0.37963529218750003 0.90311851875 0.399563359375 0.9107077140625 0.4198097890625 0.9107890640624999 0.4381346125 0.9075115109375 0.44953699374999995 0.9017237890625 0.4574781578125 0.8946809828125 0.46248482031249993 0.8818549078125001 0.465182059375 0.8721845578125 0.4884093703125 0.854591096875 0.49533763750000004 0.845123925 0.5 0.8346394625 0.5 0.7217618609375 0.495048640625 0.7203843875 0.48480388437500005 0.718605575 0.48407462968750004 0.708176753125 0.48718858750000005 0.7044657296875 0.4890118421875 0.69435745625 0.474049884375 0.6854229187499999 0.44758136562499995 0.6807862703125 0.43033888906250006 0.6874814109375 0.41205461562499995 0.6792782328125 0.42272774375 0.663061684375 0.44347199843749996 0.646140896875 0.45662818125 0.6292516796875 0.463521721875 0.6192878953125 0.45887980468749995 0.6011480484375 0.45975962031249995 0.5896086296874999 0.4619359625 0.5724891203125 0.4497487203125 0.5609375 0.4270755734375 0.5609375 0.42389143125000006 0.5711571390625 0.41165561562499997 0.56502620625 0.39577911875 0.567134475 0.371892009375 0.5752923328125 0.3506326859375 0.5727866171875 0.332660953125 0.5690529343749999 0.311922525 0.573996378125 0.2891524859375 0.586068434375 0.2882379484375 0.5971112421875 0.2780279140625 0.595829040625 0.2552695296875 0.583946409375 0.2341491140625 0.5834271375 0.21816261093749997 0.59602291875 0.2182609640625 0.6094900937500001
0 0.0213718828125 0.2609587890625 0.0374930828125 0.25959784531249996 0.051820156250000006 0.25041851249999997 0.050026028125 0.242600128125 0.032744775 0.24521040625 0.025621884374999997 0.250381334375 0.0156025265625 0.2557548046875 0.0213718828125 0.2609587890625
0 0.044295651562499996 0.2855237546875 0.036085065625 0.2870324640625 0.028402065625 0.2901397796875 0.0218628625 0.29176525781249996 0.0319813859375 0.299702471875 0.0432908625 0.29493971406249997 0.044295651562499996 0.2855237546875
0 0.05332238593750001 0.3194716234375 0.041265025 0.31353912500000003 0.02807280625 0.31516254374999997 0.016430840625000002 0.3211167625 0.01738115 0.328760509375 0.032204909375 0.33263042187499997 0.0424031109375 0.3298145125 0.0510437375 0.32850937343750003 0.05332238593750001 0.3194716234375
0 0.0101923625 0.3865055890625 0.0137391640625 0.39560326875 0.026802929687499998 0.404035459375 0.021302646875 0.40862563906249993 0.0117783625 0.415132703125 0.0120726265625 0.43123345312500005 0.0378408578125 0.431067059375 0.04653758125 0.42461786406249996 0.049611274999999996 0.41505723593750005 0.0518500859375 0.4113960453125 0.067501409375 0.415208090625 0.09158932187499999 0.40885085156249995 0.08645975156249999 0.39495735781249997 0.07207334843749999 0.38544944375 0.0556017859375 0.37585369687500003 0.051308714062500003 0.3679764125 0.0371970921875 0.3505054421875 0.019680903125 0.355702215625 0.011009373437500001 0.36845799375 0.0085283015625 0.3805472484375 0.0101923625 0.3865055890625
0 0.0500570984375 0.442432453125 0.043964193750000005 0.44319998906249997 0.0329641640625 0.44704247343750003 0.0262320109375 0.4533183296875 0.023088101562499998 0.4620750828125 0.02312848125 0.46753588281249997 0.0236512484375 0.4750118078125 0.0228147578125 0.4825827828125 0.022413128125 0.49148925468750004 0.025480935937499997 0.5011775484375 0.037635837500000005 0.5040838359375 0.0447719484375 0.50358483125 0.04851705625 0.49854227656249994 0.0482699609375 0.485241975 0.044838578125 0.47523762812500003 0.0485433046875 0.464734275 0.058302884374999996 0.46268591406250004 0.060909737500000005 0.4560155734375 0.0603394453125 0.44786001875 0.059177428125 0.44589241562500004 0.0500570984375 0.442432453125
0 0.89165824375 0.701677678125 0.8836888843749999 0.6687025625 0.8577744390625 0.6625727953125 0.821263540625 0.6668907500000001 0.8066243390625001 0.6802684593749999 0.8297855468750001 0.7077691015625 0.84271206875 0.710394915625 0.8800826390625 0.7183708859375 0.89165824375 0.701677678125
0 0.8136245484375 0.78037611875 0.8212835453125 0.7886648625 0.87654446875 0.8095087171875001 0.882606928125 0.7949658890625 0.893077234375 0.762466209375 0.88143355625 0.7376899078125 0.8583370890625 0.7313630890625 0.8243985468749999 0.731971440625 0.8074326109375001 0.7525713015625 0.8131333062499999 0.7733510203125 0.8136245484375 0.78037611875
0 0.8158946531250001 0 0.8239210328125001 0.0196354546875 0.8362816953125 0.0345815828125 0.8451735796875001 0.042506003125000004 0.867341778125 0.05292053125 0.8809410890624999 0.0429960640625 0.8860945375 0.031525640625000004 0.8867702671875 0.0071217187500000004 0.8842953625 0 0.8158946531250001 0
0 0.79931140625 0.0850255171875 0.80292476875 0.0770812671875 0.7873332109375 0.058515275 0.76413041875 0.05885584218749999 0.7733832140625 0.08897514375 0.79931140625 0.0850255171875
0 0.7858278796875 0.2073244171875 0.7956948875000001 0.203643278125 0.8032527859374999 0.20952442968749999 0.7971795953124999 0.216358759375 0.7862185234375 0.22994453125 0.7861036734375 0.245335721875 0.7992928265625 0.25509619687499996 0.8201844625 0.25577186093750004 0.8280674015624999 0.2577844921875 0.8240992640625 0.2691720328125 0.824579115625 0.2930678375 0.848941571875 0.30931126875000003 0.8759956046875 0.304428296875 0.8843481703125 0.28760644687500003 0.8762232624999999 0.26509985625 0.8684254390625 0.247270803125 0.8642727578124999 0.2304687875 0.8629367265625 0.2198794625 0.864385565625 0.2065315375 0.870779709375 0.178736578125 0.8674872984374999 0.16572019531249998 0.8625655953125 0.15495429375 0.8723710890625 0.14187663749999999 0.87479709375 0.125469215625 0.8703788421875001 0.113386178125 0.8541074671875 0.10213199375 0.841066990625 0.094497671875 0.821211990625 0.0916129703125 0.818579884375 0.113589834375 0.81582679375 0.12531971875 0.8222014218749999 0.1398298109375 0.8120073296875001 0.1388334125 0.787527978125 0.1294351140625 0.7728899859375 0.1330225640625 0.7643590109375 0.147293028125 0.760184771875 0.16425000781250002 0.7616100078125 0.176115025 0.7599827593749999 0.1869115640625 0.7642543828125 0.205414503125 0.7858278796875 0.2073244171875