0 0.248277084375 0.6834517453125 0.25592606406249996 0.6897311171875 0.25679255156249997 0.686805996875 0.26383349843750004 0.6814950171875 0.25828948125 0.667307090625 0.24878651875000002 0.6638088453125001 0.24581357499999998 0.6765201296875001 0.248277084375 0.6834517453125
0 0.2674783859375 0.6802092375 0.2674765390625 0.682530475 0.2696854546875 0.687640678125 0.27334881875 0.687014103125 0.276175528125 0.682928365625 0.278390909375 0.6799142390624999 0.2782422328125 0.6749593578125 0.2755752796875 0.6700725546874999 0.27099584375 0.6711459265624999 0.2674783859375 0.6802092375
0 0.2592642140625 0.6459300078125 0.2617760234375 0.6539862624999999 0.2677249515625 0.6580457843749999 0.274058959375 0.657663540625 0.275205896875 0.65478380625 0.2733820640625 0.6452318359375 0.265297175 0.640280478125 0.2592642140625 0.6459300078125
0 0.2872585140625 0.7854761171875 0.28767025625 0.7868627874999999 0.289421471875 0.7926232015625 0.299737903125 0.7926185890624999 0.304539121875 0.7910706249999999 0.309375 0.79138715 0.309375 0.75002308125 0.3090924296875 0.7499563390625 0.30366573125 0.7502218828125 0.29523098124999997 0.753542040625 0.2915974515625 0.7553142328125 0.2814370734375 0.761063525 0.2806916140625 0.7611625281250001 0.27552585 0.7565383375 0.271293059375 0.7543695031250001 0.2689471953125 0.75498449375 0.2627697953125 0.7558807609375 0.26043441875 0.7554323093749999 0.257358828125 0.75455114375 0.253642028125 0.7539827140625001 0.2510876703125 0.75417023125 0.248637559375 0.754571484375 0.24691717343750003 0.7564688984375 0.2475164328125 0.7604099265625 0.2500340828125 0.7639444531249999 0.251910521875 0.7677917203125 0.2473177953125 0.7697671609375 0.24242281718749997 0.7700379500000001 0.23814283125000002 0.7726546015625 0.235989728125 0.775292228125 0.23506660781250002 0.782621584375 0.243734803125 0.798766603125 0.24742538593750002 0.8019936359375001 0.2537745703125 0.8052468890625001 0.2599414828125 0.8054140625 0.266129371875 0.803454353125 0.2764982421875 0.7981325359375 0.2789122796875 0.7906051749999999 0.279407925 0.7834843109375 0.2855800796875 0.783119765625 0.2872585140625 0.7854761171875
0 0.282709640625 0.750653334375 0.2926195734375 0.748730334375 0.29582563125 0.7471666359375 0.3017945375 0.7458428953125 0.3056313171875 0.7450298984375 0.309375 0.744599390625 0.309375 0.7259946984375001 0.308593440625 0.7250644671875001 0.3056483171875 0.72173843125 0.30146272343749997 0.714784109375 0.2975013546875 0.7066621 0.2958438953125 0.7021788640625 0.28857746875 0.69487509375 0.2824262875 0.6931127578125 0.27569094843749997 0.6966623843749999 0.27052454843749996 0.702886346875 0.2734172328125 0.711529590625 0.2749651984375 0.716330809375 0.273979784375 0.7191926625 0.26940278906250004 0.7195729390625 0.26683270000000003 0.72135561875 0.2663737625 0.7247544375 0.270465596875 0.7304315796874999 0.27745599374999996 0.73337209375 0.2787017078125 0.7364686593750001 0.27367626562499997 0.7391843140625001 0.272800340625 0.7417281828125 0.2740460546875 0.7448247484375 0.275609753125 0.7480308046874999 0.282709640625 0.750653334375
0 0.9054703312499999 0.5344738375 0.930271484375 0.5314398875 0.95288930625 0.53740040625 0.9744817265625001 0.5291346765625 0.979161975 0.49966481875 0.9765783390625 0.490625 0.762784596875 0.490625 0.758255484375 0.5020579171875 0.7722244109374999 0.542822325 0.78930545 0.5616784906250001 0.8243721578125 0.579692046875 0.8385097390625 0.5682654984375 0.827749546875 0.532732871875 0.8336723750000001 0.52871131875 0.8625990765625 0.539524375 0.8733229281250001 0.5399579921875 0.8922856875 0.53977161875 0.9054703312499999 0.5344738375
0 0.68949760625 0.5537181375 0.713116675 0.5671199015624999 0.7280383234375 0.5519125421875 0.7367596828125 0.5374636703125 0.738810271875 0.516073171875 0.7284210984375 0.490625 0.6777630296875 0.490625 0.6753717828125 0.493772690625 0.6663609921875 0.52648749375 0.666107690625 0.53000943125 0.68949760625 0.5537181375
0 0.5698225921875 0.6154859359375 0.5705102546874999 0.6344081046875 0.587808475 0.6644863234375 0.612875115625 0.686244440625 0.644238453125 0.6845410937499999 0.6721155953125 0.67434289375 0.685505234375 0.6519531640625 0.6822962875 0.59687838125 0.6591596734375 0.5696477359375 0.619907140625 0.5457461578125 0.579110628125 0.5361912046875 0.569689634375 0.5532469046874999 0.5677717906249999 0.5870334359375 0.5698225921875 0.6154859359375
0 0.891695928125 0.847047471875 0.8804291281250001 0.8185587234374999 0.868897053125 0.8151209093749999 0.8457484687499999 0.8094192609374999 0.8516232031250001 0.84167069375 0.8752905796875 0.8686424671875 0.889983078125 0.863742053125 0.891695928125 0.847047471875
0 0.7017308124999999 0.90345011875 0.7141313890625 0.90193314375 0.7105607625 0.8946122750000001 0.712888809375 0.8764848421875 0.699378396875 0.8649495453125 0.689354178125 0.8619090999999999 0.6837329609375 0.875978728125 0.6922132015625 0.893365796875 0.7017308124999999 0.90345011875
0 0.6394384984375 0.9293009203124999 0.635735128125 0.909584015625 0.6296554000000001 0.89442453125 0.6144079828125 0.8927988109375 0.6057952125 0.9128587109374999 0.6127917515625 0.936633415625 0.6278100203125 0.9485660812500001 0.6394384984375 0.9293009203124999
0 0.550860690625 0.8150443078125 0.5452997546875 0.82115495 0.5567354234375 0.847295740625 0.5821398046875 0.8643579390625 0.6108734796874999 0.8707339515625 0.6181111390625 0.862672715625 0.6055295078125 0.838223646875 0.5747933421875 0.8169651453125001 0.550860690625 0.8150443078125
0 0.550824778125 0.879631296875 0.54081274375 0.9049048546874999 0.5501253609375001 0.9320811265625 0.573563375 0.9195168453125 0.5679660984375 0.8905284796874999 0.550824778125 0.879631296875
0 0.538244859375 1 0.5399807953125 0.99480165 0.53328586875 0.9810750171875 0.5211144390625 0.972285046875 0.5131771484375001 0.9829531093749999 0.5184295078125001 1 0.538244859375 1
0 0.463176178125 0.8521469109375 0.45719306875 0.8641274515624999 0.4736589109375 0.8844164687499999 0.48913547812499997 0.8757352453125 0.4824405515625 0.8620086109375 0.47387587656249996 0.845795521875 0.463176178125 0.8521469109375
0 0.4280013109375 0.928208328125 0.4324645953125 0.937359415625 0.4418858015625 0.9701467156250001 0.46703687968749996 0.9907308515625 0.48125889375 0.9781303234375001 0.47468452812499995 0.94848571875 0.46307998906250003 0.9246928875 0.44952126718749996 0.899587578125 0.43615556875 0.8789193187500001 0.4246596171875 0.8607375125000001 0.4036943671875 0.8460413984375 0.396903034375 0.8550177390625 0.3975062625 0.8751138859375001 0.4125969953125 0.9074015687499999 0.4280013109375 0.928208328125
0 1 0.5919232140624999 0.9914555421875001 0.5874694171875 0.967847446875 0.598009321875 0.9585923296875001 0.6030106109375 0.95641405 0.5855568843750001 0.9425609312500001 0.5801318265625001 0.9168409921875 0.586341809375 0.9006635624999999 0.598130203125 0.8955838453125 0.6166875578125001 0.8928948796875 0.6311552625 0.8836590781250001 0.6341980625 0.8695270562499999 0.6371925734375 0.8556159921875001 0.6376429828125 0.8243949 0.6455615234375001 0.8181064906250001 0.6476540515625 0.8147836187499999 0.6668163359375 0.8191606625000001 0.679786784375 0.8309780312499999 0.69302648125 0.8428919734375 0.696473734375 0.8499193546875 0.6988934546875 0.86037350625 0.7113362359375001 0.8720182046874999 0.7222238140624999 0.8874554968749999 0.7259016843749999 0.9024605296875 0.7336885171875001 0.9084507187499999 0.741974046875 0.9178109031250001 0.746179584375 0.9274017015625 0.7468617765625 0.9427146125 0.7432913078125 0.9532846546875 0.74398315625 0.9651611359375 0.731368871875 0.958038346875 0.7187630781250001 0.9458080343749999 0.7076738578125 0.9341343640625 0.6997240109375 0.9269729437500001 0.6910351953125 0.927261503125 0.6816363812499999 0.942008115625 0.67590578125 0.9553239046875 0.676232971875 0.969369009375 0.682051659375 0.9831545234375 0.6943314265625 0.991880803125 0.7032315437500001 1 0.7088642765625 1 0.5919232140624999
0 0.7506717390625 0.833667221875 0.7587132750000001 0.842156890625 0.7670623734375 0.84836881875 0.775377175 0.8436041718749999 0.7831401140625001 0.8369809546875 0.7868291468749999 0.8387279187500001 0.789036603125 0.8461622109375 0.8011169031250001 0.8498450625 0.81170945 0.845387978125 0.8150987984375 0.8341600734375 0.8124792 0.8251536828124999 0.8070783468749999 0.8235323843750001 0.79513776875 0.8201360078125 0.787501346875 0.8139311093750001 0.7817375515625 0.8057490015625 0.7815635359375 0.7944859546874999 0.790074290625 0.7843063984375 0.8025605515625 0.7757340828125 0.8125731187499999 0.7722691187499999 0.8264284984374999 0.769412246875 0.8392917593749999 0.7659753953124999 0.8493183828124999 0.761085084375 0.8528615125 0.7487183078124999 0.8475801453124999 0.7349815671875 0.83740761875 0.7257581375 0.8216664 0.7174776281249999 0.8065324265625 0.7198942453125 0.789916878125 0.7279981906249999 0.7832022859375 0.7295000015625 0.7757750234375 0.7309947859375 0.771380346875 0.7285281203125 0.7667343390625 0.7226378109375 0.7529000453125 0.7233566640625 0.74584275 0.7306995828125 0.7354110140625 0.7333051234375 0.7291366781249999 0.7335283421875001 0.725580340625 0.732780525 0.7144570171875 0.73324101875 0.703137740625 0.7391164203125 0.6965488171875001 0.742330053125 0.6887999359375 0.747527925 0.6873737390625 0.76205380625 0.6854237953125 0.7718704203125 0.6821952546875 0.78124678125 0.6729445609375 0.7797300640625 0.667389928125 0.7792476359375 0.665950525 0.780658925 0.6648600046875 0.7900563703125 0.6664804531249999 0.7991954546875 0.6692678890625 0.805637628125 0.678713684375 0.816279375 0.6853439328125 0.823329640625 0.702070240625 0.8329028015625 0.708100271875 0.8285432687500001 0.7076819515625 0.8131439046875 0.7096108125 0.8054653093749999 0.7235215703125 0.8114469890624999 0.729585896875 0.8180640296874999 0.73896225625 0.8212925671875 0.7506717390625 0.833667221875
0 0.3431745515625 0.9282841312500001 0.33868756875 0.9304725796875 0.3303192046875 0.9338135218750001 0.3161645796875 0.9503447546875 0.3130851859375 0.9607336515625 0.309375 0.9649096203124999 0.309375 0.996703175 0.31733643125 0.9975407125 0.32524508750000003 0.9955348562499999 0.3422956265625 0.9872187515625 0.34875999687500003 0.9807332515624999 0.3524156359375 0.97228504375 0.356808096875 0.9645883359375 0.36289994375 0.9656903421875 0.3712169328125 0.9675585281249999 0.3779364 0.965392096875 0.3872021609375 0.961613465625 0.401421953125 0.9535671375 0.40867451875 0.942624009375 0.40728894374999997 0.9321910750000001 0.402372496875 0.9175556125 0.3978570421875 0.9075383499999999 0.391845928125 0.8982505734374999 0.38966481875 0.8930194281249999 0.385572375 0.8853878859375 0.3821727203125 0.8829728109375001 0.3580017203125 0.8888371421875 0.34990313125 0.8950088328125 0.3483267390625 0.9039240875000001 0.34971965312500003 0.9136128593749999 0.3496315828125 0.9225427921874999 0.3431745515625 0.9282841312500001
0 0.3817470671875 0.676671584375 0.369581246875 0.6919156546874999 0.35534991875 0.6968966515624999 0.3371309140625 0.706762696875 0.3225037328125 0.7119367640625 0.309375 0.713137984375 0.309375 0.758664534375 0.322645896875 0.7574394 0.340527321875 0.74185775 0.34647484687499996 0.73797690625 0.35082806875 0.755944565625 0.3618245765625 0.75940159375 0.37923245 0.75189125 0.39317475625 0.73627075 0.403766871875 0.720814184375 0.4184134765625 0.7136705578125 0.4284543421875 0.714163534375 0.44473175156250006 0.72141516875 0.45883799375 0.7091448625 0.46112688124999995 0.6967580078125 0.48173072499999997 0.6847487578125 0.49346184062500004 0.6736368765625 0.496127159375 0.6630265093750001 0.51217265 0.6738214078125 0.5246274890625 0.6692168406250001 0.5376432890625 0.647677953125 0.5347860734375 0.637801021875 0.5329233484375 0.6269490249999999 0.5304814125 0.6149094640625 0.5268519125 0.6034491171874999 0.5195152140625 0.58840665625 0.5101409703125 0.580238228125 0.495523503125 0.5844275171875 0.47731420937499996 0.5933087828125 0.4646080265625 0.6034261734374999 0.461894146875 0.618960434375 0.4455864265625 0.63475458125 0.4326009359375 0.6332476890625001 0.419286403125 0.645131853125 0.41158181406249994 0.64741956875 0.40361734218749995 0.6361134453124999 0.3989642140625 0.6285825015625 0.3817979734375 0.6315648031250001 0.3777520203125 0.642358528125 0.3806954734375 0.6634638859375 0.3817470671875 0.676671584375
0 0.322422 0.2226250859375 0.3291265546875 0.2385544015625 0.3518256734375 0.26108215156250003 0.37051794843749997 0.2535652671875 0.3785471828125 0.24164941718750002 0.3766612078125 0.21377025624999998 0.35866322500000003 0.1921494984375 0.3214548359375 0.1878980109375 0.322422 0.2226250859375
0 0.3808493984375 0.2005279234375 0.392367346875 0.228509096875 0.40864515 0.2509688421875 0.4304358234375 0.232341090625 0.43869476250000006 0.2187132671875 0.443342359375 0.20204697500000002 0.4164015109375 0.17518826875 0.3877940234375 0.1667418421875 0.3808493984375 0.2005279234375
0 0.764202434375 0 0.7552616765625 0.0102605828125 0.7502215046875 0.016844528125 0.755390534375 0.030826175 0.7602508109375 0.042483 0.7674195546875 0.055489321875 0.7918537437500001 0.0666758265625 0.8107447296875 0.068188865625 0.8343507796875 0.062451389062499994 0.8570305671874999 0.04973944375 0.86403774375 0.0454966765625 0.8707525234375 0.037270834375 0.8851083421875 0.0277936203125 0.9007318859375 0.0242991953125 0.920630909375 0.024495446875 0.9412946265625 0.014417078125 0.94717220625 0 0.764202434375 0
0 0.6684889453125 0.131795684375 0.68026025 0.115327646875 0.6865845015625001 0.1130682390625 0.6993474875000001 0.0969416640625 0.7083707343750001 0.0900653203125 0.7209374687500001 0.093837765625 0.7473386625 0.107365446875 0.7563291999999999 0.10380560624999999 0.7596620578125 0.1021800625 0.771758471875 0.086378596875 0.7672069515625 0.07704659375 0.762330321875 0.067048021875 0.7561369015625 0.056041415625 0.741376178125 0.0393117078125 0.7337842 0.035588325 0.7228430078125 0.0351487375 0.7102108578124999 0.0380092984375 0.7002122859375 0.042885928125 0.6915468546875 0.0471123421875 0.6858891734375 0.0490466390625 0.6742814109374999 0.048932159375 0.6633075125000001 0.051809075 0.6582836953125 0.0567347671875 0.6535686328125 0.0639852828125 0.6478782421875 0.06923608437499999 0.6435209953125 0.07383666718750001 0.63418899375 0.0783881890625 0.6281898499999999 0.0813141671875 0.6151998828125 0.08682466093749999 0.6015760515624999 0.089343759375 0.5955932609375 0.090611484375 0.5756451796875 0.095389990625 0.5722632578125 0.1019902890625 0.5672557953124999 0.1052577296875 0.548640853125 0.1093860171875 0.527343271875 0.11647299062500001 0.5226772734375 0.11874875 0.4970715078125 0.125461553125 0.480439928125 0.1302727671875 0.4554843796875 0.13831871093749998 0.4441526640625 0.1438455578125 0.43779570312500005 0.14942146875 0.4373561140625 0.160362659375 0.44059084843749996 0.1686866265625 0.4474344828125 0.1810263765625 0.45756191562500004 0.1967153390625 0.4654626484375 0.20276354687499998 0.49696943125 0.2030742765625 0.51265839375 0.1929468453125 0.52373041875 0.18012041875 0.5304615515625 0.1702363265625 0.5457926953125 0.16275882656250001 0.561708640625 0.163247478125 0.583298621875 0.16014357968749998 0.591964053125 0.155917165625 0.607246134375 0.153414421875 0.6271615109375 0.151952421875 0.6368186203125 0.148067471875 0.640591065625 0.1355007359375 0.6578892171875 0.130364415625 0.6684889453125 0.131795684375