0 0.6039406640625 0.23581386875 0.59209818125 0.235782321875 0.5784531828125 0.23556132187499998 0.5735054890625 0.23928731875000003 0.5690176578125 0.247307665625 0.5633763375 0.25763307343749997 0.5607540796875 0.2652429265625 0.56540495 0.2730106421875 0.5757156015625 0.278946928125 0.5895682343749999 0.285862065625 0.598328596875 0.2892091125 0.6083685609375 0.2890512078125 0.622562609375 0.27537870937500003 0.6264644671874999 0.264263903125 0.6222549953125001 0.25229656093749997 0.6177302375 0.24332895312499997 0.6039406640625 0.23581386875
0 0.5279223234375 0.6262474859375 0.5303361546875001 0.6329129796874999 0.5355653375 0.63254661875 0.54267829375 0.6241345203125 0.5422794265624999 0.621344690625 0.5408061578125001 0.61889991875 0.532687040625 0.6171305968749999 0.5279223234375 0.6262474859375
0 0.547821246875 0.6278809625 0.5428094859375 0.6360559171875 0.5358573437499999 0.64952275 0.5409230625 0.6605888296875 0.5474170859374999 0.6580654859374999 0.5523336265625 0.650796490625 0.557393 0.64216855625 0.5591725624999999 0.63182194375 0.555645709375 0.62916133125 0.5497230078124999 0.6262489062500001 0.547821246875 0.6278809625
0 0.5679143078125 0.6638837093750001 0.561241484375 0.6549386390625 0.55259865625 0.65815210625 0.5484052593750001 0.661833225 0.5440870171875 0.6732869671875 0.5431824234375 0.681893603125 0.5483729859375 0.6851870625 0.5533641171875 0.6870856062499999 0.5602570078125 0.6873520921875 0.565819459375 0.6838148671875001 0.5677598390624999 0.6785229890625 0.5692061296875 0.67134724375 0.5679143078125 0.6638837093750001
0 0.5645995796875 0.702006046875 0.5639446765625 0.6950674390625 0.5606558734375 0.6901419265625 0.5542480796875 0.68855246875 0.5494563828125 0.6880488406249999 0.5458909109375 0.68904805 0.5372660687499999 0.69867519375 0.5384240515625 0.710704509375 0.5430909015625 0.7189807593750001 0.5494034765625 0.7214761765625 0.5593111484375 0.7161057265624999 0.5632961187500001 0.70782285 0.5645995796875 0.702006046875
0 0.5202570796875 0.699177403125 0.5271023609375 0.6998968703124999 0.53241776875 0.695417709375 0.5318967046874999 0.6839133203125 0.5258311703125 0.6823598359374999 0.5239770218750001 0.6835389125 0.5198878390624999 0.689520909375 0.5202570796875 0.699177403125
0 0.535606153125 0.6567095734375 0.5325865078125 0.6537470671875 0.5273110375 0.6541372812499999 0.5246693015624999 0.6588979625 0.5244259687499999 0.6680043796875 0.52987748125 0.6704667328125 0.5341337921875 0.666190646875 0.5355537765625 0.657207903125 0.535606153125 0.6567095734375
0 0.505218265625 0.6799462390625 0.5030771781250001 0.6824783812499999 0.50152558125 0.685348203125 0.50281220625 0.6929278265625001 0.5066466109375 0.69608801875 0.51164375625 0.694131778125 0.51398548125 0.68969069375 0.5134424890625 0.6849464109375 0.511691846875 0.6797994828125 0.5078915203125 0.6782971796874999 0.505218265625 0.6799462390625
0 0.5742393890625 0.6348540359375 0.573924865625 0.637846534375 0.5737056015625 0.6456899390624999 0.57569071875 0.649831809375 0.5749978609374999 0.6506666531249999 0.57249423125 0.6543367359375 0.571754646875 0.6584947828125001 0.5722749671875 0.6621801421875 0.5732994296875 0.6668261531249999 0.5750167515625 0.6706373203125 0.5776632734375 0.67424359375 0.58207384375 0.6783378328125 0.585334140625 0.6789830593749999 0.5888775109375 0.6769350375000001 0.5916803921875 0.67329640625 0.594184025 0.6696263234375001 0.5951914046875 0.665798978125 0.5950961453125 0.6609480734375001 0.5947178125 0.6587904203125 0.5924963484375 0.6540185984375 0.5905903140625 0.6520029296875001 0.588841540625 0.6484910140625 0.59066849375 0.648380478125 0.5936609921875 0.6486950031250001 0.5962122546875 0.6474503734375 0.5986844328125 0.6440795390625 0.6008097328125 0.638251803125 0.601643675 0.63319600625 0.6009337343750001 0.6255574937499999 0.5970740343750001 0.6191007078124999 0.5924747484374999 0.6168019703125001 0.584710428125 0.6187089078125 0.5844588078124999 0.6211029078125 0.5837677578125 0.6334350609375 0.5794209968749999 0.6344909765625 0.5742393890625 0.6348540359375
0 0.0874358828125 0.2688993140625 0.0536370140625 0.2815732296875 0.0672093546875 0.296594765625 0.08360634375 0.30533494375000003 0.0827401390625 0.3135763359375 0.048850090624999995 0.32711776718749996 0.051946367187499995 0.338845478125 0.0523167765625 0.3390625 0.2266568546875 0.3390625 0.22735736874999998 0.337985753125 0.22394196875 0.3292943453125 0.2184769453125 0.31951041562500004 0.2061792 0.31295528125 0.1665525078125 0.2987037171875 0.20497394375 0.2935324390625 0.22380902656249999 0.28937239843749996 0.21526956875 0.277949684375 0.2145638859375 0.2743671203125 0.19547901406249998 0.2706070234375 0.174070984375 0.26835695 0.143826203125 0.2678093890625 0.10711342187499999 0.267020565625 0.0874358828125 0.2688993140625
0 0.14305803125 0.1400485515625 0.11081178750000001 0.1507269015625 0.11103765000000002 0.15996731875 0.133759396875 0.17157215312500002 0.1635105234375 0.1732438578125 0.195427928125 0.1770835984375 0.1993833328125 0.1736186203125 0.19409476718750002 0.1555995859375 0.1787795515625 0.141862678125 0.14305803125 0.1400485515625
0 0.1851092953125 0.0702497796875 0.1757119296875 0.07993402031249999 0.17460251875 0.090489365625 0.1815289234375 0.10431474999999998 0.20871035 0.10765671875 0.2420638875 0.1092219640625 0.2691203078125 0.10236393749999999 0.2703125 0.10200205625 0.2703125 0.057861103125 0.2500797890625 0.055734559375000006 0.2280619109375 0.06021162343749999 0.1851092953125 0.0702497796875
0 0.091649246875 0 0.0931408578125 0.0017251484375000001 0.0946746390625 0.009843043749999999 0.085150596875 0.02475540625 0.0767443875 0.03660258125 0.0796039765625 0.0472468328125 0.0959248609375 0.058510253125 0.10888986875 0.0638512765625 0.1293512265625 0.0660018515625 0.15117856093749998 0.0627263140625 0.1676624984375 0.057297825000000004 0.17772537187499998 0.044829103125000005 0.18799622031250002 0.0379519234375 0.203031465625 0.038736523437499996 0.2205505203125 0.031029821875000002 0.235335246875 0.019057385937499997 0.23641053437499998 0.008826709375 0.23674745000000003 0 0.091649246875 0
0 0 0.784539590625 0.005481271875000001 0.7830488265625 0.0069814953125 0.7743446234375 0.0011442140625 0.768618478125 0 0.7685817765625 0 0.784539590625
0 0 0.7461739656249999 0.0017103906249999999 0.7465232796875 0.008468915625 0.7434843718749999 0.00941353125 0.728927465625 0.0063294171875 0.7248540546875 0 0.72278436875 0 0.7461739656249999
0 0 0.48445031250000004 0.006306925 0.48558088125000004 0.01560601875 0.4862174140625 0.024467865624999998 0.485444621875 0.034298446875 0.4810243953125 0.038268373437499996 0.4766698671875 0.0484774 0.47978792812500004 0.054822792187500004 0.48624916406249996 0.068706225 0.48225490625 0.06988755625000001 0.4765847609375 0.068315721875 0.4692618796875 0.056830384375 0.4615787328125 0.043939059375 0.4561337015625 0.0399216390625 0.4553706109375 0.033623739062500005 0.45402699062499996 0.0193618609375 0.45048295937500005 0.0099564703125 0.45085777812499994 0.0057739484375 0.457235009375 0.0047343453125 0.4615566828125 0.0040256953125 0.46829903437500003 0 0.47323586874999995 0 0.48445031250000004
0 0.0454272234375 0.4419747640625 0.052587567187499996 0.44068229687500005 0.0607166421875 0.43574239062500003 0.06116520625000001 0.42590512968749994 0.056013201562500003 0.41922848281249997 0.0425428984375 0.413722596875 0.0329482859375 0.4103282734375 0.025858809375000003 0.41094650625 0.020541703124999998 0.41141017812499997 0.011136312499999999 0.41178499999999996 0.0043069218749999996 0.41549814218750003 0.0036337046875000003 0.42190337343750006 0.008998303124999999 0.42655731562500004 0.0146463625 0.4285143171875 0.017399525 0.4301670546875 0.027726909374999997 0.437728496875 0.0454272234375 0.4419747640625
0 0.069541565625 0.401904084375 0.067178159375 0.3965430546875 0.058221331249999994 0.3870806140625 0.0525378375 0.3854607296875 0.047362459375 0.38457593437500004 0.039292190625 0.3833868734375 0.025325832812499997 0.3826006328125 0.022041179687500002 0.386004659375 0.0237901765625 0.3916419515625 0.030029271875000003 0.39911454218750003 0.03835963125 0.40339851250000003 0.05030559062499999 0.406699134375 0.0636929703125 0.4074245203125 0.069541565625 0.401904084375
0 0.0703557671875 0.3774490640625 0.066657240625 0.3736519171875 0.0652391953125 0.37043530156250004 0.0614343703125 0.36764950625 0.054628353124999994 0.365570796875 0.0476097421875 0.36551479531250003 0.0422692625 0.3717703203125 0.0427065109375 0.37317964375 0.04970175 0.3790274953125 0.0582447015625 0.3812887640625 0.06631497343750001 0.382477825 0.0708993140625 0.377847034375 0.0703557671875 0.3774490640625
0 0.0139880828125 0.5478817671875 0.012076559375 0.5490244265625 0.0065987203125000005 0.554270815625 0.0061331484375 0.558700446875 0.006646615625 0.562337265625 0.008046009375 0.5660671984375 0.01154315625 0.5668826203124999 0.017744640625 0.5675344234375 0.02511139375 0.5656215609374999 0.031988625 0.56410510625 0.0388884671875 0.5581124625 0.0412190078125 0.5529831328125 0.0316600484375 0.550187021875 0.025131328125 0.5441265468750001 0.0359247234375 0.5394388453125 0.042941628125 0.5365935015625001 0.0455754578125 0.53283961875 0.044757362499999995 0.5193179406249999 0.04324090625 0.5124407078125001 0.036432840625000004 0.5090380125 0.02507941875 0.510531859375 0.015404737499999998 0.513097859375 0.009251148437499999 0.5205125078124999 0.0028182171875 0.530584934375 0.0044982921875 0.540166503125 0.00953450625 0.5433829671875 0.0139880828125 0.5478817671875
0 0 0.6934453296875 0.0005733578125 0.6935055921875 0.002548459375 0.6901450203125 0.0015849890625000002 0.6838805671875 0.0059244375 0.68271476875 0.016089967187500002 0.6847563437499999 0.02130713125 0.68141215 0.021508490625 0.6733238546875 0.016138128125 0.668866865625 0.010869896875 0.6696106656249999 0.0070709515624999995 0.6718064078125 0.0043693953125 0.6728199765625 0 0.672360734375 0 0.6934453296875
0 0 0.6145452453125 0.001895165625 0.6161180875000001 0.00969635 0.615964890625 0.012431628125 0.6146304875 0.01471021875 0.608382409375 0.015689096875 0.6052415109375 0.019775154687499998 0.6034003234374999 0.0235914421875 0.6041258093749999 0.026682245312500002 0.6086675859375 0.0271736234375 0.6194237171875 0.0305852578125 0.6239992140624999 0.0375251015625 0.62278235 0.038925978124999996 0.61871266875 0.0393132859375 0.61194143125 0.0399202640625 0.606166415625 0.04027385 0.5997160125 0.03546036875 0.59304690625 0.035595253125 0.5917635703124999 0.0378401234375 0.5858363265625 0.034917925 0.5796903796875 0.0311690796875 0.578323225 0.025394065625 0.577716246875 0.018555384375 0.5779706078125 0.014114771875000001 0.5800989078125001 0.013878725 0.5823447453124999 0.0144028546875 0.5866167531250001 0.0149944265625 0.5902470906249999 0.01219170625 0.5922231625000001 0.0100142765625 0.5975087390625 0.0098630171875 0.6020341359375 0 0.6035841859375 0 0.6145452453125