0 0.8212205015625 0.6646130218749999 0.819524728125 0.6787865625 0.8262394703125 0.6908249671875 0.838500071875 0.6941928875000001 0.8551721765625 0.6953235609374999 0.862688884375 0.6845885 0.8595033421875 0.6707602968749999 0.8337331546875 0.6619951578125 0.8212205015625 0.6646130218749999
0 0.6672636796875 0.5626914265625 0.6508551375 0.56462234375 0.6402675265625 0.5699917390625 0.6417342703125 0.5798987328125 0.6524480265625 0.592039246875 0.6594148203125 0.598091865625 0.66564824375 0.5991909859375 0.681850540625 0.5984297515625 0.6947756859374999 0.5934725249999999 0.697411078125 0.583082803125 0.6912692671875 0.5723514671875 0.6672636796875 0.5626914265625
0 0.6304593296875 0.616504128125 0.6389729703125 0.6137841515625 0.6391677046875001 0.6035670984375 0.6391561953125 0.5945197234374999 0.635409234375 0.5884318265624999 0.6225298953125 0.58857294375 0.618794446875 0.5915324203125001 0.612515215625 0.59524940625 0.6074391671875 0.6058118 0.6143028390625 0.61244925625 0.6304593296875 0.616504128125
0 0.5977336203125 0.5697281390625 0.5794000359375 0.568907525 0.5758823421875 0.5797446984375 0.5773948921875001 0.584835584375 0.592038834375 0.58379956875 0.599406609375 0.578465453125 0.60023159375 0.5737867375000001 0.5977336203125 0.5697281390625
0 0.528824271875 0.5072406609375 0.52910079375 0.515028815625 0.524177196875 0.5219000484375 0.5277302484375 0.5274797609374999 0.532565690625 0.5351430500000001 0.5395600015625 0.5422582765625 0.555001534375 0.5459097640625 0.5687782718750001 0.5402900015625 0.5759960421875 0.5344424437499999 0.5707546812500001 0.5220639421875 0.5609603078125 0.5144549890625 0.551942434375 0.509459559375 0.534418490625 0.5035834328125001 0.528824271875 0.5072406609375
0 0.5139947546875 0.5445611031250001 0.5117418234375 0.55499900625 0.521930296875 0.5580338140625 0.53408939375 0.5592490625 0.537630625 0.5555394140625001 0.5360481953125 0.5481401453125 0.5301186046875 0.5396647765625 0.5174771359375 0.5365070171874999 0.5139947546875 0.5445611031250001
0 0.48321165781250003 0.5320129687499999 0.4812410390625 0.5338325265625 0.48125285624999997 0.5431218859375 0.4882118328125 0.5434202140625 0.4931413390625 0.541193659375 0.49534723906250006 0.535700678125 0.49531190468749997 0.528883778125 0.4874470296875 0.5290448671875 0.48321165781250003 0.5320129687499999
0 0.44916385468750003 0.5309626359374999 0.45562284999999997 0.5364355921875 0.46575247500000005 0.5351259609375 0.4725702359375 0.5292078703125 0.47469376875 0.5218429109375 0.4677994296875 0.5094825203125 0.45191085624999994 0.5107054234375 0.45026378906250003 0.5153682140625 0.4496285015625 0.51897110625 0.44916385468750003 0.5309626359374999
0 0.46639933593749994 0.4987100671875 0.4711641125 0.4927395546875 0.46992284062499995 0.4810663796875 0.45810490625 0.4755772234375 0.4499223859375 0.47753975937500004 0.43446915625000004 0.48565009375 0.432769146875 0.490613125 0.435092746875 0.49380902187500003 0.4494519515625 0.5059377875 0.45819330156250004 0.5031450625 0.46639933593749994 0.4987100671875
0 0.336402046875 0.43832935624999997 0.3322196171875 0.44099721562500005 0.328360740625 0.44650830937499997 0.3267431 0.453343321875 0.325919565625 0.4556747171875 0.33210795000000004 0.45800419843749995 0.342855253125 0.460208815625 0.35122601875 0.45951777343750005 0.36114388124999997 0.45940910781250005 0.3653085828125 0.44280720625000003 0.3525847484375 0.4377774671875 0.34602577968750003 0.4375496734375 0.336402046875 0.43832935624999997
0 0.3873386296875 0.46990988749999996 0.393762290625 0.4685659453125 0.39377989687500004 0.46144880625000007 0.389562134375 0.457299765625 0.3822560890625 0.4566306640625 0.37980309375 0.4565077125 0.3784795796875 0.4640137359375 0.37970903125 0.46639755312500003 0.3814973140625 0.46795117968750005 0.3873386296875 0.46990988749999996
0 0.37416787500000004 0.49080571875 0.38142098125 0.4917750625 0.3902682109375 0.48838185312500004 0.39012699687499997 0.48216543593749994 0.389456375 0.47895142812499997 0.37825611875 0.476976521875 0.3620439921875 0.4753561890625 0.35423796875 0.47986171874999994 0.3551262609375 0.48651944062499997 0.36240878906249996 0.489661003125 0.37416787500000004 0.49080571875
0 0.1320913375 0.371346278125 0.1328443234375 0.3764322625 0.131997275 0.3812361203125 0.13197966875 0.388353259375 0.1363033125 0.3919018171875 0.1432622875 0.392200146875 0.144409375 0.3927119859375 0.15038008593750002 0.39159774999999997 0.1501388984375 0.3906264953125 0.15642725468750002 0.38771081406249996 0.157621371875 0.3832777328125 0.158227234375 0.3775026203125 0.1560859734375 0.3709335421875 0.15341530781249998 0.367366871875 0.144215096875 0.3657446265625 0.13302075156249998 0.3684144015625 0.1320913375 0.371346278125
0 0.1952264890625 0.3980793171875 0.198781690625 0.3935120109375 0.201535234375 0.3900255140625 0.2029288203125 0.3838548984375 0.2016382890625 0.3790442390625 0.1978382890625 0.37806865625 0.1928007296875 0.3771803984375 0.1875541671875 0.37747745 0.1814537 0.379151634375 0.176556440625 0.38439891875 0.1708568015625 0.3855326984375 0.166551471875 0.3856901734375 0.1650175875 0.3857252484375 0.16261261875 0.3889676703125 0.1579422609375 0.39639374374999997 0.15731525468750002 0.39994966875000004 0.16034867343749998 0.4035399453125 0.167443346875 0.4066241671875 0.17394536562500001 0.40960389062499997 0.181301290625 0.411206478125 0.1867575765625 0.41491842968750003 0.1982620796875 0.41725252343749997 0.20091112187500001 0.41435868124999997 0.201503053125 0.4092688703125 0.1988010359375 0.40726473125 0.1951055359375 0.4056964953125 0.19240351875 0.40369235468750003 0.1930305234375 0.40013643125 0.1952264890625 0.3980793171875
0 0.23840146093749998 0.394081703125 0.232806321875 0.39462283125000003 0.229233221875 0.3958260375 0.2241269609375 0.4022586296875 0.22194889375 0.407679840625 0.2210083859375 0.413013728125 0.22250791875 0.4166390765625 0.2268833984375 0.4195493734375 0.23221728437500003 0.4204898828125 0.23488422656250002 0.42096013593750004 0.23962545937500002 0.42179614374999996 0.24365163750000002 0.4197562046875 0.248566796875 0.41787301875000005 0.2506410859375 0.418238771875 0.25601004843749997 0.42071316562499994 0.258781490625 0.420590765625 0.2647774578125 0.419509234375 0.26648526875 0.41675496718750005 0.2670077734375 0.413791696875 0.2672862015625 0.4104798484375 0.263695203125 0.40831895781250005 0.26043560625 0.40774420312500004 0.259615328125 0.40026660156249994 0.2573141375 0.397722059375 0.2517884265625 0.396136646875 0.2437875953125 0.394725884375 0.23840146093749998 0.394081703125
0 0.28208899375 0.44089413593750004 0.28472158593749997 0.4450248140625 0.28742360312500004 0.4470289546875 0.28698842343750003 0.4512297828125 0.2872332234375 0.45677267187500004 0.2913123765625 0.4596307171875 0.298040571875 0.45959491718749995 0.303321484375 0.45563744218749996 0.305918278125 0.45303992656250003 0.30727751406250003 0.450529734375 0.30654455937499997 0.44428969062499996 0.3096116078125 0.43902523281250005 0.3129921578125 0.431982809375 0.3159718796875 0.425480790625 0.315500903125 0.42295342343750003 0.31239805781249996 0.4214896890625 0.308894384375 0.42056635625 0.301730284375 0.419608671875 0.29766903125 0.4201147234375 0.2924052953125 0.42224198749999997 0.2876297109375 0.4250664046875 0.2852426421875 0.43167292343749997 0.283987909375 0.43359046250000005 0.2825764234375 0.43639697968749996 0.28208899375 0.44089413593750004
0 0.8077653328125001 0.6029426765625 0.7954412750000001 0.598325290625 0.7832396171875 0.59647935 0.7781498078125 0.5958874203125 0.7730077484375 0.595591815625 0.770236303125 0.5957142156249999 0.7627415281250001 0.59836470625 0.7585936734375001 0.6028275109375001 0.7565895328125001 0.6055295296875001 0.750821915625 0.6191784703125001 0.7519034453125 0.6251744359375 0.756993978125 0.630960678125 0.7523407953125 0.6365565390625 0.74875051875 0.6395899578125 0.7459275484375001 0.6452029953125 0.745701371875 0.648218515625 0.74765470625 0.656201446875 0.7542963 0.6601224 0.763029359375 0.6625788953125 0.7812971328125 0.6664110765625 0.7891404875 0.6635165093750001 0.790760975 0.6595246828125 0.7908475765625 0.6555679296875 0.7899227984375 0.6486829828125 0.78913759375 0.6427392671875001 0.7919956406249999 0.638660115625 0.79602181875 0.636620178125 0.8057132843750001 0.637106884375 0.813870865625 0.6376286640625 0.8180008203125 0.6298017625 0.8180695218749999 0.6224809125 0.816569265625 0.6136612515625 0.8077653328125001 0.6029426765625
0 0.7013396453125 0.6416185078125001 0.7077192640625001 0.6418267859375 0.7113617890625 0.6384970390625 0.7120410453125 0.6346447890625 0.7128770531249999 0.62990355625 0.7129285796875 0.6244129187499999 0.7099474109374999 0.620526315625 0.7071058171875 0.617580946875 0.697815178125 0.6165538359375 0.693701675 0.6173562140625 0.68993675 0.6179145171875 0.68545749375 0.6207911859374999 0.6856149671875 0.625096515625 0.68603369375 0.6279202109375001 0.6863829953125 0.63287044375 0.6897127421875 0.6365129703125 0.694140471875 0.6391269390625001 0.7013396453125 0.6416185078125001