0 0.6773291390625 1 0.684683271875 0.9899317406250001 0.6945365812500001 0.9669917640625 0.6994644625 0.9437073671875 0.6971773609375 0.9292268390625 0.658224796875 0.8964297531250001 0.611060725 0.8866874499999999 0.54528865625 0.8835202796875 0.48225211718749994 0.8884207249999999 0.48125 0.88880641875 0.48125 1 0.6773291390625 1
0 0.5985349859375 0 0.5958418890625 0.0220578328125 0.5886299765625 0.040139520312499996 0.5823803734374999 0.065722896875 0.580569703125 0.09161667500000001 0.5777967234375 0.1100087640625 0.5738183218749999 0.13500751875 0.5716299640625 0.1556708078125 0.5697831156250001 0.1927136515625 0.5709161796875 0.20840511875 0.57301155625 0.2315982734375 0.577585065625 0.25124751875 0.576152084375 0.2823717859375 0.5743414140625 0.3082655640625 0.5729963453125 0.327500940625 0.572975721875 0.3490592515625 0.5739174078125 0.378119253125 0.5726240734375 0.39661480625 0.5679937609375 0.409672940625 0.562675359375 0.4219395171875 0.559038465625 0.463317828125 0.5581589984375 0.47589480625 0.564832953125 0.4867696515625 0.5755681515625 0.4927244078125 0.599449396875 0.49142058750000006 0.6139043296875 0.4760757 0.6161806000000001 0.443523521875 0.6174739359375 0.4250279671875 0.6298646046874999 0.40730841250000005 0.617996340625 0.3856621890625 0.615554384375 0.378057034375 0.6289435421875 0.35669010156250003 0.6261083468749999 0.3334452125 0.6268326140625 0.3230877015625 0.6268687921875 0.3119386359375 0.6334960828125 0.291585746875 0.6426015078125 0.2676889484375 0.6430515546875 0.25062130312500003 0.643775821875 0.2402637921875 0.6521620484375 0.1947569484375 0.654800453125 0.15702601562500001 0.6534293453125 0.12347534843750001 0.654360546875 0.11015855000000001 0.6556383265625 0.0812537484375 0.6564866859375 0.0478582828125 0.6594354906250001 0.0056884171875 0.6602753515625001 0 0.5985349859375 0
0 0.5948708171875 0.5037388984375 0.5756871734375 0.5016540078125 0.5669956140625 0.5196322296875 0.559028325 0.5272529390625 0.5541755265625 0.5328611171875 0.5591948 0.55 0.608735040625 0.55 0.609713925 0.5360013 0.610334725 0.5271234328125 0.60940859375 0.508472678125 0.5948708171875 0.5037388984375
0 0.48125 0.607733690625 0.47881405781249997 0.607274125 0.47130230468749995 0.6130610703125 0.47243985625 0.6181903906249999 0.4806792015625 0.623395503125 0.48125 0.6234354171875001 0.48125 0.607733690625
0 0.44068822343749997 0.6603660437500001 0.45345298125 0.665045975 0.46645200468750003 0.6663757703125001 0.4747144328125 0.6659014984375 0.47990491406249997 0.661214678125 0.48125 0.6612078890624999 0.48125 0.6388748265624999 0.4756537328125 0.641770340625 0.468508015625 0.6423226984375 0.45584575000000005 0.6361770828125 0.4439341546875 0.63534414375 0.4353935390625 0.6397967015625 0.433676525 0.6483033359375 0.43727332343749997 0.6557086984375 0.44068822343749997 0.6603660437500001
0 0.43800381093749996 0.7575969203125 0.4456597359375 0.7604467546875 0.4559213265625 0.7634787953125 0.46880321562500005 0.7664836562499999 0.4755474109375 0.7663240359375 0.48125 0.7643514984374999 0.48125 0.7281515328125 0.4757467234375 0.720679584375 0.46725227187499996 0.7137733765625 0.4559178984375 0.7100350953125 0.44399166250000005 0.709411540625 0.43059732031250003 0.7137351 0.41969150468749994 0.71991593125 0.41096054843749996 0.7270904734375 0.41460747031249995 0.7391283015625 0.4210211109375 0.7490451171875 0.43800381093749996 0.7575969203125
0 0.4521274578125 0.7909872671875 0.454747759375 0.7909600890624999 0.4559523203125 0.7897818765625 0.456866296875 0.7820607171875 0.44783855156249996 0.777431696875 0.43671535781250004 0.7760226671875 0.42445236875000003 0.7802149296875001 0.41887500624999996 0.78508510625 0.4332458453125 0.7881940843749999 0.43695357812499996 0.7886637624999999 0.4521274578125 0.7909872671875
0 0.41091385156250004 0.7759017078125 0.41280432187500005 0.7756130875 0.412089128125 0.7751422609375 0.4148704890625 0.7728118640625 0.413419265625 0.7668189812499999 0.40719372031249995 0.764910796875 0.39744234375 0.7652809515625 0.395813178125 0.7725312859375 0.40192159062500005 0.7761145359375 0.41091385156250004 0.7759017078125
0 0.3864441953125 0.7941793171875 0.389852896875 0.7935760484375 0.39061201093750003 0.793418721875 0.39398523281250003 0.787973603125 0.3850306953125 0.782297665625 0.3743298625 0.7855471296875 0.37097128437500004 0.7907828640625 0.37977320625 0.7932920218749999 0.3864441953125 0.7941793171875
0 0.3959506234375 0.813359915625 0.4048843171875 0.8139846203125 0.4056873578125 0.81319914375 0.41275366875 0.8084330874999999 0.4070907015625 0.8038289453124999 0.3984706765625 0.8040678046874999 0.3934998171875 0.805613875 0.3911847453125 0.8119746156250001 0.3959506234375 0.813359915625
0 0.3926922921875 0.8278605812500001 0.39429837343749996 0.8262896312500001 0.3981085953125 0.8252936265624999 0.39844535 0.8204778046874999 0.3899571 0.8188322124999999 0.3843735421875 0.818441771875 0.37968707031250004 0.8212701718750001 0.3794820890625 0.824201540625 0.3810211625 0.828938125 0.3834950515625 0.8310047796875001 0.3926922921875 0.8278605812500001
0 0.4285464484375 0.8179537171875 0.42746521875 0.8227174796875 0.430003871875 0.82920721875 0.43255096562500006 0.8302269578124999 0.430622771875 0.8364043453125 0.4351690265625 0.840930396875 0.44300685 0.8465282453125 0.45498320937500003 0.8517842671875 0.46324563750000003 0.851309996875 0.4664516015625 0.8429074796875 0.458599134375 0.8375190124999999 0.4510749828125 0.8327847265624999 0.44691560625 0.8280753203125 0.4534925453125 0.8249583015624999 0.45717943749999995 0.8203767453124999 0.454567578125 0.8149339234375 0.4387370703125 0.8113020593750001 0.43332076875 0.8138690171875 0.4285464484375 0.8179537171875
0 0.390167459375 0.8494369203125001 0.3969283 0.8500463609375 0.40259427812500004 0.8489391234375001 0.408469496875 0.8448396296875 0.4066411859375 0.8362378343750001 0.40301421406250004 0.8359842109375 0.395474940625 0.8395573109375001 0.388603996875 0.8439972062500001 0.3871001703125 0.848129021875 0.390167459375 0.8494369203125001
0 0.46844315937500003 0.8060806906250001 0.46891553437500005 0.8126796234375 0.46475981875 0.8186922937500001 0.467218671875 0.8235916812499999 0.479153015625 0.8265273015625001 0.48125 0.82581041875 0.48125 0.7779404734375001 0.4802839859375 0.7769681687500001 0.46586197343749997 0.7762223203125 0.45989200312499995 0.7881487546875 0.4643998984375 0.7971309671875 0.46844315937500003 0.8060806906250001
0 0.436154346875 0.9412796140624999 0.4415767171875 0.93656601875 0.44285761093750003 0.9286526734375 0.4426474921875 0.9264553671875 0.4409058265625 0.9201495078124999 0.44022484687499996 0.9142815875 0.4440726546875 0.9112767343750001 0.4489381296875 0.9145271109375 0.4506974953125 0.9153776765625 0.4569021015625 0.9150840062500001 0.4645141671875 0.9050670000000001 0.46502043437499996 0.8978270234375 0.465526703125 0.89058705 0.46431662031250004 0.8766792171875 0.461615528125 0.868487425 0.4576006171875 0.8634776796875 0.4531224546875 0.8598906171875 0.445647046875 0.8575490406249999 0.439131071875 0.8570933999999999 0.4332884640625 0.8574123828125 0.42811922812500003 0.8585059906250001 0.42183868281250003 0.8598856546875 0.4158441953125 0.8623766312500001 0.41129770312499997 0.864968859375 0.4063385859375 0.8682597718749999 0.4016326015625 0.867930696875 0.3952938203125 0.864941065625 0.3902258375 0.864586678125 0.384517409375 0.8681889625 0.379414021875 0.8787451640624999 0.3806924328125 0.886473703125 0.3922763921875 0.8872837328125 0.39200555625 0.8963590140625 0.38870455000000004 0.9019484875 0.39347638281249997 0.9117401546874999 0.3989063640625 0.91211985625 0.4032756625 0.9120616187499999 0.40950558125000003 0.91140595 0.417494865625 0.9116008484375 0.41977572343749997 0.915398028125 0.42146676093749996 0.922427884375 0.4192011265625 0.9288172953125 0.41217126875 0.9305083328125001 0.40371873125 0.9317361171874999 0.40160497656249994 0.9359535343750001 0.40422252031249994 0.940138028125 0.4124472359375 0.9421682312499999 0.43279510625000006 0.9424997859375001 0.436154346875 0.9412796140624999
0 0 0.1161978359375 0.0277142296875 0.11612077812499999 0.050913565625000004 0.11234229843750002 0.058662332812499995 0.1108588703125 0.0711748796875 0.08810562499999999 0.062138653125 0.061145174999999996 0.031184198437499998 0.0508795265625 0 0.053210721875 0 0.1161978359375
0 0 0.22807747968749997 0.009000684375 0.2275525109375 0.032059084375000005 0.22578945312499998 0.0498242421875 0.2216309796875 0.0565801359375 0.21872793906250002 0.0691929921875 0.21015863281249997 0.0662549765625 0.189700434375 0.048436478125 0.17900316249999998 0.025612965625 0.1774071875 0 0.1800175734375 0 0.22807747968749997
0 0 0.55 0.04091073125 0.55 0.0423029046875 0.547849409375 0.038137123437499997 0.5293306328125 0.0107250328125 0.51526214375 0 0.5185287359374999 0 0.55