0 0.44901433749999997 0.478596075 0.449891903125 0.4509678703125 0.446707728125 0.428311284375 0.43479355937499997 0.4112823953125 0.41418024999999997 0.40977862812500004 0.406511646875 0.42295852656250005 0.40408694531249995 0.4299004671875 0.40117783593749995 0.44791243124999996 0.40102754531249996 0.4710376453125 0.4013321375 0.4973995171875 0.402334484375 0.53356508125 0.41624933437499995 0.5503127890624999 0.430223234375 0.53844713125 0.4438026328125 0.5189355499999999 0.44989457968749996 0.49937606875 0.44901433749999997 0.478596075
0 0.08564875937500001 0.5351647515625 0.1084130375 0.5132621296875 0.1138984734375 0.48938710937499996 0.097952084375 0.46302316093749996 0.079187828125 0.46015933125 0.0539679890625 0.479106478125 0.060335003124999995 0.500215546875 0.0679150375 0.5299557015625 0.08564875937500001 0.5351647515625
0 0 0.5417163859375 0.0038329015625 0.5433626390625 0.0368743078125 0.5365185796875 0.0493319328125 0.5138640734375 0.046571778125000005 0.48454672499999996 0.028291931250000003 0.47061286406249997 0 0.48194616406249996 0 0.5417163859375
0 0.8465855546875 0 0.8460529328125 0.0015090124999999999 0.8458075359375 0.012221321875 0.850093515625 0.017800864062499998 0.8591432296875 0.0199009546875 0.864651328125 0.0258707296875 0.8766401593750001 0.0281197421875 0.8842957218749999 0.0202999375 0.8806896906249999 0.011252890625000001 0.8889175890625 0.0033526468750000003 0.8890241109374999 0 0.8465855546875 0
0 0.81055933125 0.039654759375 0.8146431156249999 0.0396428125 0.81685499375 0.0387699625 0.82024170625 0.033798065625 0.8210292703125001 0.026943493750000002 0.8169283609375 0.0185279890625 0.8119322671875 0.020354125 0.8043239953124999 0.0326632109375 0.8038291125000001 0.033294753125 0.81055933125 0.039654759375
0 0.9955256765625 0.06423859062500001 0.9908825953125 0.0519653484375 0.987431471875 0.0440205140625 0.9819535374999999 0.034112565625 0.9762905328124999 0.0270405796875 0.9676109578125001 0.019268565625 0.9620726953125001 0.0172369640625 0.9566118875 0.0157564671875 0.9527906249999999 0.013483559375 0.9326040593749999 0.015196614062499999 0.9254433765625001 0.0223848796875 0.9180201718750001 0.0318580015625 0.9122365171875 0.040538709374999995 0.9153949546875 0.0547065765625 0.91861371875 0.060998096875 0.9207954375 0.06406341875 0.9289026796875 0.07191586875 0.9447902265625 0.0769889 0.9484565828125 0.0781595984375 0.9539475562499999 0.075701921875 0.9655491218750001 0.0751954078125 0.968488240625 0.07534433125 0.9852880953125001 0.07860317343749999 0.9942130671875 0.075662878125 0.9955256765625 0.06423859062500001
0 1 0.0934203609375 0.9842249703125001 0.1001082296875 0.9801884765625 0.1046094546875 0.9619814328125 0.10379634374999999 0.9546487171875 0.10145494687500001 0.9425824359374999 0.09865482812500001 0.9313510046875001 0.093489415625 0.923816096875 0.0855565265625 0.9146718046875 0.0744778796875 0.9020935140624999 0.0638818484375 0.8972221640625 0.0707483703125 0.8941151015625 0.0818628625 0.8876514953125 0.09401107343750001 0.88378703125 0.10804196562499999 0.8855986093749999 0.1167792140625 0.8842688734375 0.11977605 0.88516814375 0.13032748593750001 0.8932452234375001 0.142118109375 0.9071532484375 0.1497173046875 0.918057740625 0.14425084375 0.925575525 0.1437562796875 0.9399613046875 0.1422964796875 0.9492735390625 0.14211171250000001 0.9592355593749999 0.1423976125 0.9697870406250001 0.15103053125000002 0.97825138125 0.16557668125 0.9814571109375001 0.1842338265625 0.99140609375 0.19688535468749999 1 0.19195136562499998 1 0.0934203609375
0 0.052550681249999995 0.8926271531250001 0.0488196203125 0.8878840984374999 0.034678659375 0.8869451359375 0.0318088734375 0.8914453421875 0.0247294015625 0.90648675 0.030609640625 0.9202920609374999 0.043036065624999995 0.9308362875 0.05827494062500001 0.924012453125 0.05854025 0.9134403234375 0.052550681249999995 0.8926271531250001
0 0.019395092187499997 0.8311514765625001 0.013142885937500001 0.8302743593749999 0.0116963296875 0.838671425 0.014139485937499998 0.8435954828125001 0.0201497078125 0.8427508015624999 0.02226755 0.8360152 0.019395092187499997 0.8311514765625001
0 0.06101474375 0.9341622390625 0.057286353125 0.9387831125 0.0531313328125 0.9528282484374999 0.053641295312500004 0.953341846875 0.0545545625 0.956725109375 0.060434803125000006 0.9705304187499999 0.06859420625 0.9787479921875001 0.07599899375 0.9753662421874999 0.082703828125 0.9638890984374999 0.08176189218749999 0.9540719062499999 0.07636561875 0.94371019375 0.06965544375 0.9364594828125 0.06573706406249999 0.9334985609374999 0.06101474375 0.9341622390625
0 0.6310758640625 0.6862480734374999 0.63173004375 0.682473325 0.629407765625 0.6764863109375 0.6268671609375 0.6731605609375 0.624398265625 0.674559771875 0.6235257578125 0.6809957828125001 0.6254850921874999 0.6865076890624999 0.62904241875 0.68863831875 0.6310758640625 0.6862480734374999
0 0.5584659453125 0.7027661203125 0.557886278125 0.6965341984375 0.5560727625 0.6878451046875 0.553170015625 0.679835209375 0.54474860625 0.6747053734375 0.541118371875 0.6741633375 0.540392084375 0.6753176421875 0.53726860625 0.682596121875 0.5381383093750001 0.6908917453125001 0.5390080109375 0.6991873656250001 0.5409669453125 0.7068037921875 0.5451764484375 0.715682265625 0.5497500953125 0.71872229375 0.553599059375 0.7144985453125 0.557811765625 0.70654086875 0.5584659453125 0.7027661203125
0 0.5279718859375 0.6986339296875 0.5255771015625 0.692130990625 0.5201337500000001 0.6807953437500001 0.51345455 0.6775251171875001 0.5125095359375 0.683445203125 0.5098199078125 0.7001327921875 0.50669683125 0.7053067546875 0.5056789078125 0.7128154328125 0.506331084375 0.7195632796875 0.509596375 0.730152803125 0.511919853125 0.729826259375 0.51939825 0.7303535859375 0.5224480171875 0.7288727359375 0.5260073453125 0.7204807718749999 0.5280415921875 0.7138814874999999 0.5288415890625 0.7069295515625 0.5279718859375 0.6986339296875
0 0.49841683437500006 0.7201494390625001 0.5003060625 0.71251830625 0.5012510781249999 0.7065982203125001 0.5027048546875 0.697976053125 0.501108865625 0.6908347359375 0.497552340625 0.68449506875 0.493341234375 0.6840346703125 0.490581903125 0.6854747 0.4876771546875 0.6879874 0.485643309375 0.6924821624999999 0.48600505156249996 0.6992708265625 0.4856409046875 0.7051092765625 0.48505963437500005 0.70729543125 0.4823712109375 0.7176694640625 0.48128117656249997 0.7225576984375001 0.48316720156250004 0.7317627171875001 0.4862157671875 0.7365954265625 0.488031284375 0.734761925 0.48948385937500005 0.732453315625 0.4932603140625 0.72771364375 0.49841683437500006 0.7201494390625001
0 0.62747251875 0.71281463125 0.6281041296875001 0.7059283625 0.6263279828125 0.6989806296875 0.6216905078125 0.6944342953125 0.619749040625 0.6863102375000001 0.619418396875 0.6839575890625 0.6174154625 0.6782412875 0.612508809375 0.668934546875 0.61072630625 0.664786678125 0.60468571875 0.661637096875 0.5980749859375 0.6629660281249999 0.5953789781250001 0.6665437515625 0.5848959140625001 0.671615728125 0.5776175375 0.671039225 0.5766743562500001 0.66717325 0.567240440625 0.6541043906249999 0.560862853125 0.6514020265625 0.5512805765625 0.6543481390625 0.5491971062500001 0.6594391890625 0.55298254375 0.6693033578125 0.5567255890625 0.673175690625 0.559911203125 0.67592680625 0.5636415328125 0.6853988671875 0.568953009375 0.6890507718750001 0.570226834375 0.6952693937500001 0.5700975453125 0.702884771875 0.5714752265625 0.712687478125 0.5741394468750001 0.723109078125 0.5808540343749999 0.7253642265625 0.58668055 0.7241455109375 0.593015746875 0.7208560390625001 0.596165328125 0.714815453125 0.5984141203125 0.710900728125 0.606820071875 0.7081199359375 0.6095584734374999 0.7105340515624999 0.6182696359375 0.7213053671874999 0.6260630500000001 0.71701125 0.62747251875 0.71281463125