0 0.6309482609375 0.39672055156249997 0.622847484375 0.3977751359375 0.6043763125 0.40228747968749995 0.59706446875 0.409375 0.672208975 0.409375 0.6727333718749999 0.40482623906250004 0.66139201875 0.3977171671875 0.6548565828124999 0.396044525 0.6416289078124999 0.3960745765625 0.6309482609375 0.39672055156249997
0 0.646667365625 0.36903363125 0.6441203359375 0.36841770937499996 0.6288126875 0.3672682828125 0.6250943296875 0.36689186406249996 0.6103924453125 0.366688425 0.6147313078125001 0.37268841406250003 0.62573694375 0.3795318015625 0.6368920140625 0.380661059375 0.64672968125 0.3781814796875 0.6475760140625 0.3704526140625 0.646667365625 0.36903363125
0 0.6005695203125 0.37384558437500004 0.5918556046875 0.3716153921875 0.5850976953125 0.37373270937499997 0.585054134375 0.3811637 0.5944723187500001 0.3837179515625 0.60096755 0.383259115625 0.603729684375 0.377746284375 0.6015438359374999 0.3748499453125 0.6023466109375 0.37455206875 0.6005695203125 0.37384558437500004
0 0.5741389765625 0.34989586093749997 0.564998209375 0.3503607078125 0.5670929234375001 0.35621776562499996 0.576788525 0.3617911109375 0.586790365625 0.3582749796875 0.584728484375 0.35221060937500004 0.5840242171875001 0.3518865515625 0.5808385859375 0.350531953125 0.5741389765625 0.34989586093749997
0 0.5894607078125 0.3342591390625 0.5902855890625001 0.3409776328125 0.5947812546875 0.34360227656250003 0.60312661875 0.345774096875 0.60968015 0.34256185 0.603867078125 0.336328371875 0.6032613125 0.335382384375 0.5944160609375 0.33398143281250003 0.5894607078125 0.3342591390625
0 0.5957147109375 0.3210114296875 0.59450318125 0.319119453125 0.5862489546874999 0.3139869125 0.583373575 0.3154440953125 0.5808084499999999 0.319713065625 0.5803487625 0.3226154140625 0.58427886875 0.3264255484375 0.5898071500000001 0.3273011421875 0.5984480249999999 0.3276071671875 0.599203225 0.322839021875 0.5957147109375 0.3210114296875
0 0.669756859375 0.321050440625 0.6685232203125 0.3121420953125 0.66057924375 0.30982133749999996 0.647727490625 0.3122485546875 0.6388313078125 0.315939803125 0.633383434375 0.3193271671875 0.6338725984375 0.32577997812500004 0.63116139375 0.326200609375 0.6272279328125 0.33195294531249997 0.6272098374999999 0.336837834375 0.6309429343749999 0.34189183437500004 0.635642978125 0.345611403125 0.6518847421875 0.3456337140625 0.6556540281250001 0.3409179296875 0.65309225625 0.3356244296875 0.6473850609375 0.331107809375 0.65249721875 0.3274547609375 0.660893509375 0.32453438125 0.669756859375 0.321050440625
0 0.5968966796874999 0.2975281515625 0.5936137921875 0.2981125375 0.59414961875 0.30247674375 0.5998457015625 0.30834846875 0.606387971875 0.313525959375 0.6099790375 0.314094728125 0.6136954718750001 0.306124675 0.6088930203125 0.300808615625 0.603621334375 0.2984551890625 0.5968966796874999 0.2975281515625
0 0.654181446875 0.3858938265625 0.668401603125 0.388411340625 0.6778298515625 0.3824772890625 0.6834958359375001 0.3764778796875 0.6890798499999999 0.3709960078125 0.6935388640625 0.366662265625 0.7006167453125001 0.35770333125 0.6952192593750001 0.3560526671875 0.69127465625 0.351183709375 0.6853167625000001 0.3441390453125 0.6784479984375 0.33986799375 0.6661591609374999 0.34004372968749996 0.6626612062499999 0.344264425 0.665357853125 0.3510578234375 0.6634131484375 0.357381365625 0.6574602671875 0.365192171875 0.65104735 0.372930115625 0.654181446875 0.3858938265625
0 0.6405841062500001 0.23991803125 0.637507528125 0.24310480937499998 0.629679165625 0.24149751406250003 0.6237564109375 0.2394572234375 0.6195121984374999 0.2384176 0.6141359734375 0.23756609062499998 0.607283796875 0.2460333703125 0.609242840625 0.25222215000000003 0.6074652406250001 0.26112575625 0.5959959609375 0.2593092015625 0.593011771875 0.2665520796875 0.5956097312499999 0.2779857375 0.6003615156250001 0.2827798125 0.605379325 0.28357455625 0.612228165625 0.2820874640625 0.6168875609375 0.28282544062500004 0.6209792828125 0.287147565625 0.6248261234375 0.29069609375 0.630106625 0.2944716921875 0.63591584375 0.2972288109375 0.6407065843749999 0.2994572140625 0.646327690625 0.3010823234375 0.652779159375 0.302104134375 0.6605897125 0.3015041734375 0.6657600140625 0.29901641562500003 0.67079896875 0.295038228125 0.6752735859375 0.2876640046875 0.6795812359375 0.2743848375 0.6807165828125 0.2672165390625 0.68185193125 0.2600482375 0.6766882984375 0.2485756234375 0.6707087765625 0.2468937484375 0.66880316875 0.2473267421875 0.66333121875 0.24939931875000002 0.6602579765625001 0.245605909375 0.662241496875 0.24004157187500003 0.6653570328125 0.23428912031250002 0.6660560531249999 0.23219539843749998 0.6665881046875 0.2241967328125 0.6623650375000001 0.21838417968749999 0.659366371875 0.2164396140625 0.6394654328125 0.212185396875 0.63099481875 0.21231340781250002 0.6275030578125 0.21580183281249998 0.628613925 0.22038665000000002 0.6365736328125 0.2234843734375 0.6430429140625 0.22671344375000002 0.643813175 0.23344875156249997 0.6405841062500001 0.23991803125
0 0.8682649765624999 0.8664844984375 0.8812596734374999 0.857184046875 0.88879406875 0.8459861656250001 0.8879296390625001 0.8241646375 0.89045141875 0.8173358437499999 0.8603709296875 0.7981151484375 0.849609871875 0.7933129609375 0.824320553125 0.7893075265625 0.7928708546875 0.806011003125 0.7876677453125 0.8206759234375 0.795078346875 0.8466320671875 0.8095447109375 0.8644123265625 0.833109971875 0.8702099000000001 0.8532580796874999 0.8703032421874999 0.8682649765624999 0.8664844984375
0 0.3903072046875 0.409375 0.3926099578125 0.4036324390625 0.40390503281249995 0.3811392078125 0.40787628906249995 0.369627096875 0.40181897031249997 0.3482012921875 0.38694681875 0.3444582203125 0.37680640468750004 0.3515243484375 0.37207001875 0.35701817187499996 0.366095834375 0.35676573125 0.3494743890625 0.3586427015625 0.33756020468750003 0.3633465609375 0.3302460921875 0.3715541109375 0.326835284375 0.3876645390625 0.323396684375 0.409375 0.3903072046875 0.409375
0 0.37671769374999997 0.280454475 0.36634053906249997 0.2852252546875 0.35567310937499996 0.2943599296875 0.3509108484375 0.3092406578125 0.3533776140625 0.31644661093750004 0.3633369703125 0.324438375 0.3731141375 0.3259869265625 0.3785893515625 0.326854115625 0.38703050625 0.32418209062500003 0.391169709375 0.3208287015625 0.3949603296875 0.314613821875 0.399327865625 0.3072876234375 0.4040864875 0.3000233671875 0.40390429843750003 0.293580153125 0.40020233125000004 0.2865794609375 0.3853021671875 0.2794087375 0.37671769374999997 0.280454475
0 0.34884348125 0.2750380921875 0.3554923375 0.27609116718750004 0.3621081546875 0.2730496203125 0.3704027078125 0.27231865312500003 0.3889142015625 0.2759321515625 0.398327909375 0.2767415703125 0.406062884375 0.2752404125 0.41264566093750005 0.2681042421875 0.415904009375 0.26044153593749997 0.42266436093750004 0.24788097343749999 0.42718639999999997 0.23223963749999998 0.42590204062500003 0.21022613906249998 0.4222286484375 0.2075996375 0.418482990625 0.2097326421875 0.4116565578125 0.21410395937499999 0.412288403125 0.21011464375000002 0.41551371093749995 0.1983573171875 0.4182847484375 0.1851649078125 0.4178036234375 0.1666864546875 0.41462372812500004 0.1566409 0.40906717343750004 0.1400848359375 0.4000086140625 0.128426628125 0.39524910625 0.1283543609375 0.392445028125 0.13745214687500001 0.3886931828125 0.1525339046875 0.375290159375 0.15109263906249998 0.3632169078125 0.14986198906249998 0.3586287890625 0.15731408125 0.35764179375 0.1721521828125 0.3569707203125 0.18499562812499998 0.3569314953125 0.19384975937499999 0.3528306859375 0.20683155156250002 0.347716028125 0.21760807187500003 0.3468013015625 0.22768666718750002 0.3450110734375 0.23898972500000001 0.3417527234375 0.24665243124999997 0.34437304062499996 0.2559277921875 0.346051775 0.258238371875 0.3470986640625 0.2645382671875 0.34884348125 0.2750380921875
0 0.358601634375 0.7805045125000001 0.34556739531249997 0.771386809375 0.3365899953125 0.7732202874999999 0.333633090625 0.7781775625 0.3275160546875 0.784804559375 0.3292383625 0.8013541468750001 0.323946921875 0.8119098250000001 0.32003232187499997 0.8183430921875001 0.31823633125 0.8251119171875001 0.325250078125 0.8311058265625 0.3371361109375 0.82919046875 0.3448687703125 0.826074721875 0.3513566859375 0.8216767046875001 0.35535511249999996 0.814714153125 0.35773791875 0.8042403515625001 0.35953390937499996 0.7974715296875 0.358601634375 0.7805045125000001
0 0.330617646875 0.9160527703125 0.33557376875 0.9076142218750001 0.3397398546875 0.8995931046875001 0.343667165625 0.8839383281250001 0.3450084484375 0.8754698046874999 0.34606267812499997 0.8642430187500001 0.346027115625 0.85989690625 0.3475487671875 0.8411483109375 0.335375678125 0.8403054046875 0.317372609375 0.848847759375 0.3035356265625 0.8493689968749999 0.2950129375 0.8529021734375 0.28378483593750004 0.8598047781249999 0.2814375921875 0.8746246937500001 0.2917791234375 0.8778903109374999 0.307602609375 0.8831093046875 0.3117915515625 0.8886558078125001 0.313981278125 0.8976835859375001 0.3116823015625 0.90762810625 0.31760625781249996 0.9205026890625 0.330617646875 0.9160527703125
0 0.3097516453125 0.951812240625 0.3208476484375 0.9503143171874999 0.3270002421875 0.9480334312500001 0.3300409796875 0.9425468765625 0.33030517812500004 0.9317375218749999 0.3282348421875 0.926526571875 0.311489225 0.9271296875000001 0.3026667765625 0.9371261093750001 0.30573036249999996 0.945207175 0.3097516453125 0.951812240625
0 0.39648015000000003 0.5504902656249999 0.39203971718749997 0.546531609375 0.38601922499999997 0.54340781875 0.37206285 0.5401122234375 0.36200836718749996 0.5396048718750001 0.35634604687500004 0.5479315687499999 0.3506481625 0.551912153125 0.3515093171875 0.5601869453125 0.35511144687499996 0.5694384265625 0.3629152234375 0.5750149046875 0.36806185625 0.5790854109375 0.39530396093750003 0.5899108578125001 0.4026657375 0.584566128125 0.40375552968750006 0.5776854546875 0.4031814265625 0.5721689234375 0.4021526125 0.5649526953125 0.39648015000000003 0.5504902656249999
0 0.40000345781249996 0.6470814265625 0.387975178125 0.6316123359375 0.3828158390625 0.636763334375 0.3827320078125 0.63729261875 0.3731068171875 0.6569279796874999 0.371752825 0.6746180078124999 0.38520621718750003 0.681089296875 0.40037177343749997 0.68132104375 0.402419253125 0.6729643734375 0.4037605359375 0.66449585 0.4046826671875 0.65867374375 0.4040247359375 0.6536864953125 0.40000345781249996 0.6470814265625