0 0.2148006796875 0.5971634984375 0.23465426250000002 0.581911809375 0.2170044609375 0.5656479484375 0.1676318421875 0.56165870625 0.13357438593749998 0.568939103125 0.1190997703125 0.584030153125 0.1232461171875 0.60149685625 0.13867333906249998 0.6111640125 0.1841518 0.6132706296875 0.2148006796875 0.5971634984375
0 0.3319294015625 0.5134856562500001 0.34559566406250003 0.521817175 0.3629715703125 0.525043821875 0.3864893984375 0.5243414765625001 0.39560018750000003 0.51391474375 0.39291706875 0.5043396375 0.3880583046875 0.48991865 0.3611108 0.49172223906249996 0.341460134375 0.4970534765625 0.333370071875 0.504869446875 0.3319294015625 0.5134856562500001
0 0.4100887984375 0.4984997875 0.41381597968749995 0.505130496875 0.41735651406249996 0.5144302921875 0.41934552187499996 0.521945259375 0.43266762812500004 0.5232120984375 0.451991671875 0.5225517640625 0.4617499140625 0.5148524437499999 0.4467654234375 0.5013997328124999 0.4362255453125 0.49630423749999997 0.42302008906250005 0.49336921875 0.417945559375 0.494020175 0.4100887984375 0.4984997875
0 0.5008373796875001 0.49173732968749995 0.49390733437499995 0.49097339375000004 0.48873168125 0.4950808953125 0.4877840375 0.49864603125 0.49813051249999996 0.50048688125 0.5050605578125 0.501250815625 0.5136331984375 0.498498209375 0.508962940625 0.4953782484375 0.5008373796875001 0.49173732968749995
0 0.5263382984375 0.5149557031249999 0.5282967234375 0.51693805 0.5320180140625 0.5177015578125 0.5362150437500001 0.5176595140625 0.5378961906249999 0.5176093093749999 0.5426856984375 0.5150922421875 0.5425246359375 0.5147647671875 0.5395685593749999 0.5116867625 0.5350358843749999 0.510530990625 0.5282179046875 0.5120673921875001 0.5263382984375 0.5149557031249999
0 0.019861809375 0.5297662937500001 0.0024524078125 0.5322751718750001 0.0043940062500000005 0.5378140218749999 0.011178209375000001 0.5407104921875 0.0246201828125 0.5416504468750001 0.033365392187499995 0.5364862625 0.0262213890625 0.53207413125 0.019861809375 0.5297662937500001
0 0.298256778125 0.518491896875 0.28537881875000004 0.52280815 0.285440425 0.528588165625 0.289391665625 0.5320317859375 0.3015986734375 0.5306496265625 0.3093001625 0.527089278125 0.306470421875 0.5209293828125 0.298256778125 0.518491896875
0 0.3274875421875 0.5400987921875 0.31845058437499996 0.5361132296875 0.310505984375 0.5364892546875 0.30530358281250003 0.5376159734375 0.30082078125 0.54177401875 0.3020038890625 0.5448377609375 0.30345926562500003 0.5440079640625 0.3111964265625 0.5465984453125 0.320930271875 0.5472791015625 0.3290304515625 0.544678196875 0.3274875421875 0.5400987921875
0 0.245317184375 0.481227390625 0.23582291875 0.4747892828125 0.22133932500000003 0.4708893890625 0.2198927296875 0.4640516609375 0.2240471375 0.4609375 0.1642542984375 0.4609375 0.156759228125 0.46316561875 0.1440102359375 0.475747265625 0.1430592625 0.4801718140625 0.11939173125 0.4791583984375 0.11496499375 0.49200120468749997 0.11179065937499999 0.5190463109375 0.1166661859375 0.5318980171875001 0.145291821875 0.5399947093749999 0.16136484375 0.5395147 0.173830353125 0.5355745375 0.1697941875 0.519894421875 0.160523146875 0.5102640296875001 0.1661821515625 0.4981489703125 0.1821435609375 0.49926510156250004 0.19501540312500001 0.5078641265625 0.2024759765625 0.5112729234375 0.21214882343750002 0.5151572062499999 0.231414128125 0.514900421875 0.2419196234375 0.511464778125 0.24909219062500002 0.5052297625 0.251574525 0.4880807296875 0.245317184375 0.481227390625
0 0.176666525 0.39171171562499996 0.20743095625 0.382186871875 0.237523678125 0.3674256828125 0.2425631234375 0.33988516875 0.2040379828125 0.326812475 0.1750737375 0.3254357671875 0.11593185624999999 0.3251921984375 0.0992604984375 0.35581136406249997 0.108770884375 0.38307195625 0.137058046875 0.39413140156250004 0.176666525 0.39171171562499996
0 0.2690027734375 0.24378450156249998 0.25432826406250003 0.2161627953125 0.21616423437500001 0.1979259734375 0.17089510624999998 0.20708522031249998 0.15719754375 0.21001942499999998 0.1254507921875 0.20390744375 0.1048738265625 0.2310101421875 0.10131858906249999 0.2521677203125 0.11608875156250001 0.2635793046875 0.151831384375 0.27191672499999997 0.1850623546875 0.27164577031250003 0.21636308125 0.269293825 0.2511234046875 0.26199442031250003 0.2690027734375 0.24378450156249998
0 0.764386721875 0.9604151390625001 0.7851775 0.959843696875 0.80426438125 0.9524021890625001 0.8227811828125 0.9374948109375 0.833643165625 0.9227272453124999 0.815965603125 0.9100145515625 0.77981821875 0.911537428125 0.7534993156249999 0.9130724890625 0.730440915625 0.9148355468749999 0.7126757578125 0.9189940203125 0.7059198640625 0.9218970609375001 0.6933070078125 0.9304663671875 0.6962450234374999 0.950924565625 0.714063521875 0.9616218375000001 0.736887034375 0.9632178124999999 0.764386721875 0.9604151390625001
0 0.7243628765625 0.6112943671875 0.7517749671875 0.62536285625 0.7752091859375 0.6182253453125 0.7954704984375 0.5939886703124999 0.7890370953125 0.5766615109375001 0.7588406296875 0.571174509375 0.737338840625 0.5662955000000001 0.7201970953125 0.592775590625 0.7243628765625 0.6112943671875
0 0.727074846875 0.541274471875 0.742249903125 0.5585378125 0.7716883734375 0.55924616875 0.79341869375 0.5452385921875 0.7979412296875 0.5118002546875 0.789287178125 0.4949929015625 0.7822430703125 0.48639923124999995 0.75417329375 0.4817360359375 0.749973246875 0.494944171875 0.74246571875 0.5085961203125 0.7368436390624999 0.510903353125 0.727074846875 0.541274471875
0 0.6745291046874999 0.253803609375 0.67191120625 0.2705228984375 0.6752282234375 0.2852425765625 0.6880895203125 0.301595503125 0.7004164312500001 0.30487210625 0.7104076781249999 0.3070195359375 0.7082938546875 0.31653020781249996 0.714215375 0.3285344640625 0.724206621875 0.3306818921875 0.7334719562500001 0.3293980921875 0.7390271140625 0.32592315156249996 0.7532091109375 0.3302953234375 0.7602732046875 0.32596005 0.7643194296875 0.32334544374999996 0.771349915625 0.31949074375 0.7809440171875 0.3068859203125 0.77645129375 0.2879744640625 0.7823660046875001 0.272451559375 0.7786121203125 0.26397935 0.7737290640625 0.2578428015625 0.76383863125 0.2542536484375 0.7429384109375 0.2548567453125 0.71677594375 0.2504797796875 0.7009169890625 0.2493708140625 0.6851252437500001 0.24730069999999998 0.6745291046874999 0.253803609375
0 0.7200606484375001 0.4364673859375 0.7296493109375 0.4394584265625 0.737000496875 0.44126165781250004 0.7459988296875 0.4416330453125 0.754735184375 0.43837639375000004 0.75672323125 0.43206947968750004 0.7536029609375 0.4287572421875 0.7475167453125 0.427300303125 0.738828821875 0.4261771109375 0.7263101 0.4245282046875 0.714674171875 0.4250037265625 0.7044826359374999 0.4232597171875 0.7061280265625001 0.43291475156250003 0.7200606484375001 0.4364673859375
0 0.7617758421875 0.40406069687499996 0.7596639609375 0.401076809375 0.7680899078125 0.39857196250000004 0.7779656421875 0.39745768125000003 0.785550071875 0.3959253375 0.7940065093750001 0.3892972265625 0.7950328390625 0.3893689953125 0.803022784375 0.38941203125 0.8087644640624999 0.3810470640625 0.8092488984375 0.3741193328125 0.8104492546875001 0.368015178125 0.8157423843749999 0.3660647734375 0.8244679515625 0.3555879234375 0.8224529328125 0.34384434375 0.807183571875 0.34097174531249996 0.79170969375 0.34839833593749997 0.7897341953125 0.3508385671875 0.7799894515625 0.3537668703125 0.779513928125 0.34213094375 0.7723421625 0.3377618859375 0.76198915 0.33832711875 0.7506815718750001 0.337794253125 0.7375294859375 0.3415156390625 0.7340557703125 0.34694515312499996 0.726679490625 0.352875284375 0.716565115625 0.3537150421875 0.7085159515624999 0.3508316546875 0.6997508640625 0.34712469375 0.69040084375 0.344408178125 0.6827213078125001 0.34361333437499997 0.6747062671874999 0.3513036609375 0.6727774421875 0.3604509234375 0.6753002312499999 0.3686202890625 0.6813200734375 0.37471365625 0.687996615625 0.378790246875 0.6965822828125 0.385063034375 0.7012061640625 0.3889960890625 0.7101381234375 0.3940039046875 0.7177154031249999 0.399948340625 0.719552759375 0.4031708703125 0.7155425421875 0.40521098125000005 0.7204409484375 0.40890539531250003 0.7256497625 0.4118480046875 0.731258696875 0.41275589375 0.737565609375 0.4147439390625 0.7489862328125 0.4173474078125 0.763493 0.4126894 0.7617758421875 0.40406069687499996