0 0.42111475781249996 0.19402285 0.4054257953125 0.1838954203125 0.3974269375 0.179994115625 0.38409550625 0.1734919421875 0.376096646875 0.1695906390625 0.36678100156250004 0.16669736875000002 0.3531244609375 0.1608617671875 0.32912788593750003 0.14915785625 0.3157964546875 0.14265568125 0.297181515625 0.13852739375 0.28089139687500003 0.1347078609375 0.270031978125 0.143438709375 0.267138709375 0.15275435625 0.2705369828125 0.16101290625 0.2808933734375 0.16853946875 0.301849490625 0.1746347625 0.3198469234375 0.18341269531249998 0.3342027421875 0.192889909375 0.35120849375 0.2020093046875 0.357630871875 0.2142182234375 0.372377215625 0.229661871875 0.37966044062500004 0.22826331249999998 0.3902438125 0.22517379218750003 0.41015918906250004 0.22663579218750002 0.41794544375 0.20897982499999998 0.42111475781249996 0.19402285
0 1 0.1149143859375 0.9925853968749999 0.1079140078125 0.97227885625 0.1129038671875 0.94894511875 0.138758290625 0.9277135953125001 0.1835108546875 0.9329736109375 0.20692796093750002 0.9561087531249999 0.1973600984375 0.9853823765625 0.1788709546875 1 0.1506078109375 1 0.1149143859375
0 0.76027680625 0.185350465625 0.7471765796875001 0.2068693390625 0.7393340921875 0.2458369984375 0.7361090406249999 0.26007873125000003 0.7410293046875001 0.273641815625 0.754350790625 0.27455748125 0.7655524171875 0.25769425625000003 0.772545615625 0.23877844062500003 0.775638803125 0.22633295156250002 0.7782995265625 0.2155370828125 0.7822207703124999 0.1960532515625 0.7795365859375 0.18172021875 0.771918721875 0.1752139125 0.76027680625 0.185350465625
0 0.7866627359375 0.30520148593749996 0.7936134625 0.3123126875 0.807198671875 0.30963587812500004 0.8195658343750001 0.2896200140625 0.8254594296875 0.272958715625 0.8250772546875 0.25695762499999997 0.8168950625000001 0.253897178125 0.806081203125 0.2569953921875 0.7916388828125 0.2713477484375 0.7766031765625 0.293783178125 0.7866627359375 0.30520148593749996
0 0.765211575 0.3217170625 0.762110565625 0.32578625625 0.7580496375 0.3386900265625 0.7571925265624999 0.3503655765625 0.7613506703125 0.37006888125000004 0.7728975984375 0.36546765625 0.7831314875000001 0.349062709375 0.788695425 0.3368920078125 0.7831817765625 0.33141199375 0.776898184375 0.3236959015625 0.7730194125 0.3171527140625 0.765211575 0.3217170625
0 0.720593946875 0.23390599218750002 0.7143762875 0.22529177968749997 0.71233018125 0.21499106875 0.7046016890625 0.1972674890625 0.695994853125 0.2042329703125 0.6896900265625 0.20953038125 0.6769775671875 0.2172842421875 0.6691853703125 0.23860118749999998 0.6695966015625 0.24996507031249998 0.676745121875 0.254381915625 0.6795611703125 0.2669187046875 0.6883233328125 0.2832858859375 0.703873078125 0.275055309375 0.714304759375 0.25595600625000003 0.720593946875 0.23390599218750002
0 0.73429844375 0.3845118875 0.7307371234375 0.3835500015625 0.724592096875 0.3859784984375 0.7217886609375 0.3923620625 0.7208790078125 0.40121946406250003 0.721245846875 0.40682400625000004 0.72791599375 0.400776184375 0.7307194296875 0.394392621875 0.73429844375 0.3845118875
0 0.7210904499999999 0.440281225 0.7256650484375 0.4373919234375 0.7265491 0.435961109375 0.728684025 0.43234739843750003 0.729883453125 0.4287429109375 0.7291459031249999 0.42605569218749995 0.72570475 0.42623932499999995 0.720965196875 0.4313756671875 0.7196997875 0.4358789640625 0.7208873796875 0.43997800312499996 0.7210904499999999 0.440281225
0 0.67229365625 0.3685351 0.6687166234374999 0.3663249671875 0.664574828125 0.36756336875 0.659651865625 0.37307575000000004 0.65817005625 0.3784045015625 0.6576092046875 0.386044428125 0.662620515625 0.38569562031250004 0.669381478125 0.3806141890625 0.6702800718749999 0.376862975 0.67229365625 0.3685351
0 0.595297271875 0.3775159734375 0.594225053125 0.3855894359375 0.5957912109375 0.39256182812499996 0.6029008828125 0.38934334531250003 0.6123362765625 0.3805730859375 0.6214968734374999 0.37119122187500003 0.626520634375 0.3550158984375 0.6258763890625 0.34419494375 0.6184540578125 0.34296272499999997 0.610885434375 0.3502555734375 0.6046867703125 0.3563062828125 0.599847165625 0.367795634375 0.595297271875 0.3775159734375
0 0.577047784375 0.39965773125 0.575455809375 0.40174674374999997 0.5706311203125 0.41085547968749997 0.5683581796875 0.41786573125000004 0.56839604375 0.4217048296875 0.5737255734375 0.42096116562499997 0.581211584375 0.4169710734375 0.5890469703125001 0.40168949375 0.588406740625 0.3951687078125 0.5835023125000001 0.39229907656249996 0.577047784375 0.39965773125
0 0.6161954234375 0.53050475625 0.61949583125 0.522562896875 0.6246102328124999 0.51168515 0.6246062171875 0.5073849828125 0.6211245265625001 0.5047316921875 0.6154823390625 0.501024653125 0.6065099093749999 0.5100207140624999 0.6007524078124999 0.5296588 0.6064513890625001 0.53912448125 0.6146751578125 0.5359717984375 0.6161954234375 0.53050475625
0 0.670690303125 0.5045500140625 0.675322809375 0.4915269140625 0.671837103125 0.48457345781249994 0.6645690921875 0.48341650625000004 0.6572603484374999 0.4937015765625 0.652398940625 0.5185525046875 0.6566671546875 0.519201515625 0.6630729171875 0.5146845515625 0.670690303125 0.5045500140625
0 0.555312565625 0.5433147203125 0.5582854015625001 0.5333027796875001 0.5681676999999999 0.5075576515625 0.5714560640624999 0.4867152859375 0.566175296875 0.48461726250000003 0.5565666515625 0.4913927078125 0.5496491609375 0.49852555625 0.539784653125 0.506608940625 0.5306280703125 0.5202909734375 0.5288938187500001 0.5352052234375 0.5291617265624999 0.5467977859375 0.53795803125 0.55108803125 0.5460464125 0.5497796296875 0.555312565625 0.5433147203125
0 0.8551070515625 0.2392724296875 0.8624075421875 0.22939193125 0.8614008999999999 0.2242482453125 0.8564260625 0.221304884375 0.846249096875 0.2302993984375 0.8442532 0.238631365625 0.8481729546875 0.2441619390625 0.8551070515625 0.2392724296875
0 0.8671917296875 0.24671742343749997 0.86513000625 0.2441609515625 0.85928763125 0.2459641484375 0.8557106640625 0.24990620156249999 0.851412715625 0.2565984140625 0.8503458343749999 0.26641743125 0.8535402609375 0.27004333125 0.8598428015625 0.264328821875 0.8641202578125 0.2555587359375 0.8657454171875001 0.2475629171875 0.8671917296875 0.24671742343749997
0 0.923256309375 0.1310842734375 0.932901346875 0.1222589078125 0.9413535578125 0.108579265625 0.948654434375 0.0797403921875 0.9399622937500001 0.069092209375 0.914953378125 0.0583187109375 0.9016178109374999 0.055730975 0.8906616906249999 0.076734365625 0.8863544328125 0.0753456578125 0.869083909375 0.0800957859375 0.861143428125 0.0876162734375 0.8513369375 0.0945826890625 0.8385633546875001 0.1054425734375 0.83128194375 0.10723180937500001 0.8212928312500001 0.1101927 0.8119777562499999 0.12345149375 0.8153877203125001 0.13543983906249998 0.82389018125 0.1413669734375 0.83828449375 0.135214025 0.84348284375 0.1398856765625 0.839618453125 0.1543787828125 0.8404468859374999 0.1658201125 0.8432533812499999 0.17466579843750002 0.8593460453124999 0.18109055000000002 0.8683320125 0.1779964328125 0.8765601140625 0.170616228125 0.8864151484375 0.1540603765625 0.887887684375 0.1437413046875 0.888665865625 0.13557586093750001 0.8876548124999999 0.12012900468750001 0.8946689203125 0.105747953125 0.907990371875 0.1069046421875 0.9116950156250001 0.11974879375 0.923256309375 0.1310842734375
0 0.2335168140625 0.683758278125 0.24859499999999998 0.68377695625 0.2504391203125 0.672262565625 0.2479379015625 0.66875 0.2139308296875 0.66875 0.21318432187499997 0.674405721875 0.2335168140625 0.683758278125
0 0.239695946875 0.7499697078125 0.2451964609375 0.7402386609375 0.2566262140625 0.7322709656249999 0.2641276375 0.71843744375 0.26402841875 0.7093608125 0.23964449375000002 0.7036748921875 0.22145378125 0.7100378390625 0.20140118125 0.6985647390625 0.1747364515625 0.6991018390625 0.151448221875 0.703542828125 0.149538571875 0.7229249640625001 0.16293739062499998 0.73566691875 0.17966310000000002 0.7477744453125 0.19831622499999998 0.769850275 0.21370799218749997 0.7846927859374999 0.23488813125000002 0.781480671875 0.23900509374999998 0.7699462921875 0.239695946875 0.7499697078125
0 0.221788815625 0.8377251125 0.237130975 0.84802930625 0.2593571984375 0.8504057875000001 0.2728950421875 0.8412092171875001 0.27657531875 0.8243834671875 0.2692864140625 0.802207690625 0.2468617515625 0.781677946875 0.2369227296875 0.794322575 0.23319284218749997 0.806610009375 0.21792602187500001 0.8239915375000001 0.221788815625 0.8377251125
0 0.278399828125 0.7417621375000001 0.2745548 0.757379003125 0.2924417359375 0.77174569375 0.3029583109375 0.7842104140624999 0.29789448125 0.79923283125 0.28784828125 0.8090038578125001 0.28706616875 0.8137007796875 0.3055545421875 0.834567725 0.3060487984375 0.8381943796875 0.31246433281249997 0.8497874171875001 0.3418961640625 0.852856984375 0.354372 0.8504778828124999 0.36164314218750004 0.8433032218750001 0.35818334375 0.8179166390624999 0.35460044062499996 0.8020625203125 0.35086074843750004 0.778796484375 0.34478268125 0.7634181859375 0.332388296875 0.745523478125 0.32092485625 0.7365467953125 0.3020830953125 0.7318711734375001 0.287499165625 0.7354791484375001 0.278399828125 0.7417621375000001
0 0.1178314671875 0.8513479203125 0.1418044328125 0.87488988125 0.16359396875 0.871974990625 0.16294292187499998 0.8609364203125001 0.1562554546875 0.8452608968750001 0.1290052078125 0.8268916796875001 0.11143981562500001 0.821145790625 0.104440609375 0.8324029359375 0.1178314671875 0.8513479203125
0 0.18045718125000001 1 0.185446609375 0.9926648859375 0.1792533984375 0.9806160187499999 0.1678475296875 0.96997461875 0.1402598171875 0.9553906640625 0.12164037968750001 0.9502592125 0.0895167859375 0.9712687062500001 0.08513585 0.9725175687500001 0.07318795781250001 0.9954677015625 0.077580521875 1 0.18045718125000001 1
0 0.053788371875 1 0.05073941093749999 0.9935470531249999 0.0342360265625 0.98098369375 0.025087079687500003 0.9827283687499999 0.029888778124999998 0.9991769359375 0.030828415625 1 0.053788371875 1
0 0 0.9649487515624999 0.007422467187499999 0.967905846875 0.02144660625 0.9685389640625001 0.027441378125 0.9624345703125 0.015648432812499998 0.9510401187499999 0 0.9507250046875001 0 0.9649487515624999
0 0.6407185734375 0.7945950015625 0.6466311218749999 0.775665728125 0.641142403125 0.7558026890625 0.6359464703125 0.7479804609375 0.6232881875 0.7437896046875 0.6037358312500001 0.7527612953125 0.5993686171875 0.7539362640625 0.5806126296875 0.7593303687499999 0.5694567421875 0.759838284375 0.5449990062500001 0.756502453125 0.5258749484374999 0.7597340359375 0.5145662578125 0.763472425 0.49446291249999996 0.7774633843750001 0.496258096875 0.7942029671874999 0.5036150515625 0.8044011953125001 0.524411603125 0.8171883546875 0.5400272796875 0.8201776265625 0.5572356968750001 0.816011721875 0.56992633125 0.832777365625 0.585466721875 0.845644925 0.597096078125 0.8334699296875 0.6102730046875 0.8200667312500001 0.6281852140625 0.8076510859375 0.6407185734375 0.7945950015625
0 0.5006743640625 0.702494859375 0.50574760625 0.7095962484375 0.52962200625 0.705376559375 0.5409284624999999 0.68511206875 0.510217984375 0.678065575 0.5006743640625 0.702494859375