0 0.666699621875 0.943074575 0.6663810984375 0.9569204062500001 0.6839878359375 0.97294365625 0.69436925 0.97506178125 0.7080589374999999 0.97163941875 0.7200183984375 0.9678640390625001 0.73077363125 0.9617711375000001 0.731147453125 0.9535601140625 0.728586825 0.942678546875 0.7186761203125 0.932961115625 0.7040175671875 0.9302662984375001 0.6917674468749999 0.9322065281249999 0.6766381796875 0.9371110187499999 0.666699621875 0.943074575
0 0.577974428125 0.8110216250000001 0.59762991875 0.8135520671875 0.617077915625 0.8042011765625 0.6296602734375 0.7990730125 0.6299234890625 0.779592375 0.6189054546875 0.76816914375 0.604952959375 0.754075365625 0.586681740625 0.7444279859375 0.571649359375 0.749944196875 0.5539869046875 0.7652829125 0.5483807953125 0.7774579609375001 0.5514674390625001 0.7863750296875 0.56489391875 0.8024333046875001 0.577974428125 0.8110216250000001
0 0.6492043234375 0.864327390625 0.624565621875 0.8726192156250001 0.620108428125 0.881476984375 0.62871801875 0.8882651734375001 0.6287733265625 0.8938999796875 0.6316108953125 0.8959588046875 0.6457018546875 0.9056412093749999 0.671752275 0.9115482328125 0.6835179578125 0.9065494171875 0.6890824875 0.89939745625 0.6732338453125 0.8680462421874999 0.66304620625 0.867151553125 0.6492043234375 0.864327390625
0 0.5622230921875 0.7432853515625 0.5838857546875 0.737346071875 0.587235615625 0.7267825046875 0.583138521875 0.7167713515624999 0.5670403890625 0.7155586656249999 0.5524924421875 0.724133465625 0.54842279375 0.7354381046875 0.5622230921875 0.7432853515625
0 0.5650680453125 0.7025436984375 0.56882034375 0.6969936265625 0.5648603484375 0.68870044375 0.5610863609375001 0.6774043375 0.55328665 0.6657546921875 0.5419643562500001 0.66110546875 0.5406189421875001 0.6484335625 0.5280386499999999 0.640018971875 0.5108417625 0.6442294234375 0.49960688593749997 0.648486734375 0.4995740203125 0.6524565578125 0.49646715468749997 0.657904403125 0.49669686718749995 0.6593547531249999 0.4984142875 0.666020815625 0.511300859375 0.67636920625 0.5290445890625 0.6839659890625 0.5304120171875 0.6842449859374999 0.5352908625 0.69833955625 0.5418654359375 0.7022540171875 0.5650680453125 0.7025436984375
0 0.46012788593750004 0.512013459375 0.4444298765625 0.5006236265624999 0.43431102812500005 0.4868634140625 0.4206258796875 0.475650353125 0.405923296875 0.47054535781249995 0.38788412499999997 0.46943786718749997 0.37429724062499997 0.4755544328125 0.36405778125 0.4860965890625 0.36392633281250003 0.50197586875 0.3684660265625 0.5181064640625 0.37250259375 0.5268830953125 0.38041173281249996 0.535046371875 0.3946220296875 0.5412204859374999 0.40943405312500003 0.5428391109375 0.4253072140625 0.5428029296875 0.44383867343750005 0.5428412953125 0.4429635328125 0.5414931765625 0.4484661140625 0.53863934375 0.458629003125 0.5276137390625 0.46012788593750004 0.512013459375
0 0.51658523125 0.622009940625 0.5083698078125 0.61191286875 0.5016749546875 0.6030616921874999 0.4971352546875 0.58693109375 0.49731041718749996 0.575505084375 0.4952867140625 0.5669052234375 0.4781447046875 0.5547529484375 0.4580161078125 0.552985234375 0.44877206875000003 0.5698122296875 0.44992063125000004 0.5770639671875 0.45498548124999993 0.5881556203125 0.4654106140625 0.6038496296875 0.46758746249999994 0.6134163874999999 0.4657385890625 0.6226296046875001 0.4709894421875 0.6307183375000001 0.4913585953125 0.642359484375 0.50366546875 0.6448704609375 0.5133469125000001 0.6433370703125 0.5194949234374999 0.6403810125 0.5197466562499999 0.6294384515625 0.51658523125 0.622009940625
0 0.33851144375 0.4066623265625 0.3414480359375 0.42068139374999997 0.344372890625 0.4255826515625 0.3493937296875 0.43015193749999997 0.369868053125 0.43281008749999994 0.3734442546875 0.43278012343750005 0.3788204765625 0.42602765312499996 0.382882259375 0.4200198171875 0.378796996875 0.40779203593749996 0.3674053 0.40369534375000005 0.3522360515625 0.4028792125 0.33851144375 0.4066623265625
0 0.35532703125 0.37717645312500003 0.349737728125 0.3780617125 0.34414841875 0.378946971875 0.34000375 0.384431478125 0.34198128437499997 0.3878734265625 0.3472034703125 0.3891921171875 0.3579320828125 0.38910222656250004 0.3621123171875 0.3793204734375 0.36038344843750003 0.3774484953125 0.35532703125 0.37717645312500003
0 0.3308385984375 0.3536960375 0.3269546859375 0.3382176578125 0.32356808593749997 0.32587921875000003 0.3246221296875 0.314446803125 0.3233788359375 0.30659695781249996 0.3156700640625 0.289578575 0.2993759796875 0.2771386765625 0.26025083437499996 0.28333549062499996 0.2520088140625 0.2991250765625 0.258474296875 0.3082936125 0.27423548593749997 0.3218908125 0.27626032968750003 0.330153328125 0.2766391875 0.3370671828125 0.28332949531249996 0.361220740625 0.29929203125 0.3715673484375 0.319138834375 0.3657416671875 0.3308385984375 0.3536960375
0 0.253323609375 0.266729771875 0.2696059515625 0.2700518625 0.2891212109375 0.262132890625 0.2949357 0.24458198750000001 0.278357384375 0.23486936093750002 0.2730523125 0.2330273484375 0.2594105875 0.237333784375 0.2512041390625 0.24882612656249997 0.249037003125 0.2577525859375 0.253323609375 0.266729771875
0 0.21756229062500002 0.20372808125000003 0.2171596015625 0.21022927343750003 0.222879103125 0.21468790312500002 0.23176038281250003 0.2164999515625 0.24708366406249999 0.2092449234375 0.2458403703125 0.20139507656250002 0.244561503125 0.1978424734375 0.24060644375 0.19095858125 0.23406981249999997 0.1903845265625 0.22618316875 0.194852353125 0.21969385468749997 0.19909886875 0.21756229062500002 0.20372808125000003
0 0.1850691109375 0.1568387484375 0.196117521875 0.1497243421875 0.204856865625 0.137074696875 0.208539784375 0.12415300625 0.2115713609375 0.11616253750000001 0.2077347578125 0.10550472500000001 0.19391552343750001 0.0996467125 0.177680496875 0.10114518593749999 0.16598073124999999 0.113190815625 0.1659095859375 0.1217852984375 0.165021315625 0.134264359375 0.161705509375 0.1449821 0.16364746875 0.1527212890625 0.1850691109375 0.1568387484375