0 0.07728936875 0.2158873578125 0.06907994687499999 0.23960776875 0.07278613125 0.252845246875 0.08242307812500001 0.2581399203125 0.0895379984375 0.25490019375 0.10014277499999999 0.2432872734375 0.10211400781249999 0.2292531625 0.098407821875 0.21601568593749998 0.0901813390625 0.205576578125 0.08209005781249999 0.2086441453125 0.07728936875 0.2158873578125
0 0.17245906093750002 0.1814335734375 0.175170375 0.2088773203125 0.1830353515625 0.2156572578125 0.192952684375 0.2165070984375 0.2046875359375 0.204194578125 0.20671285312499998 0.19556314531250002 0.20523977499999999 0.178225140625 0.20125320625 0.169432503125 0.193334146875 0.15724989218750002 0.18555029218750002 0.1585739578125 0.17245906093750002 0.1814335734375
0 0.1510740875 0.2669732921875 0.152150246875 0.28222444062499996 0.15322640468749998 0.2974755890625 0.1594997640625 0.3046063078125 0.168865684375 0.3070108421875 0.18231209375 0.30335725 0.1900867265625 0.2934320828125 0.195197475 0.2815310625 0.1999642109375 0.267310175 0.2024128609375 0.2662357984375 0.2110060875 0.273022503125 0.22307822187499998 0.27289193749999996 0.228490653125 0.2678217390625 0.23038005625000002 0.261377265625 0.23097985312499997 0.24943391093749998 0.22616721874999998 0.24256075781250003 0.21619971875 0.23929707968749997 0.2111736375 0.24217619375 0.1984575875 0.24595856718750003 0.19506334375 0.2438539328125 0.17375406875 0.2408496015625 0.16262752656249999 0.24415917812500001 0.1597925296875 0.24742464062499997 0.1510740875 0.2669732921875
0 0.717029878125 0.144434925 0.72314528125 0.1375268546875 0.72143765625 0.1256092046875 0.7184573375000001 0.11782334531250001 0.71417321875 0.1112596625 0.7072815109375 0.10714033125 0.696850890625 0.1045750953125 0.6901144421875001 0.10266124531250001 0.6731337390625 0.1032972625 0.6637899468749999 0.11617039062500001 0.6654664671875 0.12517842343750002 0.6703713828125 0.12822139375 0.6768906125 0.13445315468750002 0.6934677375 0.133019940625 0.7039294609375 0.138494796875 0.7102934296875001 0.1425210765625 0.717029878125 0.144434925
0 0.7325201734375 0.1275633515625 0.74074703125 0.1457127640625 0.7410267 0.159556734375 0.7444105984375 0.1681397890625 0.7511161937499999 0.1794866484375 0.7658928875 0.182092178125 0.7693384921875001 0.1718092140625 0.7748328484375 0.156079221875 0.7804516140625 0.15198771718749998 0.7895162328125 0.14995588124999998 0.799419115625 0.15242806250000002 0.8123951265624999 0.1467297015625 0.808172965625 0.13364263125 0.7998221984375 0.1285399921875 0.791875009375 0.12423455312500001 0.776291159375 0.1200346265625 0.7678473343750001 0.118545753125 0.75664065625 0.11729574843749999 0.7522945859375 0.11725545625 0.7335754031249999 0.11540682656250001 0.7325201734375 0.1275633515625
0 0.8368885859375 0.159034940625 0.8435628265625 0.1551295453125 0.8422587828125 0.14400908750000002 0.840085621875 0.137817625 0.8346529703125001 0.134681596875 0.8238498734374999 0.1342287890625 0.818603584375 0.136207865625 0.8189143578125 0.152961459375 0.8287552843749999 0.1619570265625 0.8368885859375 0.159034940625
0 0.48320965625 0.063274209375 0.47799422187499996 0.055820274999999996 0.471133615625 0.0546105640625 0.46560790625 0.0550883046875 0.458374821875 0.055991020312499994 0.44381559687500005 0.0614102140625 0.4397800453125 0.0657808828125 0.4390625 0.067106684375 0.4390625 0.10043875625000001 0.4405568515625 0.10149355 0.4444373875 0.1072600359375 0.45272595000000004 0.1065434296875 0.4620388875 0.10310330781249999 0.4677507109375 0.0953980421875 0.47191041875 0.090323234375 0.48320965625 0.063274209375
0 0.5663747015625 0.0576094828125 0.5579308765625 0.056120609375 0.5521257515625 0.05509700937499999 0.5471277796875 0.0556678 0.5404535359375 0.0595731921875 0.5247768796875001 0.0713296671875 0.52983705 0.0765781171875 0.530364790625 0.076671171875 0.549829178125 0.0866375828125 0.5674928828125 0.0883001015625 0.5741979796875001 0.074961696875 0.574694365625 0.059802496875 0.5663747015625 0.0576094828125
0 0.34328073125 0.7328873375 0.3295752234375 0.7548523968749999 0.3184873953125 0.7873185546875 0.334764253125 0.821741409375 0.359984834375 0.8003725484374999 0.375538315625 0.7729964593750001 0.38611865624999997 0.7332697265625 0.3777920390625 0.7145908984375 0.3529139203125 0.718809525 0.34328073125 0.7328873375
0 0.252847634375 0.7743102765625001 0.271982903125 0.74182888125 0.28045305 0.6988616265625 0.25294029687499997 0.6825366390625 0.23673126249999998 0.688283859375 0.2234021296875 0.713183721875 0.2168771515625 0.7349806859375 0.210728553125 0.7597124546875 0.1981691296875 0.800524440625 0.2173891765625 0.8182556375000001 0.2388968609375 0.797666309375 0.252847634375 0.7743102765625001
0 0.8082110046875 0.9171983890625001 0.8334360484375001 0.97454871875 0.836848740625 0.9873587328125 0.8516408953125 0.9826420312499999 0.869495065625 0.9605597921875001 0.8787256046874999 0.928004246875 0.8688159578124999 0.9099792234375 0.855109446875 0.8961680171875 0.8376005109375001 0.88412799375 0.8177365984374999 0.890392059375 0.8082110046875 0.9171983890625001
0 0.873581534375 0.8977973765625 0.8882734484375 0.910968453125 0.90785899375 0.90628306875 0.916131946875 0.8865808218750001 0.9143727546875 0.856970796875 0.9122071421875001 0.83461406875 0.905537628125 0.8155325984375 0.8939355421874999 0.7972091531250001 0.8759979328125 0.782651890625 0.86037624375 0.7945472796875 0.8387363375 0.8257286015625 0.8300792156250001 0.8624546765625001 0.8432234328125 0.876980621875 0.8532444515625001 0.8820031343749999 0.8612946609375 0.8883059109375001 0.873581534375 0.8977973765625
0 0.8913882734374999 0.6740779625 0.8950152375 0.6673798 0.898335084375 0.6596491234374999 0.89981336875 0.6540396296875 0.8998122109375 0.6457233718750001 0.899085659375 0.6387467453125 0.8914661374999999 0.632022240625 0.8837079609374999 0.6316326265625001 0.8761457531250001 0.6356801796875 0.8673550656250001 0.635597684375 0.8624984640625 0.6298495375 0.8521171796875 0.6304649359375001 0.8430766875 0.640121984375 0.8411812859375001 0.6564198828125 0.841127446875 0.6705965984375 0.8485796593750001 0.6782699609375 0.8528495218750001 0.679022853125 0.8607750062499999 0.6784636109375 0.8693147296875001 0.67996939375 0.8771577171875 0.688200840625 0.86688874375 0.6937278390625 0.8543874375 0.7008179328125 0.85179414375 0.7155252359375 0.851684146875 0.7272461515625 0.86720165625 0.73634164375 0.8804868296875 0.74700023125 0.8966174171875 0.7498444890625 0.9031471124999999 0.746104053125 0.9076667796875 0.7371174 0.9092562187500001 0.728103246875 0.9088642859375 0.71922890625 0.9087233171875001 0.7089312765625 0.903392284375 0.7030994765624999 0.8941546671875 0.7000030953125 0.8870095750000001 0.6933622453125 0.888375546875 0.682841153125 0.8913882734374999 0.6740779625