0 0.49121756562499996 0.4949283890625 0.5077888453125 0.5045180109375 0.520423034375 0.5090127 0.5364317890625 0.51228751875 0.5499712359375 0.5088239640625 0.5457734656250001 0.5012795984375 0.527871553125 0.4915350703125 0.5106281421875 0.484891065625 0.4947565390625 0.47981789375000006 0.485867490625 0.4868466953125 0.49121756562499996 0.4949283890625
0 0.555416115625 0.435474025 0.537335875 0.4261119171875 0.52611466875 0.42460399375 0.5251134359375 0.4357765171875 0.5270477671875 0.443662153125 0.5326585171875 0.45419328593749997 0.542754965625 0.4626259484375 0.5530433671874999 0.4646300515625 0.553180225 0.44327736093750003 0.555416115625 0.435474025
0 0.6183775546875 0.4950884390625 0.62338265625 0.4959480125 0.6272039406250001 0.49723845781250003 0.6348737140625 0.5008149328125 0.6425434875 0.50439140625 0.6470633109375 0.5020760046875 0.6546242796875 0.5016701578125 0.6620786125 0.504654725 0.66692050625 0.4995408171875 0.674182259375 0.4881835921875 0.6762778765624999 0.477366046875 0.6744727796875 0.46964404374999996 0.667206678125 0.46625580624999996 0.6588383671875 0.46628518124999996 0.6536428562500001 0.45845655 0.6663427578125 0.45651544531250005 0.6753508578125 0.43614359843750006 0.671822265625 0.423686334375 0.6635834390625 0.4065754140625 0.6530629328125 0.40805844375 0.6475497031249999 0.41777377812500005 0.639884278125 0.4289427671875 0.6362740812500001 0.413498765625 0.6353013546875 0.399776084375 0.626985271875 0.3944238875 0.6190206328125 0.394641496875 0.6026104250000001 0.40664720625 0.60126775 0.41585006562500004 0.6060595875 0.4234904609375 0.6107698218750001 0.42814412031250004 0.6123050812499999 0.433283053125 0.6064132046874999 0.4364330015625 0.5981536984375 0.44044469687500004 0.589438290625 0.4496497265625 0.589896365625 0.451829121875 0.580103775 0.458074615625 0.569501665625 0.45657090624999996 0.5647392015625 0.4572988203125 0.5619156703125 0.46335390312499997 0.561486971875 0.4695428203125 0.5641788437499999 0.47325530000000005 0.5722794890625 0.4780155890625 0.5801374984375001 0.481188390625 0.5945086640625 0.4893641203125 0.5985453859375001 0.4912464734375 0.6079908828125 0.4941766375 0.6183775546875 0.4950884390625
0 0.9447923656249999 0.259175521875 0.9392946609375 0.2547235234375 0.9249559656249999 0.251184575 0.9128845078125 0.2644393359375 0.9182218687500001 0.2782584515625 0.9285581265625 0.284966703125 0.9447293890624999 0.2899896515625 0.9568815984375 0.285584975 0.9571702171875 0.2687241640625 0.9447923656249999 0.259175521875
0 0.87499443125 0.21215065156250001 0.8647876109375 0.2250159890625 0.8667330015625 0.23347664687499997 0.8772782843750001 0.2415412890625 0.8876466109375001 0.24637611874999998 0.9006028640625001 0.2492704234375 0.9041872468750001 0.243388340625 0.9089771140625 0.2349210859375 0.8989140234375 0.22582237656249998 0.8925160703125 0.219691665625 0.87499443125 0.21215065156250001
0 0.7115133609375001 0.15669032656249998 0.7102116703125 0.164895765625 0.715404140625 0.173611646875 0.7236667328124999 0.179352934375 0.7412204390625 0.185020525 0.7464283625 0.1792660515625 0.749240771875 0.1642115625 0.7429069546875 0.15433400625 0.7122687203125 0.153265803125 0.7115133609375001 0.15669032656249998
0 0.6961770484375001 0.1300256546875 0.68926483125 0.126802434375 0.6742028453125 0.12481458906250001 0.6619544281249999 0.1348395359375 0.6640767796875 0.1465300078125 0.676277671875 0.1528488375 0.688992828125 0.156260175 0.6953420968749999 0.1516673796875 0.7004372 0.13893624531249998 0.6961770484375001 0.1300256546875
0 0.2596151890625 0.637322575 0.2559354796875 0.6213252296875 0.24076624062500002 0.596125215625 0.22835608125 0.5908875499999999 0.20421917500000003 0.5829280515625 0.1942800375 0.5843355140625001 0.19288498125 0.6012621828125 0.1969063953125 0.6185174421874999 0.20584443281249998 0.6391639359375 0.21451983281250003 0.6563922375 0.224509815625 0.6747828250000001 0.2513549578125 0.6829066203124999 0.264160471875 0.6773428984375001 0.2647139703125 0.6622209546875 0.264136453125 0.6515151953125 0.2596151890625 0.637322575
0 0.160202590625 0.5937121546874999 0.167381246875 0.588271021875 0.17300810625000002 0.5881484328125001 0.1720098109375 0.5783450359375 0.15899530625 0.5684312609375 0.13788151875000002 0.5679236265625 0.13774879843750001 0.5821432062499999 0.1462674609375 0.587763384375 0.160202590625 0.5937121546874999
0 0.1291750859375 0.6045110078125 0.11550259062499998 0.6019804296875 0.10748237812500001 0.6092262890625 0.12015517499999999 0.617882146875 0.13264440625 0.6209595343750001 0.1374042859375 0.6127426453125 0.1291750859375 0.6045110078125
0 0.12777722656249998 0.65329503125 0.1316164796875 0.6490431437499999 0.1296975546875 0.64320475 0.1125020890625 0.636284946875 0.11192316875 0.6415078640625 0.11286922031249999 0.6474418875 0.11715467187499999 0.6521866640625 0.12777722656249998 0.65329503125
0 0.078899071875 0.632699921875 0.07145778124999999 0.6347228640625 0.067828915625 0.638523571875 0.068433259375 0.643199678125 0.074112365625 0.6469464640625 0.0829995578125 0.6477949062499999 0.09175543281250001 0.6469342499999999 0.0917822578125 0.6409046 0.0868924609375 0.631483715625 0.078899071875 0.632699921875
0 0.22176287968750003 1 0.2198546046875 0.9873536812499999 0.2185146015625 0.97629236875 0.2160704015625 0.9636175874999999 0.21657165625000002 0.9446262703125001 0.19456686875 0.9101966296875 0.19667076249999998 0.905684815625 0.20245576562499998 0.9012416734375 0.209344959375 0.8984119984375001 0.217496490625 0.8928752359375001 0.2249914328125 0.8787929921875 0.217630615625 0.862726978125 0.21508052187499999 0.8582421265625 0.22701905937500003 0.8445841015625 0.23101645468749998 0.8360116609375 0.23270097031249998 0.81647353125 0.22983599531249999 0.8047011140624999 0.22720823281250002 0.7864478640625 0.22531613281250001 0.7745798140625 0.22397612812499998 0.763518503125 0.21811485937500003 0.73826456875 0.21690617343750002 0.7289123531249999 0.216591290625 0.7216247859375 0.21788045 0.7128880484375 0.21980077968749998 0.702797765625 0.20605061406249997 0.6864987874999999 0.1883821265625 0.6766119734375 0.170765884375 0.6705945359375 0.15798719375 0.67012860625 0.14762727656250002 0.67243843125 0.1370301453125 0.681229090625 0.1299828078125 0.6883793218750001 0.10113826562499999 0.6925060859375 0.0904888890625 0.6974273703125 0.07473792500000001 0.7093076296875 0.052518542187499996 0.723115203125 0.02012280625 0.744811071875 0.0167819984375 0.7619289953124999 0.0276926109375 0.77635458125 0.0320825578125 0.78883810625 0.023904201562499998 0.80040451875 0.030266725 0.8066671359375001 0.0383646046875 0.8131896765625 0.03394643125 0.82266448125 0.0294237625 0.8244005375000001 0.022928521875 0.8323575015625 0.03168299375 0.8474255265625 0.05258499062500001 0.864313021875 0.07091146875 0.8668166390625001 0.08292627500000001 0.8828556921875 0.0657294078125 0.89186456875 0.039382714062500004 0.8966068093749999 0.019688003125 0.9050002078125001 0.008828237499999999 0.9103726734375 0.0040937765625 0.9284885890625001 0 0.9347065578124999 0 0.9769239875 0.010110384375 0.981279321875 0.0201554171875 0.971681928125 0.0278847671875 0.9829762046875 0.0427927734375 0.9888293499999999 0.06763991875 0.9932750265625 0.07699109062500001 1 0.22176287968750003 1
0 0.3839743859375 0.0504357640625 0.3752787890625 0.058361993749999994 0.3703218703125 0.06470352968750001 0.372190434375 0.07356222343749999 0.38000668125 0.0825319109375 0.390853253125 0.0935802796875 0.3980466484375 0.09959706874999999 0.407591028125 0.102716459375 0.4254630953125 0.0944099875 0.4327710015625 0.08517105312499999 0.432687053125 0.0724852390625 0.431328378125 0.06253308125 0.4207367515625 0.050937984375 0.4095497359375 0.047052621875 0.3967200859375 0.0424012859375 0.39082888437499996 0.044313471874999996 0.3839743859375 0.0504357640625