0 0.39335510625 0.03125296875 0.40973810468750005 0.036584953125 0.4279165296875 0.027536128124999996 0.43114380625 0.013369457812499999 0.42020240781249996 0.0042883859375 0.40742121249999996 0.0028572078125 0.3952116078125 0.01063731875 0.39335510625 0.03125296875
0 0.4452594796875 0.0699952125 0.4249554640625 0.0820882859375 0.41205212031249994 0.0931267875 0.411055878125 0.104745284375 0.425690696875 0.108374903125 0.44768181562500003 0.10421903437499999 0.44840609374999996 0.0978432265625 0.4538200328125 0.07439746875 0.4452594796875 0.0699952125
0 0.42049284374999996 0.21110341406250002 0.4390181390625 0.2004253953125 0.46245781406250003 0.1835179109375 0.48161577343750006 0.1758163453125 0.49769914843749996 0.1666943484375 0.500535184375 0.1474259578125 0.4790130875 0.137482953125 0.45327035000000004 0.130511025 0.43103780468749997 0.13679216249999998 0.4149267703125 0.126217490625 0.38989160312500004 0.12583550937500002 0.38759949531250004 0.134618521875 0.3915314640625 0.1498558890625 0.40069414375 0.160352015625 0.403677115625 0.17112470468750002 0.399514675 0.19067503125000002 0.40071892656249997 0.2028627734375 0.42049284374999996 0.21110341406250002
0 0.349391340625 0.2516224234375 0.36030220156250004 0.263820915625 0.38244313281250003 0.2668920375 0.399822375 0.260605525 0.40689287968750004 0.248214390625 0.396284521875 0.2276557890625 0.395638028125 0.2148310046875 0.38905325 0.20015750937500001 0.3623281015625 0.2146524140625 0.34989090156249997 0.23440612968750002 0.349391340625 0.2516224234375
0 0.342673459375 0.21675618281250003 0.3352894984375 0.20484500312499998 0.3340103375 0.1890437640625 0.347230015625 0.1794934890625 0.36806125 0.16988079218750002 0.3681084953125 0.1537976171875 0.360799440625 0.14549993125 0.3475215640625 0.13847095781250002 0.3281083484375 0.1384494578125 0.31481376562499996 0.1443862375 0.2984584265625 0.1587509234375 0.28884055468750003 0.172202003125 0.279583384375 0.193872225 0.2722714515625 0.20838862656249998 0.2627728546875 0.2321841171875 0.268092303125 0.240904709375 0.279621996875 0.24623131874999998 0.3089221734375 0.2503731359375 0.31795174843749996 0.24067651875 0.319308690625 0.2372771625 0.3422960515625 0.221502796875 0.342673459375 0.21675618281250003
0 0.45130497187499996 0.29736346875 0.44800279062500004 0.30791664218750003 0.46843990937499996 0.316016315625 0.497396090625 0.2989732375 0.5149723890625 0.283830540625 0.5109044390624999 0.27121451875 0.4924707578125 0.27254027812500004 0.4615860453125 0.28377141875 0.45130497187499996 0.29736346875
0 0.4065258703125 0.40954220937499997 0.3976017390625 0.4197349015625 0.40415597812500004 0.4375258171875 0.46833103125 0.4622531078125 0.4868701578125 0.461423425 0.5058477671875 0.44961228750000004 0.4998069171875 0.42445341406250003 0.49585824062499995 0.422181803125 0.46977151250000004 0.39402498124999996 0.45046374062499994 0.39449955625 0.42016732343749996 0.401976234375 0.4065258703125 0.40954220937499997
0 0.5471466578124999 0.44498184218750003 0.5280941421875001 0.453179484375 0.5203909703125 0.462594165625 0.5332165328125 0.47075625781249997 0.54696343125 0.46368636093750004 0.5556017671875 0.44888802187500004 0.5471466578124999 0.44498184218750003
0 0.5625668296875 0.4360008140625 0.56875 0.43724926093749994 0.56875 0.42254819687499995 0.5582269156249999 0.42862747968750003 0.5625668296875 0.4360008140625
0 0.6563626953125 0.390887690625 0.646244065625 0.3771546484375 0.6212338749999999 0.373806825 0.6135642109375 0.3927648703125 0.62552455 0.4320981546875 0.6420239671875 0.45891475625 0.6679749484374999 0.4793904140625 0.6830405515625 0.444420475 0.670826425 0.41236105468749995 0.6563626953125 0.390887690625
0 0.7629437328125 0.45198425625 0.785156871875 0.47181043437500003 0.8037464015625 0.4534192703125 0.7897703109374999 0.4130704625 0.7827623296875 0.38856834375 0.7754806249999999 0.3670123765625 0.76129061875 0.3425928609375 0.7448908828125 0.33741482968750003 0.7179646234375 0.3546900546875 0.727929146875 0.39733552968749997 0.7481863421875 0.429129328125 0.7629437328125 0.45198425625
0 0.2650659296875 0.8190931078125001 0.2654620984375 0.8209569374999999 0.2659573109375 0.8232867234375 0.26714959375 0.8254683421875001 0.2705797671875 0.829609328125 0.27316619375 0.8314946125 0.280232178125 0.8338887640625 0.28536117499999997 0.8323115515625 0.2884503640625 0.8297068890625001 0.290648175 0.8229086109375 0.291202346875 0.8169467062500001 0.2895186296875 0.8090254343750001 0.28658744375 0.80380436875 0.27957286875 0.7999382609375 0.27439623750000003 0.7995775593750001 0.2693186515625 0.799682815625 0.2650334015625 0.8035157296875 0.2644278203125 0.8109495875 0.2643250015625 0.8138934984375 0.2650659296875 0.8190931078125001
0 0.253303421875 0.8323075093750001 0.25191683125000003 0.8257841109375 0.2450050734375 0.8189740921875 0.2352974765625 0.8195764796875 0.2295666734375 0.8251776812499999 0.22806971250000002 0.8284179265624999 0.22716700312500002 0.8344539125000001 0.228850721875 0.8423751828125001 0.23098579375 0.8472784609374999 0.2380994125 0.8516105250000001 0.2430265484375 0.8525112671875 0.2504448453125 0.8514214687500001 0.2527893296875 0.847027059375 0.254194803125 0.8365011234375 0.253303421875 0.8323075093750001
0 0.18782252500000002 0.8515830062499999 0.192159184375 0.8462781375 0.19057450781250002 0.8388228234374999 0.18351230000000002 0.8330188046875 0.1810725484375 0.8335373890625 0.178030990625 0.838079965625 0.1800118359375 0.8473991078124999 0.18782252500000002 0.8515830062499999
0 0.08379094375 0.8454490671875 0.073386275 0.8461996203125001 0.0703447171875 0.8507421953125001 0.06983817812500001 0.8586420109375 0.07107431875 0.8661714093749999 0.07479784218749999 0.8751201343749999 0.080711625 0.8840903140625 0.0901220953125 0.88209005625 0.09654996875 0.8763406874999999 0.09790025625 0.8706965734375001 0.0929844484375 0.85956623125 0.08836576874999999 0.8498337593749999 0.08379094375 0.8454490671875
0 0.10997121875 0.8486504437500001 0.10757532343750001 0.8545168078125001 0.1102494640625 0.86709765 0.1134263703125 0.87518854375 0.12208080624999999 0.8816281421875001 0.1301009078125 0.876514353125 0.1338909453125 0.8703516546875001 0.13503937187499998 0.8671854937499999 0.1346069 0.8531541515625 0.130831965625 0.84567738125 0.1273027484375 0.8410704390625 0.11376125781249999 0.8424877453124999 0.10997121875 0.8486504437500001
0 0.9030836046875 0.805625853125 0.8946831328125 0.7661047390625 0.8805956937499999 0.7410695765625 0.8561760375 0.7241315515625 0.8319113953124999 0.7233882031250001 0.8299796484374999 0.7710064546875001 0.8352282750000001 0.7905441718749999 0.8506607796875001 0.8064419953125 0.8800190328124999 0.8105283796875 0.9030836046875 0.805625853125
0 0.9133690828125 0.652965234375 0.8891111203125 0.672873815625 0.887321034375 0.69538289375 0.9073954562500001 0.7073435703125 0.9373504 0.703926928125 0.9566664312500001 0.6865440281249999 0.967595346875 0.670943865625 0.966840296875 0.6519262515625 0.9523045031249999 0.6299368656250001 0.9251980484375 0.6415994781250001 0.9133690828125 0.652965234375