0 0.3895947609375 0.41292851875 0.3681121671875 0.4133699703125 0.3613325453125 0.4170258390625 0.353111265625 0.44076612812500005 0.358838190625 0.45488874062500007 0.3798325078125 0.46695675000000003 0.38977683281250003 0.4695377890625 0.40440366718750004 0.4655117625 0.409375 0.4615882703125 0.409375 0.42576440312499997 0.4051898734375 0.42239172500000005 0.3895947609375 0.41292851875
0 0.5488432734375001 0.5958568609375 0.5503423828125 0.5982432640625001 0.552682659375 0.599877440625 0.5608194906249999 0.5981914546875 0.5614641015624999 0.5879247765625 0.5565478578125 0.582817340625 0.5519197734375 0.5852789265625 0.5488432734375001 0.5958568609375
0 0.5426211375000001 0.59452614375 0.5438745546875 0.585019484375 0.544748196875 0.5698892296875 0.535619453125 0.5618402765625 0.5307132046875 0.5667868234375 0.5291782875 0.5754271171875 0.5280656171875 0.585366959375 0.5306482531250001 0.595542875 0.5349523609375 0.5965389640625001 0.5415476078125 0.5967906171874999 0.5426211375000001 0.59452614375
0 0.5038083578125 0.55637210625 0.5054057453125 0.5635157359375 0.5096215749999999 0.5698085828125 0.5193557921874999 0.5752662296875 0.5259443734375 0.568815225 0.5282779843750001 0.5637467468749999 0.5275642390625 0.5515268453125 0.5248899921875 0.5432963609375 0.51880860625 0.5423988296875 0.513476775 0.5426945 0.507071415625 0.5452546421875 0.5034285828125 0.5507485125 0.5038083578125 0.55637210625
0 0.4962403453125 0.5186021765625 0.4959688421875 0.5277897921875 0.497143978125 0.5336338734375 0.5005644484375 0.5397062328125 0.50557230625 0.5428682359375 0.5120726078125 0.54171399375 0.5166548843750001 0.540225121875 0.519505690625 0.537862090625 0.5234691640625 0.5255592171875 0.5175185296875 0.5150408843750001 0.5098888968749999 0.509378334375 0.5031070953125 0.5096662125 0.4962403453125 0.5186021765625
0 0.5343785171875 0.5368609421875 0.5405515171874999 0.535813046875 0.54176579375 0.53398175625 0.5430683484375 0.526853709375 0.5388033812499999 0.5181822484375 0.532257271875 0.5203092078125 0.52922324375 0.526563096875 0.5343785171875 0.5368609421875
0 0.5506787375 0.5621975499999999 0.551155740625 0.556773959375 0.547674121875 0.5483558625 0.5416923890625001 0.5483237203125 0.539543296875 0.5539613171875 0.5418996875000001 0.5627450203125 0.542054528125 0.563221571875 0.5460180718750001 0.5646997546875 0.5506787375 0.5621975499999999
0 0.560364040625 0.5296339546875 0.56129010625 0.5264498671875 0.5615403 0.5231970640625 0.557281996875 0.5167960515625001 0.5524937296875 0.5154686640625 0.5487242859375 0.5192883015625 0.5483913640625 0.5242979 0.5508170859375 0.5284111625000001 0.5545098203125 0.5324010640625 0.558592634375 0.5322277546875 0.560364040625 0.5296339546875
0 0.4965017078125 0.5643096187500001 0.4908071734375 0.5623632859375001 0.4875663078125 0.5630999250000001 0.48516228281249996 0.5664121046874999 0.48408168749999997 0.5708761921875001 0.4832872640625 0.5752473 0.483923696875 0.5791534921875 0.48598376249999997 0.5835462687499999 0.4872069828125 0.5853635015624999 0.4911772671875 0.5888192265625001 0.4937383609375 0.5898853765625 0.4967643703125 0.59238238125 0.49514032500000005 0.5932264484374999 0.4922786125 0.5941562765625 0.49045415468750003 0.59633099375 0.48956674843750003 0.6004159296875 0.4899955453125 0.6066042687500001 0.49129007968750005 0.6115621640625 0.49504550468749997 0.6182515328125 0.501197728125 0.62258021875 0.506334365625 0.6228095234375 0.512651803125 0.6179094140625 0.5119079421875 0.61562004375 0.507523309375 0.6040729859375 0.5110647937499999 0.601340371875 0.5156507578125 0.5989011515625 0.5147209312500001 0.5960394375 0.5117310390625 0.58878495 0.50823289375 0.5858085828124999 0.5085262875 0.5847641046875001 0.5093207109375 0.5803929984375 0.5083051249999999 0.5762936171875 0.50633081875 0.573138509375 0.503505221875 0.5693108515625 0.5003862296875 0.566527675 0.4965017078125 0.5643096187500001
0 0.7104347234375 0.1553819625 0.715320796875 0.15192108437500002 0.7201093734375 0.1466185859375 0.720820484375 0.1426409375 0.719621890625 0.1374104890625 0.714015503125 0.1324882421875 0.7110895859374999 0.1311909734375 0.7057883 0.13029085 0.7033028203125 0.13034911093749998 0.7010375625 0.1310851390625 0.699225353125 0.1316739609375 0.6943518937500001 0.133632103125 0.6918538015625 0.1351931015625 0.6857186828125 0.1394344796875 0.6845419078125 0.145062071875 0.6869895453125 0.14951201875 0.6898902375 0.1538147609375 0.6967456734375 0.15795650781249998 0.7027328421875 0.15788445625 0.7104347234375 0.1553819625
0 0.713903003125 0.0920615625 0.7065945171875 0.0880670203125 0.7012806171875 0.0886696328125 0.6935787359375001 0.0911721265625 0.6888027734375 0.09497188749999999 0.6867451203125 0.0978884171875 0.6847597375000001 0.10565203906250001 0.6890918546875 0.11436025624999999 0.69844538125 0.11694100624999999 0.70478810625 0.11488012968750001 0.708865571875 0.11355528125 0.7172785640625 0.1070751375 0.7199119921875 0.10284754843749999 0.7171466375 0.0958782171875 0.713903003125 0.0920615625
0 0.6790660765625 0.0572976390625 0.68631490625 0.054942351562500005 0.6887407265625 0.048534260937500004 0.6812120203124999 0.043861954687499996 0.672150984375 0.0468060640625 0.6697377765625 0.05171141875 0.67050854375 0.054083596874999994 0.6790660765625 0.0572976390625