0 0.40742121249999996 0.9971427921875 0.42020240781249996 0.9957116140625001 0.43114380625 0.9866305421874999 0.4279165296875 0.972463871875 0.40973810468750005 0.963415046875 0.39335510625 0.9687470312500001 0.3952116078125 0.98936268125 0.40742121249999996 0.9971427921875
0 0.4538200328125 0.92560253125 0.44840609374999996 0.9021567734374999 0.44768181562500003 0.895780965625 0.425690696875 0.8916250968749999 0.411055878125 0.895254715625 0.41205212031249994 0.9068732125000001 0.4249554640625 0.9179117140624999 0.4452594796875 0.9300047875 0.4538200328125 0.92560253125
0 0.43103780468749997 0.8632078375000001 0.45327035000000004 0.869488975 0.4790130875 0.862517046875 0.500535184375 0.8525740421875 0.49769914843749996 0.8333056515624999 0.48161577343750006 0.8241836546875 0.46245781406250003 0.8164820890625 0.4390181390625 0.7995746046875001 0.42049284374999996 0.7888965859375 0.40071892656249997 0.7971372265625 0.399514675 0.80932496875 0.403677115625 0.8288752953125 0.40069414375 0.8396479843750001 0.3915314640625 0.8501441109375 0.38759949531250004 0.865381478125 0.38989160312500004 0.874164490625 0.4149267703125 0.873782509375 0.43103780468749997 0.8632078375000001
0 0.36030220156250004 0.736179084375 0.349391340625 0.7483775765625 0.34989090156249997 0.7655938703125 0.3623281015625 0.7853475859375 0.38905325 0.799842490625 0.395638028125 0.7851689953125 0.396284521875 0.7723442109375 0.40689287968750004 0.7517856093749999 0.399822375 0.739394475 0.38244313281250003 0.7331079625 0.36030220156250004 0.736179084375
0 0.279583384375 0.806127775 0.28884055468750003 0.827797996875 0.2984584265625 0.8412490765625 0.31481376562499996 0.8556137625 0.3281083484375 0.8615505421874999 0.3475215640625 0.8615290421875 0.360799440625 0.85450006875 0.3681084953125 0.8462023828125 0.36806125 0.8301192078125 0.347230015625 0.8205065109375 0.3340103375 0.8109562359375 0.3352894984375 0.795154996875 0.342673459375 0.7832438171875 0.3422960515625 0.7784972031249999 0.319308690625 0.7627228374999999 0.31795174843749996 0.75932348125 0.3089221734375 0.7496268640625 0.279621996875 0.75376868125 0.268092303125 0.759095290625 0.2627728546875 0.7678158828125 0.2722714515625 0.7916113734375 0.279583384375 0.806127775
0 0.4615860453125 0.71622858125 0.4924707578125 0.7274597218750001 0.5109044390624999 0.72878548125 0.5149723890625 0.716169459375 0.497396090625 0.7010267625 0.46843990937499996 0.683983684375 0.44800279062500004 0.6920833578125001 0.45130497187499996 0.70263653125 0.4615860453125 0.71622858125
0 0.40415597812500004 0.5624741828125 0.3976017390625 0.5802650984375 0.4065258703125 0.590457790625 0.42016732343749996 0.598023765625 0.45046374062499994 0.60550044375 0.46977151250000004 0.6059750187499999 0.49585824062499995 0.577818196875 0.4998069171875 0.5755465859375 0.5058477671875 0.5503877125 0.4868701578125 0.538576575 0.46833103125 0.5377468921874999 0.40415597812500004 0.5624741828125
0 0.5332165328125 0.5292437421875 0.5203909703125 0.537405834375 0.5280941421875001 0.546820515625 0.5471466578124999 0.5550181578125 0.5556017671875 0.551111978125 0.54696343125 0.5363136390625 0.5332165328125 0.5292437421875
0 0.5582269156249999 0.5713725203125 0.56875 0.577451803125 0.56875 0.5627507390625001 0.5625668296875 0.5639991859375 0.5582269156249999 0.5713725203125
0 0.6563626953125 0.609112309375 0.670826425 0.5876389453125 0.6830405515625 0.555579525 0.6679749484374999 0.5206095859375 0.6420239671875 0.54108524375 0.62552455 0.5679018453125 0.6135642109375 0.6072351296875 0.6212338749999999 0.6261931749999999 0.646244065625 0.6228453515625 0.6563626953125 0.609112309375
0 0.8037464015625 0.5465807296875 0.785156871875 0.528189565625 0.7629437328125 0.54801574375 0.7481863421875 0.5708706718750001 0.727929146875 0.6026644703125 0.7179646234375 0.6453099453125 0.7448908828125 0.6625851703125 0.76129061875 0.6574071390625 0.7754806249999999 0.6329876234375 0.7827623296875 0.61143165625 0.7897703109374999 0.5869295375 0.8037464015625 0.5465807296875
0 0.291202346875 0.18305329374999998 0.290648175 0.1770913890625 0.2884503640625 0.1702931109375 0.28536117499999997 0.1676884484375 0.280232178125 0.1661112359375 0.27316619375 0.1685053875 0.2705797671875 0.170390671875 0.26714959375 0.1745316578125 0.2659573109375 0.1767132765625 0.2654620984375 0.1790430625 0.2650659296875 0.1809068921875 0.2643250015625 0.1861065015625 0.2644278203125 0.18905041250000001 0.2650334015625 0.1964842703125 0.2693186515625 0.200317184375 0.27439623750000003 0.200422440625 0.27957286875 0.2000617390625 0.28658744375 0.19619563125 0.2895186296875 0.19097456562499998 0.291202346875 0.18305329374999998
0 0.22806971250000002 0.1715820734375 0.2295666734375 0.17482231875 0.2352974765625 0.1804235203125 0.2450050734375 0.1810259078125 0.25191683125000003 0.17421588906250002 0.253303421875 0.167692490625 0.254194803125 0.1634988765625 0.2527893296875 0.152972940625 0.2504448453125 0.14857853125 0.2430265484375 0.1474887328125 0.2380994125 0.148389475 0.23098579375 0.1527215390625 0.228850721875 0.15762481718750002 0.22716700312500002 0.1655460875 0.22806971250000002 0.1715820734375
0 0.178030990625 0.161920034375 0.1810725484375 0.1664626109375 0.18351230000000002 0.1669811953125 0.19057450781250002 0.1611771765625 0.192159184375 0.1537218625 0.18782252500000002 0.14841699375 0.1800118359375 0.1526008921875 0.178030990625 0.161920034375
0 0.06983817812500001 0.1413579890625 0.0703447171875 0.1492578046875 0.073386275 0.1538003796875 0.08379094375 0.1545509328125 0.08836576874999999 0.150166240625 0.0929844484375 0.14043376875 0.09790025625 0.1293034265625 0.09654996875 0.1236593125 0.0901220953125 0.11790994375 0.080711625 0.11590968593749999 0.07479784218749999 0.124879865625 0.07107431875 0.13382859062500002 0.06983817812500001 0.1413579890625
0 0.1134263703125 0.12481145625000001 0.1102494640625 0.13290235 0.10757532343750001 0.1454831921875 0.10997121875 0.15134955625 0.11376125781249999 0.15751225468750002 0.1273027484375 0.1589295609375 0.130831965625 0.15432261875 0.1346069 0.14684584843749998 0.13503937187499998 0.13281450625 0.1338909453125 0.1296483453125 0.1301009078125 0.12348564687500001 0.12208080624999999 0.1183718578125 0.1134263703125 0.12481145625000001
0 0.9030836046875 0.19437414687500001 0.8800190328124999 0.1894716203125 0.8506607796875001 0.1935580046875 0.8352282750000001 0.209455828125 0.8299796484374999 0.2289935453125 0.8319113953124999 0.27661179687500004 0.8561760375 0.27586844843749997 0.8805956937499999 0.2589304234375 0.8946831328125 0.23389526093750002 0.9030836046875 0.19437414687500001
0 0.8891111203125 0.327126184375 0.9133690828125 0.347034765625 0.9251980484375 0.35840052187500004 0.9523045031249999 0.370063134375 0.966840296875 0.3480737484375 0.967595346875 0.329056134375 0.9566664312500001 0.31345597187499996 0.9373504 0.296073071875 0.9073954562500001 0.2926564296875 0.887321034375 0.30461710625 0.8891111203125 0.327126184375