0 0.5890625 0.42392829218749994 0.5786181765625 0.42357812343749995 0.5638596031249999 0.43100464374999997 0.55574694375 0.43967140000000005 0.560513625 0.44847927343749994 0.5747335609374999 0.45622330624999996 0.583350325 0.45952812187500003 0.5890625 0.45852091093749997 0.5890625 0.42392829218749994
0 0.542936196875 0.46725724687500003 0.5383069328125 0.4728976953125 0.537149559375 0.48455920781249995 0.5458694453125 0.48844886406250004 0.562438428125 0.48673335156249997 0.5695083453125 0.481265571875 0.5661968984375 0.4715980796875 0.5630917 0.4631002640625 0.5574885234375 0.4586610484375 0.5454341687500001 0.4631986484375 0.542936196875 0.46725724687500003
0 0.498179390625 0.45947048125 0.49858037031249997 0.470857215625 0.5017428875000001 0.4751237609375 0.5151493546875 0.4691417015625 0.5202484234375 0.46160934375 0.5194234390625 0.456930628125 0.5156879890625 0.4539711515625 0.498179390625 0.45947048125
0 0.46222784843750003 0.41460859375 0.45204528125000004 0.4129987203125 0.43356840781250006 0.4134705078125 0.4295624078125 0.4188205140625 0.432485959375 0.42604440937500004 0.43020939062499997 0.43418522499999995 0.435456540625 0.438213225 0.4426213703125 0.44376054218750005 0.45162742343750006 0.4480544734375 0.46738660000000004 0.4462044328125 0.47841042656250005 0.4362116625 0.4831929296875 0.42824813281249996 0.4740339640625 0.4184087984375 0.46222784843750003 0.41460859375
0 0.4543568203125 0.46119454531250004 0.450339121875 0.4547827296875 0.4418683828125 0.448846528125 0.42890927031250003 0.4502028421875 0.4283915625 0.4589622515625 0.42984447187499997 0.46954122031249995 0.440456471875 0.46890834375 0.452297925 0.465891646875 0.4543568203125 0.46119454531250004
0 0.4076440296875 0.462930178125 0.4078381859375 0.45701400156250005 0.4054734640625 0.45062029687500005 0.3981379953125 0.45346161562500004 0.3951732 0.4576993015625 0.3939437484375 0.46008311874999996 0.3971320015625 0.46880821875 0.403773334375 0.4667084453125 0.4076440296875 0.462930178125
0 0.36281949375 0.46835734687499997 0.3707608265625 0.4712911375 0.379831640625 0.46659595 0.3842141328125 0.45870295156249996 0.3836906375 0.45105586249999996 0.372984575 0.44179889843750003 0.35847245625 0.44838226406250004 0.3585194890625 0.45332718437499997 0.35915477500000004 0.456930075 0.36281949375 0.46835734687499997
0 0.3336131625 0.43604852968749996 0.33688969375 0.438256971875 0.354531215625 0.44474314687499994 0.361790228125 0.439129125 0.3679845203125 0.4321549625 0.37041991093750004 0.4249148671875 0.36526103593750003 0.4143702109375 0.35227840781249997 0.4132540640625 0.3452605796875 0.4178968296875 0.3335131921875 0.4308033671875 0.3336131625 0.43604852968749996
0 0.2251756078125 0.419877346875 0.2221578703125 0.42381478906250003 0.22041661875 0.4303133359375 0.22123424531250002 0.43728941250000003 0.2212577609375 0.43976187343750006 0.22786966875 0.43983431875 0.23872285468749999 0.43823018593749996 0.24635245156250002 0.4347178484375 0.2556350265625 0.43122362656249996 0.25387038125 0.41419853125 0.24019361562500002 0.41382393124999994 0.233952290625 0.4158531734375 0.2251756078125 0.419877346875
0 0.2838415171875 0.4321320015625 0.289418128125 0.4286720875 0.28700046874999996 0.4219781421875 0.28161801249999996 0.41952187968750004 0.2745237296875 0.4213919453125 0.272176615625 0.42211538125 0.27350012968750004 0.42962140625 0.27547075 0.4314409640625 0.27768255937499997 0.432289265625 0.2838415171875 0.4321320015625
0 0.261935078125 0.44590112656249997 0.256140796875 0.45280475625000005 0.25925259375 0.4587571546875 0.267170409375 0.4592184875 0.2786118515625 0.4562723234375 0.2857590765625 0.45470249999999995 0.2929122078125 0.44848799531249994 0.29065336875000003 0.442694771875 0.2889239359375 0.43990395937500004 0.2777236796875 0.4418788671875 0.261935078125 0.44590112656249997
0 0.02126515 0.44468752968749997 0.0279064828125 0.44258775625 0.0291594515625 0.4426764 0.03438899375 0.4395872578125 0.0338301640625 0.43875706875000003 0.0387420625 0.43386647968750003 0.0383479640625 0.42929233437500003 0.0369420828125 0.4236582859375 0.0326831984375 0.41821772656249995 0.028953720312499997 0.415779575 0.0197535109375 0.41740181875 0.0101473828125 0.42373927812499995 0.0102767796875 0.42681222031250005 0.012723865625 0.431333946875 0.013570915624999999 0.436137803125 0.015988576562500002 0.44283174843750006 0.02126515 0.44468752968749997
0 0.059331817187500004 0.4172639328125 0.056524575 0.42386972968750003 0.051556442187499996 0.4268845265625 0.047564615625 0.42850501406249997 0.04613523125 0.4290625921875 0.044984275000000004 0.43293201875 0.043135439062499996 0.441507603125 0.043762445312499995 0.44506352656250003 0.0478408734375 0.44739979218750003 0.05556255 0.44787149375 0.062691575 0.4484476953125 0.0701520015625 0.4474377609375 0.0765487953125 0.4490596953125 0.0881577984375 0.44731825468749997 0.0896573328125 0.4436929046875 0.088472746875 0.4387075953125 0.085248225 0.4377484640625 0.0812392234375 0.437538740625 0.0780147015625 0.436579609375 0.077387696875 0.43302368593749996 0.078747653125 0.43033956562500003 0.080526340625 0.424831753125 0.08192137187500001 0.4206137484375 0.081120440625 0.41433863125 0.0782623953125 0.4102594796875 0.07435789375 0.41064240781250005 0.069320334375 0.41153066562499996 0.0644917765625 0.4136042328125 0.059331817187500004 0.4172639328125
0 0.128580671875 0.43744075000000004 0.131666340625 0.43414680156249996 0.1356409921875 0.43069610156250004 0.13771528125000002 0.4303303484375 0.14360674843750001 0.43081922500000003 0.1461691890625 0.42975631718749996 0.15143365 0.42668926875 0.152096453125 0.4235169984375 0.1515739484375 0.42055372812499997 0.150702865625 0.41734638124999995 0.14658936250000001 0.416544003125 0.143329765625 0.4171187578125 0.1400014671875 0.4103726609375 0.13696877031250002 0.4087686265625 0.13123405625 0.40916873125000003 0.12323322656249999 0.41057949374999997 0.1179515921875 0.411816328125 0.11287895781249999 0.41423847187499996 0.1099328640625 0.4165911875 0.1073346234375 0.424382290625 0.1071420734375 0.43022150625 0.10808258125 0.43555539374999996 0.110731625 0.4384492375 0.11583860937499998 0.4396875203125 0.12117249687500001 0.4387470109375 0.12383943906249999 0.4382767578125 0.128580671875 0.43744075000000004
0 0.20100686093750003 0.42192019687500004 0.20158306406249998 0.41479117343749994 0.200276078125 0.4125773078125 0.19685973125 0.41226308281249996 0.19325155624999998 0.4125937609375 0.1861919578125 0.41414409843750005 0.18254870781250002 0.4160086625 0.17832998125 0.419807940625 0.1748084078125 0.4240953703125 0.174824859375 0.4311198921875 0.1743016328125 0.43335093281250003 0.17393515625 0.43647095468749997 0.175015240625 0.440863609375 0.1789018421875 0.443844778125 0.1821263640625 0.44480390937500003 0.183154196875 0.4489002375 0.1852800140625 0.454025121875 0.190090671875 0.455315653125 0.19640086406249999 0.45298083437500003 0.2000097609375 0.4474558453125 0.201561546875 0.44412682343750004 0.20198027500000001 0.4413031296875 0.199157303125 0.43569009062499997 0.20023883437499998 0.42969412656249995 0.20100686093750003 0.42192019687500004
0 1 0.5292254046875 0.9826424953125 0.5118824656250001 0.9603153859375 0.51788705625 0.9455206890625 0.5360036375 0.9236728234375 0.5481268734375 0.9098922640625 0.5515906171875 0.8944415234375 0.56258586875 0.8860206171874999 0.56923999375 0.8728984921875 0.5890625 1 0.5890625 1 0.5292254046875
0 0.729124209375 0.34257585625 0.7364331578125001 0.3330162234375 0.728802925 0.3033458828125 0.717604371875 0.2908464703125 0.7028374984375 0.2955179859375 0.6995437984375 0.33124994375 0.71374795625 0.360794984375 0.729124209375 0.34257585625
0 0.8092190390624999 0.3695997203125 0.8041184453125 0.37850385000000003 0.8041423921874999 0.38872792968750003 0.7965800515625 0.403847346875 0.7862528171875 0.41589661875 0.7832316171875 0.4315494359375 0.7820877125 0.447760653125 0.77782471875 0.4538488390625 0.77021238125 0.463640565625 0.7684340265625 0.48129778125 0.7725167640625 0.49436385625 0.7864683296874999 0.507913334375 0.79278571875 0.505909990625 0.8226985140625 0.4939649265625 0.83421754375 0.48615259687499995 0.84741071875 0.4802686140625 0.856671153125 0.47730162343750004 0.8673504765625 0.4874257078125 0.8823677921874999 0.4994531390625 0.9023846515624999 0.499481296875 0.9268426562500001 0.48938747656250003 0.9348612953125001 0.4768558546875 0.92636451875 0.46145513125 0.9367917484375001 0.46006123906249996 0.9620863 0.45471171093749996 0.96766924375 0.443498984375 0.964905403125 0.4328686046875 0.9549115796875001 0.419065978125 0.94829104375 0.4117838890625 0.9534687406250001 0.39575082500000003 0.9629323234375 0.3914138859375 0.97275115625 0.38656959999999996 0.9836107374999999 0.377539421875 0.9840441421874999 0.362342903125 0.9745566140624999 0.3564557609375 0.9677329296874999 0.35054362031249997 0.9745337203125001 0.338671446875 0.9836181078124999 0.3246177765625 0.9865372078125001 0.31343005156250003 0.9845349156250001 0.299552428125 0.9721043421875001 0.2946289328125 0.9549023734375 0.302998609375 0.9569546624999999 0.322203921875 0.9544418640625001 0.33065175468749997 0.9543137109375 0.34001323437500003 0.954008459375 0.3458482734375 0.952003009375 0.35465135625 0.9459637671875001 0.3632762859375 0.93974848125 0.3608145390625 0.93739199375 0.339884028125 0.934145803125 0.33156224375 0.92090263125 0.3321185390625 0.8985240187500001 0.3489610453125 0.894387071875 0.3608082203125 0.892558721875 0.3731377453125 0.888623871875 0.39117520625 0.88068128125 0.40413812968749996 0.8701009015625001 0.4122296578125 0.8548022796874999 0.41626134531250003 0.8490443453125 0.40882715625 0.8497308968749999 0.3975883796875 0.8545022921875001 0.38429520781250004 0.8578787421875 0.3681350421875 0.8562317015625001 0.3537500703125 0.8392089359374999 0.3505257203125 0.8310642500000001 0.3572983515625 0.8165771765625 0.363410484375 0.8092190390624999 0.3695997203125
0 0.74504619375 0.3977998109375 0.7340600312500001 0.3997369671875 0.72163330625 0.40451733125 0.708744840625 0.4103500609375 0.6986078484375 0.4134320859375 0.6834675703124999 0.41383617656249994 0.6705988328125 0.41060323906249996 0.6641193609375 0.401388959375 0.663973046875 0.39138162187500003 0.6665038953125 0.38187317656249997 0.6741676859375 0.3721069546875 0.677584090625 0.3676207546875 0.6744095671875 0.3587946703125 0.6650679296875001 0.3517033140625 0.653878571875 0.35432359999999996 0.6462701296875 0.3644037109375 0.6488540265625 0.371715690625 0.6468963765625 0.37529737343749997 0.636722996875 0.3745020171875 0.6271955921875 0.37553465625000004 0.624092309375 0.3854676875 0.6225766734375 0.397062671875 0.6203771421875001 0.4139566375 0.6146891937500001 0.42207986562500005 0.6136724499999999 0.430997684375 0.605934353125 0.44401350468749995 0.5998605078125 0.438935146875 0.5911474171875 0.42623091718749995 0.5890625 0.4262358 0.5890625 0.4884128578125 0.5913975312499999 0.4863856375 0.59798999375 0.479721165625 0.606113225 0.4854091125 0.613460825 0.492204771875 0.6231527406249999 0.503118159375 0.63247695 0.502768646875 0.6396964265625 0.501495659375 0.6523073890625 0.49959565625 0.6615770171875 0.49343007656250004 0.6640146 0.4907347171875 0.669221846875 0.48722734375 0.6791927984374999 0.4832036484375 0.6892183296875001 0.4849960203125 0.7008330390624999 0.477445990625 0.7011295015625 0.4699497765625 0.703235 0.4653710765625 0.7101223937500001 0.46221474687499997 0.7164373546875 0.459483 0.734642996875 0.45627285312500004 0.7483070890625 0.4493324109375 0.7561748406250001 0.4333808828125 0.7589831921875 0.4199397109375 0.7551816546875 0.40572214375 0.74504619375 0.3977998109375
0 0.5877408281250001 0.8176784765624999 0.58333846875 0.8007647406249999 0.577451321875 0.794221378125 0.5710599796875 0.7848185875 0.5664875640625 0.791100303125 0.5695261781250001 0.8069909328125 0.5801528125 0.8202800203124999 0.5877408281250001 0.8176784765624999
0 0.52906511875 0.8057015046875 0.5349839484375 0.8164511828125001 0.5444533546875 0.8164662312500001 0.5420946703125 0.8084583265624999 0.538201284375 0.8011422187499999 0.5359011796875001 0.7948087453125 0.52906511875 0.8057015046875
0 0.5132811828125 0.803430353125 0.5061426640625 0.79247455 0.498640125 0.7942186421875 0.4963409171875 0.8093657125 0.500207403125 0.8192137031250001 0.502408584375 0.8276705703125 0.5116350078125 0.8289920359374999 0.51627466875 0.8163806093750001 0.5132811828125 0.803430353125
0 0.41790510625 0.8531005703125001 0.4267453921875 0.8763920140625 0.4400265890625 0.869838278125 0.4479786296875 0.8545368390625001 0.4558000640625 0.8371524796875001 0.463185446875 0.832059525 0.47908564218749994 0.8161989953125 0.4720863984375 0.799321971875 0.45849407500000006 0.7920312875 0.446211703125 0.790827478125 0.4404599453125 0.793105240625 0.4317828453125 0.797583578125 0.42476238437499997 0.8114571828124999 0.4196224125 0.8064668359375 0.4121554359375 0.7976749 0.396173646875 0.7996505390624999 0.3990326421875 0.825260215625 0.4063555640625 0.8332351734375001 0.41618510625000005 0.835292671875 0.420060259375 0.8371365187500001 0.41790510625 0.8531005703125001
0 0.2031523140625 0.829604590625 0.213209171875 0.8254303328124999 0.2213544953125 0.8167912093749999 0.21629142343750002 0.8084802796874999 0.204023746875 0.8090427625000001 0.1920726734375 0.8139511796875001 0.1834099984375 0.8234818484374999 0.1871947390625 0.8360197828124999 0.1965033953125 0.833978253125 0.2031523140625 0.829604590625
0 0.130922490625 0.8717545718749999 0.1305570515625 0.8605610484374999 0.1327375625 0.8501248140625 0.13574316875 0.844367934375 0.1390699640625 0.8381523515625 0.146640009375 0.8331989171874999 0.1495542578125 0.8246436562499999 0.149027746875 0.8170971640625 0.14044893125 0.818609840625 0.12806201718750002 0.8236084781249999 0.11909325468750001 0.8251899125 0.109665790625 0.826450159375 0.10078934218749999 0.823994615625 0.094229015625 0.8255534499999999 0.08610795156249999 0.834222671875 0.08067035781250001 0.844429078125 0.07782486875 0.853374284375 0.0801174375 0.8618155828124999 0.08571324687500001 0.8684682203125 0.0859873265625 0.8768633640625 0.0899536421875 0.8902364468749999 0.09249864062499999 0.8978290953125001 0.0971318390625 0.8990224859374999 0.10353109375 0.9011106859375 0.1090345921875 0.9118003015625 0.11809471406250001 0.9130172468750001 0.1219489703125 0.907512796875 0.12697401875 0.894966715625 0.12855830937499999 0.883429403125 0.130922490625 0.8717545718749999
0 0.3263944296875 0.83268865 0.327636628125 0.8397335078125 0.333043028125 0.8429310093750001 0.34624464062500004 0.8412950078125 0.3558355046875 0.8368366828125 0.3666685703125 0.8394232171875 0.36972586406249996 0.8489152203125 0.376632153125 0.8508105515625 0.38468342031249997 0.8493908953125 0.3865187796875 0.848029575 0.38900645312500004 0.8385975406249999 0.3876062421875 0.83261824375 0.382634990625 0.8220801234374999 0.3756898125 0.8160408546875001 0.3666524015625 0.8138294984375 0.3612257375 0.8144404656249999 0.353845409375 0.8157418156249999 0.346228471875 0.8157012890625 0.337328809375 0.8162328406249999 0.3280142625 0.8202965437499999 0.3263944296875 0.83268865
0 0.5890625 0.77835159375 0.6009111171875 0.7714310203125 0.6127392078125 0.7582396609375001 0.6245251796875 0.7390757078125 0.6336617718750001 0.7220874875 0.6429964406249999 0.703355765625 0.6342533234375 0.6767058953125 0.6223508484375 0.66940745 0.6096462046875 0.6776276421875 0.6012078078124999 0.6842412890625 0.5921751859375 0.69608544375 0.5890625 0.6995368375 0.5890625 0.77835159375
0 0.6168745828125 0.8275621328125 0.6165922593750001 0.8173604515624999 0.61347234375 0.8025333859374999 0.604897721875 0.7997738796875 0.60156986875 0.7952349421875 0.5941119953125 0.8016756953125 0.5934559187499999 0.8180228609375 0.605150459375 0.8356094296875 0.6168745828125 0.8275621328125
0 0.65641985 0.8368207140624999 0.656241496875 0.8214749703124999 0.6515988171875 0.8094792749999999 0.64213778125 0.8102932234375 0.6401148921875001 0.8217556625 0.6458841859375 0.8344069953125001 0.65641985 0.8368207140624999
0 0.6757058171875 0.8171885984375 0.6803162359375 0.8146670796875 0.6846344703125 0.8104885046874999 0.6860631296874999 0.8042565765624999 0.6808782046874999 0.7949193546875 0.67519315625 0.79421320625 0.6715112750000001 0.7991338625 0.6757058171875 0.8171885984375
0 0.7031630703125 0.8524986984374999 0.7066468765625 0.84932154375 0.7064586625 0.8425204234375 0.70205618125 0.834753815625 0.6963290093750001 0.8280750749999999 0.6913744234375 0.8315115671875001 0.686461959375 0.8409206515625 0.6920430359374999 0.846770865625 0.6979682828125 0.8517061015625 0.7031630703125 0.8524986984374999
0 1 0.6624158312499999 0.99386685625 0.649176440625 0.994136640625 0.627771659375 0.9959713140625001 0.6095081015625 0.9888871937499999 0.5894000109374999 0.988660128125 0.5890625 0.8545754562500001 0.5890625 0.8530107078125001 0.5928557796875 0.8481081046875 0.5937202421875 0.841150353125 0.5915299265625 0.837302515625 0.5890625 0.8080081234375 0.5890625 0.800897025 0.6011905390625001 0.7986859234375 0.605851859375 0.7806502609375 0.6039063015624999 0.771335315625 0.605548778125 0.75436441875 0.6153755125 0.7463643015625 0.62447474375 0.7329193359375 0.637096915625 0.7242828640625001 0.6454540671875 0.7159905640625001 0.6528962421875 0.6986656375 0.672182575 0.691698025 0.67853688125 0.685909009375 0.682974796875 0.678012859375 0.686929965625 0.6686459296875 0.691144471875 0.663181359375 0.7117566578125001 0.6652167828125 0.7319006796874999 0.6703918468750001 0.7497825203125 0.6773397359375 0.76051745625 0.6851740390625001 0.76767894375 0.698453190625 0.7713174890625 0.708352503125 0.7729891265625 0.7282775 0.794250178125 0.7384170109375 0.800150903125 0.7571831328124999 0.8062391015625 0.7812381484375 0.8165204562499999 0.8175917937499999 0.8306132484375001 0.8335301859375001 0.8235314406249999 0.8390888625 0.8063198140625 0.8467967984375001 0.795563525 0.8609623609374999 0.7956286218749999 0.8624430046875 0.7868246562500001 0.8631412031249999 0.7764500859375 0.8734366687499999 0.7746347171875 0.8774528593750001 0.777343709375 0.887696340625 0.7781003734375 0.895017984375 0.762286465625 0.8968625171875001 0.7354782828124999 0.8884017249999999 0.71903009375 0.8946487375000001 0.69998851875 0.9118920953125 0.7089080875 0.9308885546875001 0.7277699984375 0.9490604453125 0.73908870625 0.9596902187499999 0.744902984375 0.9772454828124999 0.7383903671875001 0.9888136515625 0.7380591640625 1 0.7383022640625 1 0.6624158312499999