0 0.47761801875 0.6966617515625 0.48532026874999995 0.704747984375 0.49884840312499995 0.7253949734375 0.509375 0.734044315625 0.509375 0.6347602078125 0.5039973765625 0.6344301437500001 0.48287570312500006 0.6290570234375 0.464799528125 0.6281635390625 0.44663444375 0.636120003125 0.435244540625 0.65329371875 0.43274986875000004 0.66234698125 0.43789157031250003 0.674649759375 0.4574900921875 0.68352015 0.4612420015625 0.6860452796875001 0.47761801875 0.6966617515625
0 0.48716793750000004 0.794279375 0.48919907656249995 0.7857916203124999 0.47035142187499995 0.7705417484375 0.4476399125 0.775303359375 0.46246974375 0.8031037671875 0.48716793750000004 0.794279375
0 0.35474946875 0.08018778125 0.328762109375 0.0992096171875 0.329451265625 0.1177826890625 0.3519792671875 0.1338536609375 0.37798586562500003 0.130904725 0.41748617968749996 0.11831089218749999 0.419959896875 0.0955407328125 0.3959341984375 0.081880828125 0.35474946875 0.08018778125
0 0.38426438281249997 0.2223411515625 0.42611422499999996 0.22251614375 0.4429190515625 0.19322630000000002 0.43287988750000006 0.1637601703125 0.40018371875 0.1497438328125 0.3720046953125 0.1485854328125 0.3426725515625 0.159124634375 0.325695428125 0.18377121406250002 0.33989272812500004 0.2047540625 0.3735937796875 0.222520653125 0.38426438281249997 0.2223411515625
0 0.7864402078125 0.95733395625 0.7847451921874999 0.9450750578125 0.7767026078125 0.932858759375 0.7538274921875 0.9246168265625 0.7270185703125 0.91355975625 0.7067321921875 0.909046109375 0.683138328125 0.915920809375 0.6848194328125 0.9370273140625001 0.7005039578125001 0.9510651578125 0.7147052265625 0.9655004390625 0.7400308953125 0.9769549468750001 0.7695945609375 0.974560809375 0.7864402078125 0.95733395625
0 0.5989097171875 0.5897093328125 0.585698625 0.5938019765625 0.5723354390625001 0.6062265109375 0.569631390625 0.6169004218749999 0.5514545859375 0.6261928203125 0.546286078125 0.6425017640624999 0.5640065984375 0.658205034375 0.578171078125 0.66657000625 0.59742555 0.67909854375 0.616541834375 0.6911113640625001 0.6262397328125 0.683965078125 0.6260392390625 0.6778109999999999 0.6233427578125 0.6731534234375001 0.6271864875000001 0.668191890625 0.6299512796875 0.6653818015625 0.6335160578125001 0.6640127687499999 0.63515018125 0.663161053125 0.6385357546875 0.6626677453125 0.649582059375 0.662191015625 0.6536540046875 0.6650315499999999 0.657205915625 0.6744261546875 0.6683178140625 0.6749664859375 0.6860511 0.6569715546875 0.7074536828125 0.62695415625 0.7120694484375 0.60858235 0.701576309375 0.593153478125 0.69394828125 0.582484325 0.6900283875000001 0.5708215828125 0.6706218203125001 0.5666249375 0.6580141671875 0.570003146875 0.6453558187499999 0.5761586515625 0.6345952796875001 0.58346386875 0.62671375625 0.586681203125 0.6091036046875 0.589188859375 0.5989097171875 0.5897093328125
0 0.6709569453124999 0.677636365625 0.6331339890625001 0.6877709953125 0.5973470328125 0.6995710515625 0.5954581890624999 0.7221868640625 0.6170846937500001 0.75840048125 0.6410235656250001 0.7973109609375 0.651640978125 0.822103153125 0.67181205 0.841018996875 0.710560571875 0.8610371921875 0.7428372515625 0.8717346687499999 0.7736863171875 0.8474391562499999 0.788560578125 0.8169219734375 0.7920847671875 0.7855768375000001 0.79688941875 0.76494345 0.79682975 0.7439552265625 0.78398745625 0.7197591875 0.7639177828125 0.69528875 0.7403885265625 0.6905385468749999 0.7367082140625001 0.6738369265624999 0.7166475109375 0.6731320078125 0.701451121875 0.6727819312500001 0.6709569453124999 0.677636365625
0 0.7889562828125001 0.8599298531249999 0.7787116968750001 0.8632276234375 0.7906005984375 0.8749660468749999 0.802517325 0.8690092593750001 0.8009097953125 0.860043375 0.7889562828125001 0.8599298531249999
0 0.8270416984375 0.8596742609374999 0.8356787562499999 0.8474106046875001 0.8293957953125 0.8358283 0.8151667046875 0.8390882328125 0.8106523375 0.85190544375 0.8270416984375 0.8596742609374999
0 0.8228723390624999 0.9182766499999999 0.8103660843749999 0.916100265625 0.7950175984375 0.9240820765625 0.798836096875 0.9412994125 0.8179662921874999 0.944464628125 0.8291553 0.929858953125 0.8228723390624999 0.9182766499999999
0 0.8157602625000001 0.9036000515625 0.8231765281250001 0.9016128703125 0.8175477078125001 0.8865388328125 0.80485256875 0.88662403125 0.802424896875 0.8983293734375 0.8157602625000001 0.9036000515625
0 0.7160372984375 0.8844431187499999 0.7047518359375 0.8719902609375 0.6941433906250001 0.8709635890625 0.6789698796875 0.8855314234374999 0.70734954375 0.899484071875 0.7149546906250001 0.89523530625 0.7160372984375 0.8844431187499999
0 0.7259067234375001 0.19717704062500002 0.747017228125 0.193302215625 0.7522095421875 0.1895353171875 0.7564267765625 0.18543578125 0.7567636609374999 0.17346739687499999 0.749873846875 0.1675927390625 0.7358415609375 0.1648197171875 0.7260708015625 0.1680316890625 0.7132063625 0.17622995156250001 0.7056627453125001 0.18775375 0.7082710703124999 0.194181725 0.7259067234375001 0.19717704062500002
0 0.5634408953125 0.09342097499999999 0.5860118390625 0.0784645203125 0.58645726875 0.0801268859375 0.5872196140625 0.07635918124999999 0.5843985609375 0.06583086875000001 0.5772760546875 0.0623941859375 0.571192878125 0.0628363578125 0.5539826890625 0.06804171718749999 0.5457809171875 0.07380281093749999 0.5417764125 0.082002684375 0.54527559375 0.0917553890625 0.5634408953125 0.09342097499999999