0 0.16093583125 0.2590553453125 0.1552052625 0.289259365625 0.1741854109375 0.3124927421875 0.192585225 0.29560365312500003 0.19067834374999998 0.24708661250000002 0.17957819218749999 0.2197259296875 0.15990192812499998 0.2267832140625 0.16093583125 0.2590553453125
0 0.1156363953125 0.278614496875 0.1115777796875 0.2969830375 0.1154993625 0.3083498171875 0.12262251718749999 0.315611496875 0.132593871875 0.323743959375 0.138488025 0.3146518796875 0.14381777499999998 0.2959456921875 0.1424358140625 0.2788188921875 0.13017535 0.26926030624999997 0.119998278125 0.25670730625 0.1156363953125 0.278614496875
0 0.8653155984374999 0.3481387421875 0.8744699390624999 0.36149444062499997 0.880647175 0.3683509828125 0.8867001875 0.37020157343750004 0.902874484375 0.3714205765625 0.9163074218749999 0.3680754796875 0.920189359375 0.358084375 0.9154011499999999 0.34668453125 0.8927517578125 0.33417094999999997 0.876230203125 0.33408777500000003 0.865067146875 0.3381268421875 0.8653155984374999 0.3481387421875
0 0.841128975 0.356890053125 0.8344435609374999 0.3598140875 0.8281181171875 0.3696791359375 0.8341217265624999 0.37710358906249997 0.849663625 0.3830972171875 0.8584452875 0.38143506562499996 0.8598837156249999 0.3713179015625 0.8609748906249999 0.3623365609375 0.8579977859374999 0.355837403125 0.8451972484375 0.354407871875 0.841128975 0.356890053125
0 0.8047854859375001 0.3296328296875 0.7999732921875 0.339960525 0.8008541453125 0.345197796875 0.8155151921874999 0.3459541515625 0.8234781140624999 0.3415577015625 0.8248671406250001 0.3370144 0.82288240625 0.332681628125 0.8047854859375001 0.3296328296875
0 0.7931192984375001 0.27333893593749997 0.7847774328125 0.267281740625 0.7681002296874999 0.25931378125000004 0.7621020046875 0.262261984375 0.7614273296875 0.2700257875 0.7557030390625 0.2762457671875 0.7585496109375 0.28221689843750003 0.762415090625 0.2904123578125 0.7684901390625 0.298326940625 0.78337156875 0.3038330609375 0.7977304937499999 0.2999341484375 0.8056071015624999 0.295009803125 0.80191336875 0.2820848078125 0.7931192984375001 0.27333893593749997
0 0.76495658125 0.3112739515625 0.7642876890625 0.3037369859375 0.759435184375 0.29460215624999997 0.7472727765625 0.28992732656250003 0.7428348078125 0.2974969828125 0.7393266078125 0.3075825203125 0.7490692890624999 0.31183636875 0.7609896515625 0.31452438125 0.76495658125 0.3112739515625
0 0.72254721875 0.2916132484375 0.7254061015625 0.2864300421875 0.7262018015625 0.2796596484375 0.7183759171874999 0.2788610484375 0.713810396875 0.2812908640625 0.7116327171875 0.2828567015625 0.710512359375 0.292078259375 0.71738310625 0.29322244999999997 0.72254721875 0.2916132484375
0 0.6801443828125 0.276098978125 0.6858882484375 0.28231829375 0.6961019734375 0.28225291406249997 0.7035901484375 0.27720981093749997 0.7065954171875 0.27015854375 0.7012588203125001 0.2570500765625 0.6853396421875 0.256327534375 0.6831366015625 0.2607548421875 0.6820669671874999 0.26425345624999996 0.6801443828125 0.276098978125
0 0.6687892468750001 0.2340522140625 0.6707060453125 0.23750746406249998 0.6834800953125 0.251295771875 0.6924966359375 0.249589165625 0.70118199375 0.246187290625 0.7066388765625 0.2408419625 0.706829459375 0.22910452343749999 0.6957685734375 0.2222160390625 0.6874078703125 0.2231667484375 0.6710814265625 0.2293333546875 0.6687892468750001 0.2340522140625
0 0.5795122421875 0.1704139640625 0.57503585625 0.17255222812499998 0.5705341109375001 0.1775519640625 0.5680955484375 0.18413888750000001 0.566994028125 0.1863525421875 0.5728523921875001 0.189418834375 0.5832509124999999 0.1929167859375 0.5916435 0.193251034375 0.6015006781250001 0.1943518609375 0.6076576 0.1783812578125 0.595641578125 0.171838365625 0.589159259375 0.17081293125000002 0.5795122421875 0.1704139640625
0 0.626220453125 0.20796670781249998 0.63276001875 0.20741563125 0.6336448546875 0.2003536859375 0.6299641703125001 0.19572155625 0.6227941265625 0.194167059375 0.6203744 0.193746078125 0.6181459968749999 0.20103485937499999 0.6190757687499999 0.20355073906249999 0.620661384375 0.20531072187500002 0.626220453125 0.20796670781249998
0 0.6004506203125 0.2102897734375 0.5921536953125 0.21381040312500002 0.59222399375 0.2205267546875 0.5990693796875 0.22453241875000002 0.610601309375 0.22710167343749998 0.61768221875 0.2289477234375 0.62687703125 0.2266580125 0.627494459375 0.220470721875 0.627220525 0.21719894218750002 0.6163444359375 0.21387378906249999 0.6004506203125 0.2102897734375
0 0.38656310625 0.09994658906250001 0.3934338546875 0.1010907796875 0.3945100140625 0.1017385984375 0.4005720109375 0.10136031406249998 0.4004509875 0.10036690625 0.40704780312500005 0.098239315625 0.40877327656249995 0.0939848046875 0.4100784328125 0.08832657499999999 0.4087537015625 0.0815455078125 0.40653760937500005 0.07767995 0.39760367812499997 0.0749485734375 0.3861674109375 0.0762342 0.38488761718750003 0.07903095624999999 0.385015165625 0.084170796875 0.3835889875 0.08883561718750001 0.3827041515625 0.0958975609375 0.38656310625 0.09994658906250001
0 0.4329308078125 0.092793890625 0.4274305671875 0.09740523749999999 0.42163523906249994 0.0978359546875 0.417342809375 0.09746756875 0.415816084375 0.0973154484375 0.41303389062500007 0.10024060937499998 0.4074933328125 0.1070421578125 0.40643764375 0.1104951640625 0.4090109078125 0.114428359375 0.41567682499999997 0.118354215625 0.4217672421875 0.12210412500000001 0.4288730296875 0.1245912296875 0.4338362734375 0.12894046718750002 0.44497056874999996 0.132659209375 0.44795253749999997 0.13010977343750002 0.449160346875 0.1251300390625 0.44672271406249997 0.1228115453125 0.4432458796875 0.12080463125 0.4408082453125 0.11848613593749999 0.44186393593749995 0.11503313125 0.44429423124999995 0.11325897031250001 0.44837954687500003 0.10915897968749999 0.45153746406249995 0.10603404218750001 0.453672671875 0.10007925625 0.45297803124999997 0.0951471796875 0.4493252484375 0.093715765625 0.444433490625 0.0922202046875 0.43918983437500003 0.09187564687500001 0.4329308078125 0.092793890625
0 0.4854719046875 0.1422098890625 0.489716678125 0.1406758234375 0.49482470312500004 0.13940568125 0.4968389578125 0.1400215 0.501866346875 0.14313176249999998 0.5046320484375 0.143348028125 0.510715128125 0.14300528437499999 0.5127458703125 0.140479675 0.5136256109375 0.1376021703125 0.5143055765625 0.134348940625 0.511004690625 0.131766525 0.5078394359375 0.130798809375 0.5079365640625 0.1232769765625 0.5059626265625 0.12047095625 0.5006713171875 0.118223946875 0.4929020515625 0.11584864375 0.48763457031249996 0.114552859375 0.48201518906249996 0.114408078125 0.47832208906250007 0.11516686406250001 0.47246995312499995 0.1209292125 0.4696474421875 0.126044575 0.46806390625 0.131224084375 0.46911044375 0.135005159375 0.4730986328125 0.138427 0.4782781421875 0.140010534375 0.480867896875 0.1408023015625 0.4854719046875 0.1422098890625
0 0.5570502953124999 0.16126177656250001 0.5608002046875 0.15517135937499998 0.560640746875 0.1526054328125 0.5577394140624999 0.1507744671875 0.5543743828125 0.1494310265625 0.5473803953124999 0.147607396875 0.5432877421875 0.147614734375 0.5378039921875 0.14908465312500002 0.5327197953125 0.1513060203125 0.5295453875 0.157572384375 0.5280663171875 0.1593227171875 0.526323325 0.1619362984375 0.5252914625 0.16634053124999998 0.527401028125 0.17076125312499998 0.5298386625 0.173079746875 0.5288947734375 0.177196228125 0.5284622421875 0.182727634375 0.5321626796875 0.1860615 0.5388450875 0.186845928125 0.5445689312499999 0.1835615328125 0.5474629281250001 0.181299846875 0.549117946875 0.17897401562499998 0.5491509265625 0.172691159375 0.5528366890624999 0.1678397203125 0.5570502953124999 0.16126177656250001
0 1 0.3809324765625 0.998765784375 0.3806331234375 0.993698078125 0.3797130625 0.9909323750000001 0.379496796875 0.98317045 0.3812141484375 0.978509634375 0.385138190625 0.9761911390625 0.3875758265625 0.968803125 0.4004201328125 0.9691458687500001 0.4065032125 0.971107821875 0.409375 1 0.409375 1 0.3809324765625
0 0.9031758921874999 0.4061569203125 0.9054655171875 0.409375 0.9289370124999999 0.409375 0.9298340375 0.4064409609375 0.930554321875 0.4009975296875 0.9280690312500001 0.396776584375 0.9256075687499999 0.393506865625 0.9165113546875 0.3913551671875 0.9123307281249999 0.3916502546875 0.9085258250000001 0.3917455671875 0.9037293796875 0.394054909375 0.903360990625 0.39834733906249997 0.903432475 0.40120101718749995 0.9031758921874999 0.4061569203125
0 0.38076232656250003 0.4227215703125 0.3760079703125 0.409375 0.36261519375 0.409375 0.3574142453125 0.4155833453125 0.347841596875 0.43888661406249996 0.3461915484375 0.4786013515625 0.3452341015625 0.49317225468750003 0.352215521875 0.50579865625 0.365516240625 0.5046191078125 0.3739419671875 0.4862111765625 0.37788998125 0.46643426874999994 0.378998184375 0.4536581234375 0.379937303125 0.442578940625 0.38076232656250003 0.4227215703125
0 0.40222415 0.5298311328125 0.4102017390625 0.53576745 0.42320094687500004 0.5309984015625 0.432284678125 0.5092943156249999 0.4354993109375 0.49191618437500007 0.43261872031250004 0.47617187968749997 0.4240585046875 0.4744290875 0.4138624484375 0.47918081875 0.40184314062500004 0.49561574999999997 0.3905022234375 0.520127065625 0.40222415 0.5298311328125
0 0.3906183828125 0.5437695078125 0.38362069375 0.5494990750000001 0.381194425 0.5540032765625 0.37920208906249997 0.5673834484375 0.3801819890625 0.579049334375 0.38737121406249997 0.59785958125 0.39805619062500003 0.5915086671875 0.405597784375 0.5737047609375 0.40918930312499996 0.5608135078125 0.402886275 0.5562634875 0.39547298125 0.5496253640625001 0.3906183828125 0.5437695078125
0 0.314694734375 0.452359528125 0.3042888140625 0.4360631578125 0.3 0.440823546875 0.3 0.52136968125 0.3016671140625 0.523569021875 0.31573786875 0.5130072609375 0.3230533296875 0.49251122656249996 0.3258157046875 0.469748840625 0.3183270359375 0.46221333906249995 0.314694734375 0.452359528125
0 0.35355401249999996 0.6193236328125 0.3517837015625 0.626067159375 0.35227084999999997 0.6349578124999999 0.353509915625 0.6404359671875001 0.3591518546875 0.6334191625 0.3609221671875 0.6266756390625 0.3629114296875 0.6163566703125001 0.3592434828125 0.6159637421874999 0.35355401249999996 0.6193236328125
0 0.35859029531250003 0.6735055828125 0.3626565859375 0.6699362265625 0.36330592500000003 0.6683847328125 0.36484925625 0.6644815359375 0.3654700515625 0.6607337953125 0.364321209375 0.6581950375 0.3609511484375 0.658914725 0.3570734484375 0.6647292593749999 0.3565280890625 0.6693750671875 0.358342290625 0.6732378609375 0.35859029531250003 0.6735055828125
0 0.31687216875 0.7249574234375 0.309512653125 0.724951684375 0.30390283125 0.73625346875 0.30298881718750004 0.76155893125 0.3073060109375 0.7615322546875001 0.3129262984375 0.756068821875 0.3188645109375 0.7448674359375 0.321402721875 0.7312799875 0.31687216875 0.7249574234375
0 0.4580042546875 0.4360540484375 0.4493596359375 0.44652985312500004 0.44869171874999997 0.45507146875000004 0.4534283875 0.459920765625 0.4595122265625 0.4540067234375 0.465177184375 0.44310582031249995 0.46337828593749997 0.43818293593749996 0.4580042546875 0.4360540484375
0 0.472612775 0.459469596875 0.47017651406249994 0.4572671234375 0.4646881515625 0.45996206875 0.4617718953125 0.4644151484375 0.45857375468750006 0.471697315625 0.45905604218749996 0.48156234218750005 0.46277835468750006 0.4846438828125 0.46810935468750003 0.4780137953125 0.47096220468750005 0.46868254218749994 0.4713165328125 0.46053093437500003 0.472612775 0.459469596875