0 0.4968070203125 0.8476511890625 0.517885165625 0.8545221062499999 0.537456771875 0.8536426 0.5413422156250001 0.8580057906249999 0.5470080953124999 0.8715285796875 0.5556007109375 0.8844824734375001 0.5821214578125 0.8881018375 0.6134938062499999 0.8776164312500001 0.6148708453125 0.8612622234374999 0.599004553125 0.8577654625 0.5914137953124999 0.8577785406249999 0.6070568109375001 0.8445009609374999 0.6095295078125 0.8337834281250001 0.585387671875 0.826776821875 0.5618368312500001 0.8306234343750001 0.5425391328125 0.8329121171875 0.49475266093750003 0.837082421875 0.4968070203125 0.8476511890625
0 0.514340853125 0.6409675890625001 0.51968965625 0.6450463328125 0.534503459375 0.6509412984375 0.556453978125 0.64667455 0.56464319375 0.63411463125 0.5295729953125 0.625576253125 0.5223931109375 0.6277030875 0.514340853125 0.6409675890625001
0 0.497026125 0.59095516875 0.497573953125 0.5937735078124999 0.505524953125 0.611239353125 0.5379929609375 0.6063906265625 0.5391392484375 0.596662128125 0.5313252140625 0.5799008625 0.517196196875 0.5775288203125 0.497026125 0.59095516875
0 0.5292857843750001 0.522531984375 0.52635905 0.523100884375 0.5049563625 0.530185971875 0.491692259375 0.540076315625 0.484692496875 0.5509426140625 0.48871488906250005 0.556010390625 0.5238357234375 0.5491835921875 0.5357302515625 0.5322474015624999 0.5292857843750001 0.522531984375
0 0.5466810171875001 0.4635790125 0.5476903484375 0.4531459296875 0.5445834921875 0.44497536406249993 0.5386868609375 0.43807828125 0.5251994734375 0.43119428437499996 0.5059017734375 0.4334829625 0.48715190625 0.43858998125 0.4819832234375 0.4432507015625 0.47324617812499997 0.4529922828125 0.46427837812500006 0.46935957500000003 0.4780396859375 0.4776527421875 0.4950954328125 0.4794558859375 0.5177307359375 0.47871205781250004 0.5407337484375 0.4720471078125 0.5466810171875001 0.4635790125
0 0.528724665625 0.4180785453125 0.53000791875 0.4090546328125 0.528090515625 0.39919045 0.5316157078125 0.38607471250000003 0.516210915625 0.369326528125 0.48758518124999994 0.370503571875 0.48040530156249994 0.372630403125 0.46833064531249996 0.3808271296875 0.46174176093749997 0.3938071796875 0.45849047656249997 0.4083320875 0.46827255156250003 0.4195923578125 0.4849605875 0.4273166265625 0.5042582859375 0.42502795000000004 0.528724665625 0.4180785453125
0 0.3938068015625 0.1626933828125 0.3829055390625 0.1807772046875 0.394080228125 0.190058096875 0.41382935937500004 0.1952428546875 0.432038846875 0.19621508906250001 0.45678357968750005 0.19001695624999998 0.47595121249999994 0.18108522031250002 0.49281961093750004 0.16774155 0.495211421875 0.154088290625 0.4906779671875 0.14559884218750002 0.4734711359375 0.1312433734375 0.46387707968749997 0.1338023921875 0.45009507656250003 0.1333577859375 0.4323851484375 0.1312472640625 0.417583540625 0.1292655453125 0.3898449953125 0.13118675468750002 0.39071055781249997 0.139347984375 0.400475603125 0.1450852046875 0.404359003125 0.15023039375 0.3938068015625 0.1626933828125
0 0.37949844062500004 0.11133304531249999 0.379994459375 0.12130141093749999 0.41815164375 0.11735502187499999 0.434215940625 0.107291209375 0.459155690625 0.1020963515625 0.47211310624999997 0.1020071171875 0.4950786515625 0.0940724484375 0.4940421046875 0.0776149796875 0.46118504531250004 0.0680369140625 0.45418136875000004 0.046839290625 0.44239759687499997 0.041841528125 0.419281553125 0.0452936484375 0.3717458125 0.056616028124999995 0.3717217796875 0.0639089921875 0.354418834375 0.078725378125 0.3732508 0.10144149218750001 0.37949844062500004 0.11133304531249999
0 0.45772453593750007 0 0.45734339999999996 0.000065465625 0.42448623906250005 0.0053200406249999995 0.384912425 0.013103434375 0.367308478125 0.018954728125 0.35519613906249997 0.023391498437499998 0.3432788140625 0.02883154375 0.33839274375 0.0370695921875 0.3527802875 0.0443377234375 0.3632194265625 0.0461262375 0.3836221609375 0.043548593749999996 0.4081273578125 0.0398264484375 0.42965923124999994 0.0356410765625 0.44335574375000003 0.0319375609375 0.453209821875 0.0307162421875 0.47500171875 0.027868575 0.4933652484375 0.022216698437499998 0.5041329546875 0.01457068125 0.5050706140625 0.0008530203125 0.50182139375 0 0.45772453593750007 0
0 0.604402540625 0.93173695625 0.608210525 0.9267502703125 0.6154000640625 0.92004465625 0.6143351578125 0.909104621875 0.609064575 0.9011053312499999 0.59363496875 0.9009196765624999 0.5803363515625 0.903504665625 0.5651762687499999 0.9101671640625 0.5576884625 0.9153383234374999 0.5549034484375001 0.9201261640625 0.5579004984375 0.9328138718749999 0.5642084234375 0.93795746875 0.5550436249999999 0.9508859578125 0.547626496875 0.9618822984375001 0.548720146875 0.9675086359374999 0.5546016375 0.975919990625 0.5669479609375 0.9793590296874999 0.5797207203125 0.9795303109375 0.5965997328125 0.9762493624999999 0.6073409234375 0.9741614875 0.6198441578125 0.9674846171875 0.624519384375 0.9533055687499999 0.622317715625 0.9447097421875 0.61846779375 0.9385575484374999 0.604402540625 0.93173695625
0 0.4554407953125 0.2924850859375 0.462880325 0.309788759375 0.4428705421875 0.324275965625 0.44252101718750003 0.330865565625 0.440556290625 0.34592120625 0.4408175296875 0.3556529171875 0.4519676046875 0.35430076875 0.466914696875 0.3473193109375 0.47808684375 0.3418868359375 0.4861168796875 0.33706512499999997 0.49866324687499997 0.3387023953125 0.5206580140625 0.3344270453125 0.523691575 0.32487009843750003 0.5196553921875 0.3166873703125 0.5083967703125001 0.30909333437500003 0.49163945781249996 0.3025681359375 0.5050375671875 0.29181173125000004 0.50900935 0.28288762031250003 0.509469234375 0.2558963796875 0.5068734874999999 0.24254241406250002 0.49803766562499996 0.2222493203125 0.49210297187499996 0.21688124687500002 0.47250893125 0.21253786875 0.458522128125 0.21607183437500002 0.4526297671875 0.23189092968749997 0.44372591406249995 0.25318664375 0.4315714046875 0.26614693749999996 0.43128628124999996 0.289843378125 0.4554407953125 0.2924850859375