0 1 0.509375 0.98478854375 0.509375 0.96762689375 0.51657121875 0.9610491109374999 0.5241541062499999 0.9711011421875 0.537844065625 0.9854566109375 0.5482284890625 1 0.5551939609375001 1 0.509375
0 0.9239852562499999 0.53529988125 0.9077174421875001 0.5487686546874999 0.916946159375 0.55958738125 0.92706244375 0.5582402375 0.941482165625 0.5535875640625 0.9433302609374999 0.5447714671874999 0.9474964796875 0.5409873953125001 0.9403114499999999 0.5342436187499999 0.9239852562499999 0.53529988125
0 0.938559628125 0.5922312187500001 0.936761190625 0.5829070921875 0.9251500953124999 0.5820934359375001 0.9131711234375001 0.58915355 0.911871903125 0.5998838 0.9271149390625 0.5981023578125 0.938559628125 0.5922312187500001
0 0.9561003156250001 0.619828284375 0.956208346875 0.6141005671875 0.950929784375 0.610953203125 0.9334124046875001 0.6170120031249999 0.9364020296875 0.62133359375 0.94100909375 0.6251913921875001 0.9473562171875001 0.6259608109375 0.9561003156250001 0.619828284375
0 0.9014110531249999 0.6427605734374999 0.9011658015625 0.6480097515625001 0.9046897078124999 0.6511423703125 0.911433896875 0.6502442765625001 0.9186977734375 0.6450540796875 0.9247412765625 0.6386601656249999 0.9208057125 0.63409193125 0.91093468125 0.6301898953125 0.905699896875 0.6363519125 0.9014110531249999 0.6427605734374999
0 0.07885482499999999 0.38556823125 0.07036221875000001 0.36833524687499997 0.059940112499999997 0.3726801671875 0.045830542187500004 0.3889338703125 0.03197100625 0.40782872968749995 0.0206662859375 0.4320949359375 0.013189706249999999 0.4484813015625 0.0137914265625 0.4611948234375 0.0211745265625 0.46925095937499994 0.0264325453125 0.47520360000000006 0.0383938921875 0.4833033734375 0.0497848328125 0.48410635781250005 0.061652246875000004 0.47595593437500006 0.0675428421875 0.459346128125 0.0751678109375 0.43816971718750003 0.0785739296875 0.418203040625 0.07873003281249999 0.40459400156249997 0.07885482499999999 0.38556823125
0 0.33039799062499997 0.1499898609375 0.33805426875 0.13423018125 0.3458589359375 0.11368045625 0.34993711250000004 0.108441775 0.3616248265625 0.0996646671875 0.3709687359375 0.0915596328125 0.38521898125 0.079334875 0.3983910296875 0.06335000156250001 0.40878953906250004 0.044769359375 0.40267976250000004 0.023462039062500002 0.38578076875 0.0140652578125 0.3720773359375 0.0193510796875 0.3560614109375 0.030725712500000002 0.347764384375 0.0371741296875 0.3394283328125 0.0470248046875 0.33102194687500003 0.054861007812499994 0.3187170828125 0.068562578125 0.3075217265625 0.091440996875 0.293006015625 0.118662578125 0.291513965625 0.13468933593750002 0.29135786406249997 0.14829837343750002 0.30202229062499997 0.15541360625 0.314280415625 0.1539332875 0.33039799062499997 0.1499898609375
0 0.2456402796875 0.6117368765625 0.225822915625 0.611620696875 0.2076594671875 0.6232720015625001 0.1957958625 0.6298953453125 0.1979087015625 0.6492628546875 0.21023675156250002 0.659258178125 0.22580284687500002 0.6715465218750001 0.24511359375000003 0.678895290625 0.25936166875 0.6715882093750001 0.2750231515625 0.654211315625 0.2791037078125 0.6414438046875001 0.274953353125 0.63296936875 0.2596699421875 0.6186670671875001 0.2456402796875 0.6117368765625
0 0.19523399218749998 0.5469415234375 0.1858613046875 0.5412531765625 0.1851196984375 0.5356671125 0.182052371875 0.5339694453125 0.16688645625 0.52607646875 0.1403103265625 0.523388221875 0.129241546875 0.529783653125 0.1245901 0.5375604515625 0.144141359375 0.5667465140625 0.154362096875 0.566392971875 0.1684449828125 0.567509184375 0.1918895125 0.5562764625 0.19523399218749998 0.5469415234375
0 0.2815213296875 0.6948719109375 0.2841829546875 0.6831555703125 0.2695291828125 0.677048646875 0.24875180624999998 0.6855836703125 0.246714290625 0.6964767453125 0.2520008984375 0.705913965625 0.2681268265625 0.7051557453124999 0.2815213296875 0.6948719109375
0 0.316043825 0.7753792609375 0.3325994046875 0.76910441875 0.343231703125 0.7635096546875 0.3427805234375 0.7595654171875 0.34520030625000003 0.7537795468749999 0.34479555156249997 0.752368003125 0.3422785453125 0.7459609281249999 0.3282268765625 0.7372601515625 0.309689590625 0.7318824109375 0.308298353125 0.731772140625 0.30173817812500003 0.7183772109375 0.2947355578125 0.7152931671875 0.2716705953125 0.71783333125 0.2686226484375 0.723799325 0.2735638125 0.7315480890625 0.2786863171875 0.7423000625 0.287847625 0.7529123265625 0.299652121875 0.75614705625 0.30253182343749996 0.7685605421874999 0.316043825 0.7753792609375
0 0.49756082656249995 0.9081700890625 0.495756096875 0.89239315 0.48928441562499997 0.8769360390625 0.484208334375 0.8687167625000001 0.4753632953125 0.861578215625 0.460506484375 0.8571819218750001 0.44560760781250003 0.8573804921875 0.429857171875 0.8593508562500001 0.4114591671875 0.8615711921875 0.4124920796875 0.862802609375 0.407378309375 0.8663057671875001 0.39863485625 0.8784877328125 0.399048340625 0.8941543984375 0.4160174125 0.903546228125 0.427737784375 0.9159706953125 0.442687453125 0.9254323765624999 0.4579025875 0.9287075249999999 0.4759422671875 0.9276083390625001 0.48868245468750005 0.919881540625 0.49756082656249995 0.9081700890625
0 0.375957184375 0.8539291812500001 0.396151175 0.8532306609375 0.403275615625 0.8354025265624999 0.40125184999999997 0.8283448171875 0.39487301874999997 0.8179530890625 0.38261297656250004 0.8036465625 0.37928645781250003 0.79441640625 0.3799987421875 0.7850465421874999 0.37380125937500003 0.7776580203125001 0.3521652359375 0.7685860203125 0.3396440859375 0.767593590625 0.3302216796875 0.770295421875 0.324479746875 0.7739787 0.325563453125 0.784870375 0.329606621875 0.791858234375 0.3389913328125 0.8008788359375 0.34671496875 0.8088481390625001 0.35318665781249997 0.8243052531249999 0.3544052796875 0.8356674406250001 0.3574619578125 0.843956571875 0.375957184375 0.8539291812500001
0 0.498287853125 0.96176749375 0.49474195937500004 0.9622330640625 0.49022873125000005 0.9695903984375001 0.4869293953125 0.9760484609375 0.49247439843749996 0.9876872296875 0.50428044375 0.9903650875000001 0.519436084375 0.9893264687500001 0.5325973453125 0.9838989453125 0.5279741484375 0.9703422546875 0.5244737828125 0.9658339781249999 0.5189335109375001 0.9619106390625 0.498287853125 0.96176749375