0 0.5105206531250001 0.36593613125 0.5140216921875 0.3752633828125 0.5213688234375 0.3879154296875 0.5300018359374999 0.39208140937499997 0.5376388265625 0.3898915375 0.54658929375 0.3836353328125 0.548266225 0.376513021875 0.5460694625 0.36164619375 0.5423636968750001 0.350163821875 0.5377171093750001 0.341165053125 0.5338526171875 0.3348937765625 0.527455509375 0.3212313765625 0.520126775 0.3115258171875 0.5128440375000001 0.30918647187500004 0.505029915625 0.313640953125 0.49664762187499994 0.31899629531249996 0.49941256093749997 0.33296226406249996 0.5027548703125 0.3475006109375 0.5052782890625 0.3534184890625 0.5105206531250001 0.36593613125
0 0.5744459203125001 0.3726958171875 0.5839829625 0.36848523125 0.593510803125 0.3628014046875 0.603206571875 0.35337973125 0.6100430703125 0.3455158765625 0.611496875 0.333291965625 0.6077267187500001 0.31149689999999997 0.599960940625 0.293061378125 0.5928185312500001 0.2825644546875 0.58268571875 0.2832561703125 0.5695716984375 0.2966097765625 0.5622981609375 0.2957436671875 0.5550338171875 0.2963508015625 0.5496511265625 0.2919907453125 0.5398633687500001 0.28668 0.529562628125 0.291109571875 0.523303503125 0.29954580468750003 0.5363024421875 0.3290257171875 0.544440871875 0.3458785015625 0.5523561796875 0.3576296875 0.5642763093750001 0.367494559375 0.5744459203125001 0.3726958171875
0 0.620974215625 0.2582562625 0.617546765625 0.2607149453125 0.6169969875 0.264562290625 0.6155707828125 0.2812059328125 0.6172177640625 0.29992010156250004 0.630292640625 0.31092974375 0.6423531015624999 0.3126370453125 0.65207646875 0.3076350953125 0.653521075 0.293937940625 0.6434458000000001 0.2732129 0.63458966875 0.2639453078125 0.620974215625 0.2582562625
0 0.512524859375 0.38991864375 0.5132274140625 0.385186084375 0.5112628609375001 0.3783348734375 0.5060854921875 0.3674619 0.5027075890625 0.3614278796875 0.4982382703125 0.35158763125000003 0.494096375 0.3428892515625 0.490625 0.337826065625 0.490625 0.394877765625 0.49338457968749994 0.3949951125 0.5037173390625 0.3936799171875 0.512524859375 0.38991864375
0 0.8480641265625 0.956561753125 0.850411753125 0.9690579078124999 0.8567040796875001 0.9845383515625 0.8696477968749999 0.98658838125 0.8806800546875 0.9776633515625001 0.877261203125 0.9506588765625 0.8694230968750001 0.9405601734375001 0.8559406234375 0.9452492937500001 0.8480641265625 0.956561753125
0 0.8606669890624999 0.757054228125 0.8582809734374999 0.765969234375 0.86002564375 0.772053621875 0.86781245625 0.7862824453124999 0.877933990625 0.795726384375 0.8884274921875001 0.7935405046875 0.8953803593749999 0.783315975 0.8935393890625001 0.7575052125 0.8846108609375 0.7436037703125 0.8751435781250001 0.7364414765625 0.866882209375 0.7421027171875 0.8606669890624999 0.757054228125
0 0.8463697625 0.7265844125 0.8402763234374999 0.722570096875 0.8285577156249999 0.722638025 0.82560084375 0.731716721875 0.8290388890625 0.7480156171875 0.8352157234375 0.7544752671875 0.844484115625 0.75017143125 0.8526107968750001 0.7461949796875 0.8564400031250001 0.740158475 0.8506672359375 0.7286444624999999 0.8463697625 0.7265844125
0 0.8496152078125 0.703430559375 0.854182059375 0.7021210359375 0.8567348625 0.6980967 0.8494355109375 0.6812588515625 0.83815306875 0.682847871875 0.83424046875 0.686439040625 0.8415911156250001 0.69914676875 0.8496152078125 0.703430559375
0 0.8815516499999999 0.609375 0.8758116390625 0.61243131875 0.867477453125 0.61101816875 0.8640199953125001 0.616657615625 0.8592519953125001 0.6243630484375 0.855922975 0.6337686031249999 0.8594101640625 0.6492480671874999 0.870500496875 0.659166975 0.878920309375 0.6630908640625 0.8877483703125 0.65295358125 0.89029368125 0.6408149109375 0.89083036875 0.6305198484375001 0.8884298046874999 0.6121935078125 0.8837064546875 0.609375 0.8815516499999999 0.609375
0 0.8340156625 0.6248386703125 0.8382536015625 0.6362999234375 0.8431401859375001 0.6378565593750001 0.8490969125 0.633190653125 0.8541151625 0.624145815625 0.8514116828124999 0.6113994671875 0.8426461421875 0.6118002031249999 0.832276996875 0.6143509578125 0.8340156625 0.6248386703125
0 0.8835365218750001 0.9056404921875 0.8873475328125 0.91456448125 0.89045460625 0.9221252 0.8992998328124999 0.9224060906249999 0.9059098859375 0.919258590625 0.9131792750000001 0.914043884375 0.9189536781250001 0.901432246875 0.9177012437500001 0.8883313296875001 0.9140115109375 0.8765553453124999 0.9123123078125 0.87172116875 0.9103238656249999 0.8669699328125 0.90899893125 0.86453263125 0.9033311921875 0.8589582703125 0.8975017515625 0.8571865671875001 0.8941946359375 0.8565697453125001 0.8793986921875 0.8573691468750001 0.8744836640625 0.8609696781249999 0.8715145671875 0.868081540625 0.8644452203125 0.8663523515625 0.8601449265625 0.8644551953124999 0.8538624531250001 0.8643785203125001 0.851052971875 0.86549715 0.844734246875 0.8707522828125001 0.8441216 0.878440540625 0.8457420390625 0.88736661875 0.8503057609375 0.9054655031250001 0.85634568125 0.91124616875 0.8606438859375001 0.9109527515625 0.8642381562500001 0.9092960625 0.8700209093750001 0.9054467140625 0.875018875 0.9021354234375 0.8799380781249999 0.9029160375 0.8835365218750001 0.9056404921875
0 0.8559966578125 0.805230990625 0.8538444234375 0.8020918421875001 0.8492953156249999 0.7993269625 0.84549474375 0.8013558296875001 0.8431403796874999 0.80297000625 0.8388442640625 0.8054539953125 0.8370300468749999 0.8100435296875 0.8366216171874999 0.8151690359374999 0.8375381187500001 0.8227318421875 0.8401475609375 0.828557109375 0.8447370953125001 0.8303713234375 0.8484972421875 0.8292931187500001 0.8531251140625 0.8279660984375001 0.8580826546875 0.8256054734375 0.8602690515625 0.8212222421875 0.8616706593749999 0.8173770687499999 0.858521071875 0.80857644375 0.8559966578125 0.805230990625
0 0.42864433281250003 0.57044166875 0.4388446265625 0.5605731375 0.445263215625 0.5494744453125 0.4412361609375 0.54021371875 0.4322009578125 0.5374039078124999 0.4238607984375 0.539409653125 0.4113301734375 0.5507179125 0.4054430625 0.5612784484375 0.41533687812500003 0.5742575203125 0.42864433281250003 0.57044166875
0 0.3975519765625 0.4644013734375 0.3872290453125 0.476233859375 0.38827165468749997 0.48943642656249997 0.40374595312499995 0.490785615625 0.42222512187500005 0.48587255625000003 0.43655460156250003 0.47366272499999995 0.44360687812500005 0.462382325 0.4373721296875 0.45259737031249997 0.42304257187500005 0.45284872343749993 0.3995961046875 0.45957189062500003 0.3975519765625 0.4644013734375
0 0.336116425 0.3758417578125 0.329490428125 0.37384942187500003 0.3276728109375 0.3765600390625 0.3265255234375 0.37859190468750004 0.32637084843749997 0.38106895 0.3270798703125 0.3835416046875 0.3281369390625 0.3842115734375 0.32918112499999996 0.3863448515625 0.33383478125 0.3859835125 0.336773921875 0.3841676515625 0.3375860453125 0.3824751625 0.3375344703125 0.380787065625 0.336116425 0.3758417578125
0 0.357623503125 0.23454152499999997 0.356836659375 0.22908996093749998 0.35949780625 0.211295321875 0.35463804374999996 0.2011161046875 0.3485633734375 0.1934687921875 0.3476839453125 0.184986828125 0.3464342625 0.1779211515625 0.3449647234375 0.1687349859375 0.3439117734375 0.1664166734375 0.3330468453125 0.1610163578125 0.3357312046875 0.154132734375 0.33677254687499997 0.15099553906250002 0.33916763437499997 0.1431030984375 0.33923700625 0.1352224828125 0.3343772875 0.131812209375 0.3260232421875 0.1324608671875 0.31592203125 0.1351389859375 0.3070241703125 0.1365986421875 0.2929079390625 0.14151981875 0.28259848125000003 0.14753295625 0.27366593125 0.15293291874999998 0.269674078125 0.1593180453125 0.2665616109375 0.16741619375 0.276732325 0.1771642859375 0.280724265625 0.184317046875 0.2772994015625 0.1940332484375 0.266608125 0.2027761109375 0.27697540468750004 0.20779468125 0.2820318125 0.209183375 0.2825640671875 0.20968581249999999 0.2823789859375 0.2171629 0.2814071046875 0.2259573671875 0.290582721875 0.2335889109375 0.29374157031250003 0.24054384843749999 0.29451685156249996 0.24730884843749998 0.286903403125 0.25866281406249997 0.2910341765625 0.2635922296875 0.293718621875 0.27024649218749996 0.29875195 0.2810310015625 0.3067011 0.292507884375 0.3092813984375 0.297445184375 0.3124287296875 0.3124825015625 0.31823729375 0.3232630671875 0.324520215625 0.3275753640625 0.3276675 0.33584373749999996 0.3292874796875 0.34826206875 0.3339852828125 0.3632915015625 0.34428322499999997 0.3653607421875 0.3538753484375 0.366322253125 0.365307215625 0.3682846984375 0.37929621875 0.3710423734375 0.3897213859375 0.3654327640625 0.397242296875 0.3578173421875 0.4025416421875 0.35193070937500004 0.4085467625 0.340382865625 0.41116170625 0.3346109140625 0.41150878906250005 0.3290525546875 0.4123534015625 0.3211679953125 0.4114392859375 0.31662633906250004 0.41052508125 0.298546796875 0.4117862375 0.29076114999999997 0.41238786562499996 0.2833829734375 0.41330189375000004 0.27438674375 0.4100504609375 0.26440140625 0.40178895781249996 0.26131151875 0.395633353125 0.26285825625000003 0.384594946875 0.2703905375 0.3866083375 0.26793575937499997 0.387533971875 0.26439503750000004 0.387256259375 0.2620727828125 0.3841205796875 0.259259915625 0.37580122031249996 0.255968265625 0.366614084375 0.2564191 0.3591972765625 0.2589825421875 0.35791290937500003 0.255857175 0.3621940359375 0.250480865625 0.363235378125 0.24734367031249999 0.357623503125 0.23454152499999997
0 0.3303388453125 0.1068984234375 0.32336175312500004 0.11370284687500001 0.32331550625 0.118956590625 0.33186628281249997 0.1230552953125 0.3401855984375 0.11957800625 0.3406021 0.1129079734375 0.339155728125 0.1078638765625 0.336864703125 0.1039353953125 0.3321323015625 0.10638415781249999 0.3303388453125 0.1068984234375
0 0.31449844374999997 0.0909153640625 0.3216028515625 0.08996997343749999 0.3317156671875 0.0927473609375 0.338935784375 0.0922054984375 0.3447673828125 0.0868213078125 0.34386483125 0.0809662125 0.3429969640625 0.0711708125 0.3382066640625 0.0666488671875 0.32171842968750003 0.070066671875 0.315666928125 0.06656143125 0.307486446875 0.067815378125 0.2950479640625 0.0718187640625 0.283535159375 0.07905036875 0.2811631984375 0.08431593750000001 0.2791846609375 0.0923072921875 0.28263278125 0.10027105 0.2919125046875 0.1028506140625 0.3033906234375 0.099559315625 0.31449844374999997 0.0909153640625
0 0.330430990625 0.042239390625 0.3200520703125 0.042595256250000005 0.315377521875 0.0452457828125 0.31314439374999997 0.0482880078125 0.3139428015625 0.052426137500000004 0.3225977265625 0.058241807812500004 0.330905478125 0.05607795 0.33538329375 0.0486800640625 0.336829621875 0.046955215625000005 0.330430990625 0.042239390625
0 0.3240553953125 0.02135880625 0.33139117812499996 0.0144515296875 0.32722571718750004 0.013462421875 0.31523846875 0.013624409374999999 0.31260035625000004 0.015254290625 0.3146484015625 0.0196891515625 0.3240553953125 0.02135880625
0 0.2444855359375 0 0.2416487375 0.007431748437500001 0.2405843140625 0.019964759375 0.25061615000000004 0.025167253125 0.26256871406250004 0.028945571875 0.276569278125 0.0303898109375 0.2881052515625 0.027300278125 0.2984147109375 0.0212871390625 0.30528765468749997 0.0127657515625 0.310517540625 0.00122185 0.3110610921875 0 0.2444855359375 0
0 0.33912243750000004 0.48112667187499997 0.34395911875 0.4826693296875 0.3503881921875 0.480825821875 0.3566232109375 0.4783055703125 0.35913369375 0.474289953125 0.35588940468749997 0.46936113125 0.35187134531250003 0.4642879890625 0.3463033015625 0.45636355 0.337652384375 0.46067513125000004 0.3360599921875 0.46406129687500003 0.3362564875 0.46730070156250003 0.33912243750000004 0.48112667187499997
0 0.11607898750000001 0.6298701046875 0.0981428984375 0.622726675 0.0790611671875 0.6226693390625 0.0627423890625 0.63963519375 0.0759435359375 0.6561225859375 0.0956701125 0.6695101890624999 0.12143380468750001 0.678095046875 0.14736859062500002 0.6725013453125 0.1516214609375 0.6503947671875 0.1331991375 0.6378618281249999 0.11607898750000001 0.6298701046875
0 0.13524071875000002 0.609375 0.137940321875 0.61745820625 0.149021275 0.633939228125 0.1757615984375 0.6459299984375 0.2007197546875 0.636930384375 0.2026875796875 0.6179363375 0.18851035625 0.609375 0.13524071875000002 0.609375
0 0.490625 0.8991050156249999 0.4845150421875 0.8989616687499999 0.4659195453125 0.9042938406250001 0.4592251015625 0.9178856390625001 0.4681921046875 0.9233006296875 0.48580473125 0.9256222031249999 0.490625 0.9200145125000001 0.490625 0.8991050156249999
0 0.463525828125 0.810988340625 0.4411761796875 0.82169728125 0.4320318375 0.841520509375 0.44344249687500004 0.8517637296875 0.458776321875 0.8461381734375 0.47590687656249997 0.8356971296875001 0.482442709375 0.8141645765625001 0.463525828125 0.810988340625
0 0.34916907343750003 0.8628237203125 0.38553372812500003 0.8714404312499999 0.41212168125000004 0.8644307843749999 0.4132694078125 0.8536581359375001 0.389304525 0.8365712390625 0.3596259921875 0.82910894375 0.3325476421875 0.8381021875 0.3317275421875 0.8463235859375 0.34916907343750003 0.8628237203125
0 0.39178355468750004 0.7787280640625001 0.379701 0.8030797671875 0.3992689671875 0.8085266125 0.42455682968749997 0.7932891953125 0.4182108171875 0.7674642125 0.39178355468750004 0.7787280640625001
0 0.43129288906249996 0.7059663390625001 0.42867605781250007 0.7190032234375 0.4433525546875 0.7221667203125001 0.4580332109375 0.717957109375 0.4671754703125 0.7018204328125 0.45559995937500003 0.694696115625 0.43129288906249996 0.7059663390625001
0 0.3355274703125 0.7598426500000001 0.3316230328125 0.7425324484375 0.3055275546875 0.7438719453125 0.300627759375 0.7563348078125001 0.303067253125 0.7685361421875 0.3208468125 0.7640522609375 0.3355274703125 0.7598426500000001
0 0.379922034375 0.7004239343750001 0.406351378125 0.6854735265625 0.40619901093750005 0.6664731109375001 0.37407266093749997 0.66155569375 0.34340293125 0.6764933578125001 0.333615828125 0.6792997640625 0.30784589375000004 0.6817745656249999 0.2737537984375 0.6921646421875 0.2584158125 0.7051633046875 0.2562893796875 0.7162165921875 0.28123921093750004 0.7219631890625 0.30244321875 0.71834034375 0.3267461265625 0.714443228125 0.3544755640625 0.7077205921874999 0.379922034375 0.7004239343750001
0 0.490625 1 0.490625 0.9826379203125001 0.479266753125 0.982350971875 0.4622354203125 0.981929390625 0.4535621390625 0.9771217109375 0.44458689375000005 0.9770427015625 0.430833525 0.9707075187499999 0.43524917343749997 0.9641361140625 0.4469730421875 0.9541428 0.446177928125 0.9467445171875 0.4278715984375 0.9407201421875 0.418195728125 0.94051045625 0.403966896875 0.9406115796875 0.397314271875 0.9428507671874999 0.3894383171875 0.9477617796875 0.3831843546875 0.9548603124999999 0.38309871093750003 0.956874334375 0.3871739984375 0.960679425 0.3944910625 0.966539146875 0.38968338281250003 0.9752124296875 0.383692984375 0.9832301187500001 0.37385246250000004 0.9940097 0.374709990625 1 0.490625 1
0 0.3227163078125 0.6612424984375 0.33139661875000004 0.655291184375 0.33467603437500004 0.642579096875 0.3311407234375 0.6266276875 0.3277487890625 0.6172134890625001 0.32486255937499997 0.6107703250000001 0.3228947984375 0.609375 0.2747851296875 0.609375 0.2755359359375 0.6114116390625 0.27691197968750003 0.616210475 0.27696593125 0.624850690625 0.2703886265625 0.6308914296875 0.262256425 0.636339346875 0.2566859125 0.6434763046875001 0.25751846718750004 0.653624396875 0.269333975 0.675510953125 0.2734035375 0.6764213890625 0.2818132578125 0.6743561687499999 0.287160203125 0.6724767296875 0.2980845890625 0.670729121875 0.30855029375 0.6673819015625 0.3227163078125 0.6612424984375
0 0.11396232656250001 0.8549820531250001 0.11741759843749999 0.8622384593750001 0.11749510468749999 0.8800851421875 0.12730393281250002 0.8887269359375001 0.126478590625 0.9114142812500001 0.1167503234375 0.9238255359374999 0.11773373281249999 0.9400379265625001 0.12331806249999999 0.9595127953125001 0.12998580937499998 0.973178871875 0.142328728125 0.9746795468749999 0.1584166640625 0.97006640625 0.1693619703125 0.96509518125 0.1799430828125 0.9588538546875001 0.18925409375 0.9529767250000001 0.19850593593750002 0.9484910937500001 0.2058031765625 0.9244061390624999 0.2008911234375 0.912069334375 0.182132421875 0.90736840625 0.188234015625 0.89828796875 0.18864210312500002 0.88213475 0.183780053125 0.8587873546875 0.191453715625 0.84879795625 0.1911334125 0.8301045374999999 0.17485268437499998 0.8228603546875 0.16776768125 0.8157284031250001 0.1632759390625 0.8000638359375 0.1676748953125 0.7818499 0.169953965625 0.7610365906250001 0.1638870984375 0.7430746187499999 0.1539599265625 0.737215825 0.137694478125 0.7460034609374999 0.1365988375 0.738986796875 0.1362132515625 0.71527215 0.12579437499999999 0.701307159375 0.108128259375 0.7004165328124999 0.10141356406249999 0.700967409375 0.0882300234375 0.7061222609375 0.088123903125 0.7217307125 0.09412548750000001 0.73467145625 0.1023030765625 0.7456137078125 0.1082454890625 0.7599459484375 0.1131044828125 0.78008698125 0.11892549687500001 0.79399585625 0.11573746874999999 0.8132370953124999 0.1052185828125 0.8212932859375 0.0875646890625 0.833228115625 0.0822506609375 0.84345725625 0.091520834375 0.85820980625 0.10023096718749999 0.8566285703125001 0.11396232656250001 0.8549820531250001