0 0.608772715625 0.9932423484375 0.6220123453124999 0.98639948125 0.6261895 0.9707625640625 0.6192652234375 0.9535828828125 0.6116146640625 0.95005598125 0.603052890625 0.951592975 0.5957180953125001 0.9498082374999999 0.583439303125 0.9510200359375001 0.5695681453125 0.954378571875 0.5637805859375 0.9670170312499999 0.5701229578125 0.9801452078124999 0.5774757875 0.9870751421874999 0.587765246875 0.992547459375 0.597572040625 0.9928339296875001 0.608772715625 0.9932423484375
0 0.57608198125 0.9280873375 0.583218290625 0.9321407625000001 0.5917484828124999 0.9363161375000001 0.59918251875 0.9369665312500001 0.6106313 0.9345390890624999 0.61016218125 0.9184956765625 0.6053805921875 0.9089331312500001 0.6024259265625 0.9052455515625001 0.5920868484375 0.9003404078124999 0.5774849203125 0.90134895625 0.5671999515625 0.9118794046875 0.57012303125 0.92127935 0.57608198125 0.9280873375
0 0.5917576875 0.791724096875 0.5834440171875 0.7904252296875 0.5806207875 0.790988834375 0.5761272625 0.7937856875 0.5734071578125 0.7981198171874999 0.57227941875 0.8003072046874999 0.5713682015625 0.8053711031249999 0.572117009375 0.8128662875 0.577976715625 0.8208086187499999 0.5875751499999999 0.8253193359375001 0.5997149546875 0.8238534921875 0.6022185375 0.81664285625 0.6032786171875 0.8098774421874999 0.603459065625 0.8024635578125 0.6020967671874999 0.796629240625 0.5977482203125 0.7928197124999999 0.5917576875 0.791724096875
0 0.5975079953125 0.5503878046875 0.575185365625 0.5430266671874999 0.5385185171875 0.53711465625 0.51291000625 0.5423104203125 0.4930505171875 0.5567974078125 0.49513633125 0.5609375 0.6077646796875 0.5609375 0.6049293015625 0.5530651421874999 0.5975079953125 0.5503878046875
0 0.6054894609375 0.48416014374999994 0.62476200625 0.47638199999999997 0.6308642171875001 0.456635284375 0.6197471796875 0.44619839375000003 0.6135286 0.44227424062500004 0.5966326875 0.43538788124999994 0.574133978125 0.4300394015625 0.5483792421875 0.42440605624999994 0.512915121875 0.41724723125 0.4934664953125 0.42703802968750004 0.50188459375 0.4433229703125 0.51784139375 0.46094348125 0.5355291765625 0.47127921875 0.5559745921875 0.47509601874999996 0.582697278125 0.4821660859375 0.6054894609375 0.48416014374999994
0 0.6571316671874999 0.118895503125 0.6443433640625 0.0900598671875 0.6223430515625 0.0915151875 0.5916599984375 0.092210865625 0.5825952375 0.10831829374999999 0.5988156484375 0.1354261421875 0.6208447984375 0.1461416984375 0.6501201984375 0.1365346109375 0.6571316671874999 0.118895503125
0 0.6041887796875 0.0115086125 0.5930120249999999 0.026755246875 0.592247971875 0.060489382812500006 0.6115194890625 0.077723875 0.640706334375 0.0816294296875 0.6583951421875 0.06695253125 0.6534977093750001 0.03542715625 0.648305778125 0.0322688421875 0.643026315625 0.017610535937499998 0.6409441859375 0.0039079812499999995 0.6124905093749999 0.0041226843749999995 0.6041887796875 0.0115086125
0 0.3703125 1 0.3703125 0.980008759375 0.345860021875 0.9755203234375 0.33712832187499997 0.975875203125 0.332276775 0.981604175 0.3276572796875 0.994625684375 0.3260808375 1 0.3703125 1
0 0.239391528125 0.503722484375 0.25488137499999997 0.506797303125 0.2630271125 0.5013192859375 0.2709890578125 0.49307377812500003 0.27426704062499996 0.4799474328125 0.26574447343749996 0.470259715625 0.2441280796875 0.469056378125 0.2335749578125 0.4825780125 0.236940409375 0.49766128906249996 0.239391528125 0.503722484375
0 0.2513276484375 0.13848507968749998 0.25221674374999997 0.1526638484375 0.249892203125 0.1841017140625 0.249308853125 0.2053741171875 0.24686024374999999 0.23336186093750003 0.24780905937500003 0.246858003125 0.25183607812500003 0.25924775 0.2473842640625 0.2760545875 0.24412015468749998 0.303627059375 0.25412441406249997 0.3158518921875 0.26765479375 0.3218506171875 0.282508309375 0.322462278125 0.29355308281250003 0.31792574687499997 0.3018733609375 0.305584471875 0.303763859375 0.29371244218750003 0.3071015640625 0.27990346875 0.31649684218749996 0.2552748921875 0.3165725515625 0.239804825 0.3134598625 0.2364371625 0.31306704375 0.2360588671875 0.3085576234375 0.2243147703125 0.30791204375 0.2122208640625 0.3088629734375 0.1964834421875 0.311385178125 0.182259196875 0.3100389203125 0.163569384375 0.31034889374999997 0.14055343125 0.3198636171875 0.11455959687499999 0.3239570984375 0.101848525 0.3336556109375 0.07862218125 0.3368141484375 0.06686109375 0.3292769984375 0.0459100171875 0.3141799703125 0.0432134921875 0.304557165625 0.0509697671875 0.30021554687499996 0.0567806 0.29423830624999997 0.0569455140625 0.27778827968750003 0.059977365625 0.26623124374999996 0.06550085781250001 0.2595074765625 0.07419862031249999 0.25722878437499996 0.09050773125 0.25495934062500003 0.1164475921875 0.2513276484375 0.13848507968749998
0 0.27836706875 0 0.275775128125 0.010595460937499999 0.278738546875 0.0176117875 0.2892311203125 0.0248893546875 0.2990924921875 0.0257521125 0.3046148609375 0.026235257812500003 0.3128490625 0.022980915625 0.3167442609375 0.019346959375 0.3200921203125 0.0128827984375 0.3239379671875 0.0052697828125 0.3268864984375 0 0.27836706875 0