0 0.048407025 0.396947109375 0.04994401875 0.3883853359375 0.0464171171875 0.3807347765625 0.0292374359375 0.3738105 0.013600518750000002 0.3779876546875 0.0067576515625 0.391227284375 0.0071660703125 0.40242795937500003 0.007452540624999999 0.412234753125 0.012924857812500001 0.42252421250000005 0.0198547921875 0.4298770421875 0.03298296875 0.43621941406250003 0.045621428125 0.4304318546875 0.0489799640625 0.41656069687499997 0.0501917625 0.40428190468749997 0.048407025 0.396947109375
0 0.06303346875 0.40081748125 0.0636838625 0.4082515171875 0.0678592375 0.41678170937500003 0.0719126625 0.42391801874999996 0.07872065 0.42987696875000003 0.08812059531250001 0.4328000484375 0.09865104375 0.4225150796875 0.0996595921875 0.40791315156249996 0.0947544484375 0.3975740734375 0.09106686875 0.3946194078125 0.0815043234375 0.38983781875 0.0654609109375 0.3893687 0.06303346875 0.40081748125
0 0.1871337125 0.427882990625 0.194628896875 0.4286317984375 0.1996927953125 0.42772058125 0.2018801828125 0.42659284218750004 0.2062143125 0.4238727375 0.209011165625 0.4193792125 0.2095747703125 0.41655598281249995 0.20827590312500002 0.4082423125 0.2071802875 0.40225177968750003 0.203370759375 0.3979032328125 0.1975364421875 0.39654093437500004 0.1901225578125 0.39672138281249997 0.18335714375 0.3977814625 0.17614650781250002 0.40028504531250003 0.1746806640625 0.41242485 0.17919138125 0.422023284375 0.1871337125 0.427882990625
0 0.44693485781250003 0.3950706984375 0.4390625 0.3922353203125 0.4390625 0.50486366875 0.44320259218749997 0.5069494828125001 0.4576895796875 0.48708999375 0.46288534375 0.46148148281249995 0.4569733328125 0.424814634375 0.44961219531249996 0.40249200468749996 0.44693485781250003 0.3950706984375
0 0.5699605984375 0.425866021875 0.5646121187500001 0.4033673125 0.557725759375 0.3864714 0.55380160625 0.3802528203125 0.543364715625 0.36913578281250004 0.523618 0.37523799375 0.5158398562500001 0.3945105390625 0.5178339140625 0.41730272187499995 0.52490398125 0.4440254078125 0.52872078125 0.4644708234375 0.53905651875 0.48215860624999995 0.5566770296875 0.49811540625 0.5729619703125 0.5065335046875 0.58275276875 0.487084878125 0.5755939437500001 0.4516207578125 0.5699605984375 0.425866021875
0 0.8634653890624999 0.3498798015625 0.8538583015625001 0.37915520156250004 0.8645738578125 0.40118435156250004 0.89168170625 0.4174047625 0.907789134375 0.4083400015625 0.9084848125 0.3776569484375 0.9099401328125 0.3556566359375 0.881104496875 0.3428683328125 0.8634653890624999 0.3498798015625
0 0.9395106171875 0.407752028125 0.9732447531249999 0.406987975 0.9884913875000001 0.3958112203125 0.995877315625 0.387509490625 0.99609201875 0.3590558140625 0.9823894640624999 0.356973684375 0.9677311578125 0.351694221875 0.9645728437500001 0.34650229062500004 0.9330474687500001 0.3416048578125 0.9183705703125 0.359293665625 0.922276125 0.38848051093749997 0.9395106171875 0.407752028125
0 0 0.6739191625000001 0.005374315625 0.6723427203125001 0.018395824999999998 0.667723225 0.024124796875 0.6628716781249999 0.0244796765625 0.654139978125 0.019991240625 0.6296875 0 0.6296875 0 0.6739191625000001
0 0.496277515625 0.760608471875 0.5023387109375 0.763059590625 0.5174219875 0.7664250421875 0.530943621875 0.7558719203125001 0.529740284375 0.7342555265625 0.5200525671875 0.7257329593749999 0.5069262218749999 0.7290109421875 0.49868071406250003 0.7369728875 0.49320269687499996 0.745118625 0.496277515625 0.760608471875
0 0.9567865078125 0.6858200296875 0.9540899828124999 0.6707230015625 0.93313890625 0.6631858515625 0.9213778187500001 0.6663443890625 0.898151475 0.6760429015625 0.885440403125 0.6801363828125 0.8594465687499999 0.68965110625 0.8364306156250001 0.6899610796875 0.817740803125 0.688614821875 0.8035165578125 0.6911370265625 0.7877791359375 0.69208795625 0.7756852296875001 0.6914423765625 0.7639411328125 0.68693295625 0.7635628375 0.6865401375 0.760195175 0.6834274484375 0.7447251078125 0.6835031578125 0.7200965312500001 0.6928984359375 0.7062875578125001 0.696236140625 0.694415528125 0.6981266390624999 0.6820742531249999 0.7064469171875001 0.677537721875 0.717491690625 0.6781493828125 0.73234520625 0.6841481078125 0.7458755859374999 0.696372940625 0.7558798453125 0.7239454125 0.7526157359375001 0.74075225 0.748163921875 0.7531419968749999 0.752190940625 0.7666381390625 0.75313975625 0.7946258828125 0.750691146875 0.8158982859374999 0.750107796875 0.8473361515625 0.74778325625 0.8615149203125 0.7486723515625 0.8835524078124999 0.7450406593750001 0.90949226875 0.742771215625 0.9258013796875 0.7404925234374999 0.9344991421875 0.73376875625 0.9400226343750001 0.7222117203125 0.9430544859375001 0.70576169375 0.9432194 0.699784453125 0.9490302328125001 0.695442834375 0.9567865078125 0.6858200296875
0 1 0.6731135015625 0.9947302171875 0.6760620328125 0.9871172015624999 0.6799078796875 0.9806530406249999 0.6832557390625 0.977019084375 0.6871509375 0.9737647421875 0.6953851390625 0.9742478875 0.7009075078125 0.9751106453125 0.7107688796875 0.9823882125000001 0.721261453125 0.9894045390624999 0.724224871875 1 0.72163293125 1 0.6731135015625