0 0.9386351734374999 0.7607283890625001 0.9408720828125 0.769798390625 0.945796140625 0.7722415453125 0.955552996875 0.7736127828125 0.969689390625 0.7729728359375 0.9753668718749999 0.7658906937500001 0.9754860296875 0.7567140343750001 0.9750621765625 0.7514010921875001 0.967932134375 0.7438323125 0.9504124781250001 0.7435589921875 0.940143534375 0.7499958453125 0.9386351734374999 0.7607283890625001
0 0.8766255562499999 0.78134484375 0.8747846015625 0.79027951875 0.8859321734375 0.7984129265625 0.89713856875 0.7977989765625 0.9027263046874999 0.7955198125 0.9048395203125 0.7888123078125 0.9050499359374999 0.7831507234374999 0.9039314812500001 0.778615725 0.8955034921875 0.7761179031250001 0.8878613640624999 0.7763572171875001 0.8766255562499999 0.78134484375
0 0.8295381921875 0.804058484375 0.8238576875 0.7945045187499999 0.8144025031250001 0.790986771875 0.8033477 0.794686496875 0.791720475 0.8066236124999999 0.8028077124999999 0.815186321875 0.8182435625 0.81779346875 0.8276972359375 0.8129931593749999 0.8295381921875 0.804058484375
0 0.7741729187499999 0.8190420234375001 0.7634786109375 0.8118478828125 0.7475600859375 0.812675146875 0.7375030671875 0.8217684734375 0.7434558328125 0.8335496093750001 0.75795574375 0.8386519078125 0.7715785390625001 0.8375019968749999 0.776773346875 0.83385426875 0.7741729187499999 0.8190420234375001
0 0.871067434375 0.40803752031249996 0.8651212390625 0.40542480625 0.8592827890624999 0.4057889515625 0.8562541640625 0.40862119375 0.857991321875 0.41123470781250004 0.8614395281249999 0.41290400624999996 0.8678347203125 0.412321934375 0.8717319234375 0.41079645 0.871067434375 0.40803752031249996
0 0.8771298140624999 0.33869689687500004 0.885629525 0.3381144234375 0.8928818953125001 0.3314332203125 0.8944035609375 0.3280930203125 0.8934941656250001 0.3270766984375 0.8873585875 0.3220679984375 0.8791446015625001 0.32061742656250003 0.870930615625 0.3191668546875 0.8630692812499999 0.31895052968750004 0.8533744484374999 0.320549725 0.84919151875 0.324108253125 0.852190728125 0.32897233593749997 0.8586789578125 0.3352152828125 0.8621271625 0.3368845828125 0.8682774484375001 0.3380451203125 0.8771298140624999 0.33869689687500004
0 0.8933669234374999 0.2980340125 0.8780671453125001 0.29084885312500003 0.8739544499999999 0.286420621875 0.8670172218750001 0.283372459375 0.8603510125 0.28213941249999996 0.849271671875 0.28235934375 0.8489451296875 0.284682821875 0.8463769046875 0.2917261671875 0.846959759375 0.29506596875 0.85404555 0.3008005546875 0.8598284734374999 0.30457500625 0.8662905953125 0.3072602265625 0.8745045812500001 0.3087107984375 0.8814157 0.30820123593750004 0.8938126140625 0.306093278125 0.8987971937499999 0.30057421562500003 0.8933669234374999 0.2980340125
0 0.8780068312499999 0.2650734609375 0.8687756999999999 0.2596297109375 0.86437728125 0.25723452343750003 0.8550089921874999 0.256510240625 0.8495231953125 0.2581086328125 0.8507852437500001 0.2603592015625 0.8526040390625 0.2623918453125 0.8561191718750001 0.2673284375 0.861969021875 0.27437018125 0.8687837953124999 0.27828964843750004 0.8742140656249999 0.28082985312500003 0.8821015093750001 0.284603903125 0.8894060984375001 0.285038153125 0.8964804890625 0.28336685156249997 0.8980837906250001 0.2794457796875 0.8974601203124999 0.27639641406250004 0.895845415625 0.272911596875 0.8920853765625001 0.26971761562499996 0.8854599828125 0.268194134375 0.8799480781250001 0.26623479843750003 0.8780068312499999 0.2650734609375
0 0.8820349249999999 0.1877464796875 0.8769573078124999 0.186440525 0.8654992078125 0.1818684796875 0.85656520625 0.1817975734375 0.8485406 0.1827429875 0.8487969109375 0.1884062671875 0.8498809812499999 0.1956667390625 0.8554189953125 0.2011838 0.8606043578125 0.2054666109375 0.8661831921875001 0.2106932375 0.87165428125 0.21294300625 0.880384190625 0.2144660859375 0.8845115953124999 0.2150461546875 0.8989052828125 0.20996094062499998 0.9062653984375 0.2062565953125 0.9113577218750001 0.2037143890625 0.918038640625 0.20109927343749998 0.922941584375 0.19616107968750002 0.9193039984375 0.1920957921875 0.9182052203125 0.188683484375 0.9154362125000001 0.185924953125 0.9105626843750001 0.1831668234375 0.90385565625 0.1822242125 0.8990490578125 0.1827333734375 0.8906979078124999 0.18600226875 0.8820349249999999 0.1877464796875
0 0.86330495625 0.163789809375 0.868694409375 0.16662044843749999 0.8762700156250001 0.168869815625 0.8816333578125001 0.1681427265625 0.8824497171875001 0.1623340296875 0.8797362359375 0.155436903125 0.87657375625 0.151734559375 0.8686454953125 0.14825094375 0.8591547515625001 0.1483979640625 0.8509260578125 0.15079555312499998 0.8519023812500001 0.1550791671875 0.8559334375000001 0.16008826874999998 0.86330495625 0.163789809375
0 0.888923021875 0.392650575 0.889467734375 0.385929628125 0.8867717265625 0.3823519046875 0.8847857546875 0.37087691093749997 0.88734611875 0.3640393921875 0.8913223078125 0.36419835625 0.9064852406250001 0.358732159375 0.910840821875 0.3533465015625 0.9106500687500001 0.3433233671875 0.9063305203124999 0.33991732343750003 0.8958050640625 0.3408371859375 0.8910510171875 0.343367871875 0.8875284000000001 0.345671771875 0.8773950515625 0.346646740625 0.8724205749999999 0.350745859375 0.8660917375 0.350256253125 0.858807003125 0.348032890625 0.8490042984375 0.346655209375 0.8382520546875 0.346343640625 0.8342334749999999 0.3521765125 0.8337989734375 0.35811324375 0.8352148015624999 0.365109725 0.8401532421875 0.36980230937499997 0.8432964671875001 0.37304303125 0.8436525406250001 0.3818898421875 0.8405771390625001 0.383856740625 0.8278219640625 0.3892614703125 0.8298015781249999 0.3979366015625 0.833447125 0.4004482140625 0.8398925359374999 0.40295346875 0.847060696875 0.4031611828125 0.852709175 0.3999564953125 0.8610536625 0.40032952968749996 0.8634063109375001 0.4006601734375 0.8694532562499999 0.40031045625 0.8797519265625 0.3981591640625 0.8842304375 0.39758901875 0.888923021875 0.392650575
0 0.8650037125000001 0.24456571093749999 0.8695149375 0.24664056875 0.8745302374999999 0.2485461296875 0.8813632671875 0.2511874390625 0.88513110625 0.251716975 0.8908490609375 0.2520402984375 0.8996576609375 0.2508768515625 0.905842775 0.249584840625 0.9076452312500001 0.24359448437500003 0.9033211265625001 0.23506210625 0.8946741875 0.2333665765625 0.888956234375 0.23304325312500002 0.8830689843749999 0.23221585312499998 0.8747530046875 0.2281654234375 0.8660984296875001 0.223106840625 0.8629263171874999 0.21833848437499997 0.8590515515625 0.21515236718750003 0.8516444375000001 0.21146980937499998 0.8458271953125 0.21185295625 0.8456808062500001 0.22143803750000002 0.8462994453125001 0.22728837343750002 0.8494053656249999 0.232527709375 0.851966478125 0.23480877968749997 0.8560105421875001 0.23849897343749998 0.8601207953125 0.24171818906250003 0.8650037125000001 0.24456571093749999
0 0.3307571671875 0.4955965671875 0.3467454875 0.4947164296875 0.368120784375 0.48521194687499997 0.3770415734375 0.47520795624999995 0.3766968984375 0.4657780734375 0.37465222656249997 0.4609375 0.3055935078125 0.4609375 0.30688271875 0.46347148125000004 0.31610493281249996 0.48102874375000004 0.3307571671875 0.4955965671875
0 0.3575190109375 0.5250002968749999 0.3647159921875 0.5153794671874999 0.3538130140625 0.5038402890625 0.3313604296875 0.5031865 0.3250684546875 0.5123090875 0.326059546875 0.5230806734375 0.34109971093749997 0.5289470109375001 0.3575190109375 0.5250002968749999
0 0.3664275546875 0.5546963890625001 0.3612847359375 0.549030753125 0.339180665625 0.5419699421875 0.3339696390625 0.5461804375 0.33533191093750003 0.5552690375 0.33563833125000003 0.567174965625 0.33969120468749997 0.580595990625 0.3491594671875 0.588352384375 0.3467411859375 0.6008639484375 0.356311590625 0.6125889828125 0.37398807343749996 0.6135903921875 0.38597675625 0.6128038640625 0.38716885 0.6090171125 0.39173275625000004 0.604715671875 0.39193712187499996 0.603261534375 0.3922437140625 0.596384621875 0.3829458 0.5827207375000001 0.36819847031249997 0.5702681328125 0.3669723640625 0.5696015296875 0.3664275546875 0.5546963890625001
0 0.4027666515625 0.7328035625 0.3898242578125 0.7403760578125 0.38382978749999996 0.7548564484375 0.3955118046875 0.7703382546875 0.40116541093749997 0.7864556765625 0.41097419999999996 0.8011799312500001 0.4235417953125 0.81036048125 0.4404689421875 0.816693721875 0.45525045468750003 0.8148168421875001 0.46812472656250004 0.8077290578125 0.4728930828125 0.7925820578125 0.4732678828125 0.7758290140625 0.47197373125000003 0.7662557015625 0.4667968953125 0.7561367140625 0.4550126578125 0.746077690625 0.44132109062499997 0.740199175 0.42613093125 0.7355929125 0.4084204265625 0.7301381484375 0.40886317656250004 0.7316832265625 0.4027666515625 0.7328035625
0 0.3645878484375 0.61474070625 0.36114781875 0.6251315281250001 0.36199921874999996 0.6331597625 0.3669035703125 0.6452175953125 0.3707180546875 0.655639403125 0.3703432625 0.6723924515624999 0.3668351109375 0.6832679859375 0.3662560328125 0.6920837484375 0.3790960359375 0.708716865625 0.397828278125 0.7162923703125 0.41158813437499997 0.70290333125 0.4126099609375 0.695632653125 0.41100930625 0.6835448328125 0.4056281890625 0.6654885625 0.40634350625 0.655703378125 0.4108052765625 0.6474332921875 0.4081487765625 0.6381627984375 0.39207320156250003 0.62107495 0.38103821875 0.6150755109375 0.3713314890625 0.61371131875 0.3645878484375 0.61474070625
0 0.4408316859375 0.8855510390625 0.45509949687500006 0.8907665687499999 0.4693304796875 0.8911614453125001 0.47062098125 0.87689636875 0.46925691875000003 0.8713541265625 0.4657913953125 0.8655165468750001 0.4469888703125 0.8569884312499999 0.4435601703125 0.8559715062500001 0.43644463437500003 0.8608570703125 0.43080381093750003 0.8654148421875 0.4311355078125 0.87830274375 0.4408316859375 0.8855510390625
0 0.43876686718749996 0.9104083609375 0.4398728796875 0.912704015625 0.44462881875000004 0.9144425249999999 0.45023272031249995 0.9152301015625 0.455836628125 0.9160176796874999 0.461403709375 0.9119846031250001 0.4605189125 0.9081148765625 0.45591045937499997 0.9053269875 0.4456243546875 0.9022762078125 0.43876686718749996 0.9104083609375
0 0.5116706875 1 0.5060130921875 0.99102131875 0.50649245 0.9825278296875 0.5081515624999999 0.975805309375 0.5088154046875 0.950751090625 0.49657541250000004 0.9361895875 0.47589255625 0.93595806875 0.4611822140625 0.94405668125 0.460370978125 0.9599942765625 0.4600021890625 0.9727837296875 0.45565168749999996 0.98340843125 0.45454558125 0.9912787796875 0.45567346875 1 0.5116706875 1