0 0.0638954421875 0.2759859078125 0.07649274843750001 0.2555570921875 0.07098795937499999 0.2063304046875 0.0573428546875 0.1742878453125 0.03976718125 0.16295867656250002 0.0234125515625 0.170361646875 0.0168666609375 0.1873500078125 0.0234764484375 0.2323948625 0.0451357265625 0.25940725 0.0638954421875 0.2759859078125
0 0.2343176609375 0.3758179875 0.239589071875 0.3364200765625 0.234208425 0.311808565625 0.22650091562500002 0.2984340296875 0.21717983749999997 0.3021057296875 0.20997551250000002 0.31478399375 0.20733980624999998 0.3344829484375 0.206340778125 0.345556890625 0.20521358906249998 0.358331375 0.20566740156250002 0.3784933921875 0.21076861875000003 0.398084778125 0.22366244218750003 0.4015560515625 0.23273035156250002 0.390333784375 0.2343176609375 0.3758179875
0 0.14420270156249998 0.391094740625 0.14937955625 0.4140464671875 0.161353140625 0.4210003515625 0.17024036250000002 0.4165395125 0.1834693 0.4090183640625 0.176557021875 0.3829101015625 0.167574209375 0.364637721875 0.158358184375 0.35818765468749997 0.14962538593750002 0.358417503125 0.1440545875 0.3734224078125 0.14420270156249998 0.391094740625
0 0.1580009921875 0.44584171093749997 0.15929940625 0.45916077812499995 0.163634809375 0.47800378749999994 0.1730546328125 0.4861136421875 0.18340100312500002 0.4688375609375 0.18639177499999998 0.45751906406250004 0.18675314999999998 0.4439962015625 0.1851458875 0.43913911250000004 0.1792494390625 0.432281453125 0.173451734375 0.4372053546875 0.1649983671875 0.44245532499999995 0.1580009921875 0.44584171093749997
0 0.293077325 0.35765193281249996 0.2888406640625 0.35059048125 0.282970478125 0.341202378125 0.2698928125 0.3554442 0.2646045984375 0.3645175671875 0.25592117187499996 0.37063819374999996 0.2546889328125 0.39353445 0.2583341578125 0.4149894203125 0.27035711562500003 0.427834084375 0.2839705359375 0.415211290625 0.290714740625 0.4042743390625 0.298911784375 0.4024254625 0.303000328125 0.39181458281250003 0.30257278125 0.36912212499999997 0.293077325 0.35765193281249996
0 0.203203296875 0.520072390625 0.20263088125 0.5131239015625 0.1976112859375 0.5088270890625 0.19393083125 0.5085771171875 0.194098003125 0.5190847484375001 0.19467042031249998 0.526033234375 0.199008190625 0.53392315 0.201179703125 0.52874338125 0.203203296875 0.520072390625
0 0.18366564999999999 0.55563435625 0.18450775156250002 0.5597462515625 0.1848778125 0.5613869328125001 0.1882625140625 0.5656081640624999 0.188553240625 0.565387575 0.19101064843749999 0.5618985000000001 0.1912803109375 0.557228571875 0.1884712046875 0.5508290171875 0.1852773140625 0.5495350593749999 0.183705075 0.5518357515625001 0.18366564999999999 0.55563435625
0 0.256951634375 0.522187271875 0.2565799953125 0.5260266671875 0.261318259375 0.533032409375 0.26594298437499997 0.5349937375 0.2679000078125 0.52758745 0.2682338 0.5220665859375 0.26537370312499997 0.515251765625 0.2618607421875 0.5127323984375 0.25775904375 0.5136575515625 0.256951634375 0.522187271875
0 0.32649929218749996 0.5365446453125 0.3256639234375 0.524105628125 0.32177289062500003 0.5163664828125001 0.31699093437500003 0.5070068546875001 0.3095718125 0.505755465625 0.3054397078125 0.5157771343750001 0.30492359687500004 0.532706778125 0.310530675 0.5445599046875 0.31659669687499997 0.5559242125 0.32227118906249996 0.5612820296875001 0.3260220078125 0.5551993953125 0.32763666874999997 0.54721670625 0.32649929218749996 0.5365446453125
0 0.339971484375 0.5941386625 0.3401046921875 0.5867703421875 0.338508371875 0.576587096875 0.33768324843749997 0.5740936 0.3339761140625 0.5650344671875 0.32840462656249997 0.56615103125 0.325676315625 0.5721081171875 0.3281096234375 0.5891080875 0.3338887390625 0.595318 0.3386857953125 0.5977562734374999 0.339971484375 0.5941386625
0 0.25753382187499996 0.676482984375 0.25773354375 0.6796875 0.2733921953125 0.6796875 0.2738955875 0.668851921875 0.2683408203125 0.657424840625 0.261799134375 0.6590929984375 0.257643303125 0.66046820625 0.2562395078125 0.6645327875 0.25753382187499996 0.676482984375
0 0.22766103593749998 0.624794928125 0.22041232968750002 0.6235226140625 0.2148527046875 0.6289624015624999 0.21499291875 0.6427841812499999 0.218895815625 0.654846553125 0.22348200468749999 0.6612029374999999 0.2277289765625 0.66197888125 0.23122309687499998 0.636899146875 0.22766103593749998 0.624794928125
0 0.07304659531249999 0.06187305625 0.074098565625 0.0551899640625 0.06831391249999999 0.038579139062500004 0.06324729999999999 0.0415419265625 0.061698534375 0.0487541578125 0.0633406984375 0.062128515625000005 0.0700786671875 0.069727678125 0.07304659531249999 0.06187305625
0 0.1374606203125 0.3348466078125 0.138286084375 0.3263187765625 0.1315919015625 0.31450100000000003 0.1259298375 0.3156643546875 0.12330341874999999 0.3202000734375 0.126989390625 0.3319190765625 0.1319538390625 0.3387997203125 0.1374606203125 0.3348466078125
0 0.122956646875 0.34177698749999996 0.120857965625 0.33688515625000004 0.11592095468750001 0.333278109375 0.1131392515625 0.3350240703125 0.1142315 0.3362943734375 0.113164934375 0.34438366875000004 0.1143540890625 0.3540685515625 0.1184527953125 0.3615236328125 0.12265366250000001 0.3591352796875 0.12484166562500001 0.3495038734375 0.122956646875 0.34177698749999996
0 0.13500418281249998 0.208670240625 0.129019209375 0.22294636250000002 0.1270965859375 0.2309202921875 0.1251293359375 0.24115657812500002 0.1290573953125 0.260018928125 0.134434459375 0.2696758578125 0.1419235109375 0.275526946875 0.15923111875 0.274691484375 0.1647645859375 0.2672414296875 0.1692728171875 0.25669315 0.1703374578125 0.24173152656250002 0.176773534375 0.23900680937500002 0.1883804203125 0.24951086875 0.1983493421875 0.2466747828125 0.20547654999999998 0.23644975625 0.2009856140625 0.22088062812499998 0.1925046953125 0.21482891406250001 0.1862025046875 0.2107665625 0.1776604765625 0.1963396671875 0.1706563015625 0.18656011249999999 0.1655968578125 0.176864184375 0.1508137484375 0.1667501171875 0.1462890375 0.166660859375 0.14276785625 0.1432347984375 0.129316346875 0.14133991562499998 0.10216244375000001 0.143384353125 0.0904771546875 0.1506225234375 0.0879912484375 0.180267146875 0.0915293171875 0.1959532734375 0.0977756203125 0.2074379375 0.11239751093749999 0.2004840203125 0.120081965625 0.1895457484375 0.13305422656250002 0.19278911875 0.13500418281249998 0.208670240625
0 0.9089127124999999 0.313000203125 0.898482221875 0.312841075 0.8950563265625 0.317101275 0.8938632 0.32492688125 0.8944384078125 0.3325353640625 0.897367828125 0.3417745625 0.9024773046875 0.3512260296875 0.9120263 0.350053559375 0.9189308046875 0.3448862953125 0.9207678703125 0.33938134375 0.916840840625 0.32786491406249996 0.9130879765625 0.3177669328125 0.9089127124999999 0.313000203125
0 0.9347143453125 0.318471159375 0.9318162796875 0.324106384375 0.9333837515625 0.33687241874999996 0.9358434000000001 0.3452094109375 0.9439036562500001 0.3523787875 0.9523389343750001 0.34798345625 0.956651665625 0.3421745328125 0.9580716703125001 0.3391205109375 0.9588637562500001 0.325104871875 0.9557548296875 0.3173275453125 0.9526405640625001 0.3124305421875 0.9390270765625001 0.31266223593750003 0.9347143453125 0.318471159375
0 0.1533740484375 0.8125268359375 0.1573735140625 0.8312504171875 0.163406396875 0.838836021875 0.1728380515625 0.8325540531250001 0.172917775 0.8158915656250001 0.17192745781250002 0.797438996875 0.1681918546875 0.777402040625 0.1623139203125 0.7710783875 0.1548359640625 0.7828848671874999 0.153003525 0.7991220734375 0.1533740484375 0.8125268359375
0 0.2337564171875 0.7885663765625 0.2256440765625 0.7882814703125 0.20529417031250002 0.7818132859375 0.20402089375000002 0.792217440625 0.2089208578125 0.8044255687499999 0.21720274218750002 0.8130160078124999 0.22410468749999998 0.8172924625 0.23503978593750002 0.81979273125 0.237073209375 0.8086547562499999 0.2337564171875 0.7885663765625
0 0.20924955 0.7737695765625 0.215880796875 0.7729553609375001 0.21804476562500003 0.7686509265625 0.21989088437499998 0.75810305 0.228856778125 0.7507197062500001 0.23078795468750002 0.75182883125 0.24223566718749998 0.746384496875 0.24860334375 0.739768921875 0.2534198125 0.7351388015625 0.2578328078125 0.7381869390625 0.26080315781249996 0.744104696875 0.266588846875 0.7510230171875001 0.27575619375 0.752589896875 0.2922453359375 0.7406928296874999 0.2949135046875 0.733185253125 0.2923930734375 0.72362226875 0.2796426171875 0.718456609375 0.26607010937500003 0.71025065 0.279061196875 0.7064118046875 0.2900047109375 0.7041706140625 0.29466617031250003 0.6946233 0.28093865625 0.6815001453125 0.2782325 0.6796875 0.24645414062499998 0.6796875 0.24225247031250002 0.688045203125 0.2364124984375 0.6806847984375 0.236740415625 0.6796875 0.199172459375 0.6796875 0.19873471250000002 0.6808235703125 0.19513593125 0.6844066796875 0.1961672703125 0.6928062578125 0.197198609375 0.7012058375 0.1972450546875 0.7052388656249999 0.1965158953125 0.7102646218750001 0.1941734125 0.720424696875 0.19404134374999998 0.7303133671875 0.194584153125 0.7347341984375 0.1979187984375 0.750928428125 0.1985080546875 0.7593822875 0.20053212187499997 0.7685574703125 0.20323106562499998 0.7722648125 0.20924955 0.7737695765625
0 0.8599602796875001 0.81455241875 0.8699427515625 0.826704434375 0.8768783671874999 0.8303120859374999 0.8867792078125 0.825529028125 0.8911731093749999 0.8125036578125 0.88421636875 0.7883861078125001 0.8798013390625 0.7809015734375 0.871881690625 0.7774147453125 0.863120140625 0.7874090046875 0.8587262390625 0.8004343734375 0.8599602796875001 0.81455241875
0 0.7560339421875 0.7613162453125 0.7576047484374999 0.770041846875 0.76867913125 0.7829516484375 0.7786273484375 0.78262200625 0.78683638125 0.77626298125 0.790980275 0.74899874375 0.7791033640625 0.7254853140625 0.7713994734375 0.7237556875 0.762853678125 0.7355071515625 0.7584124015625 0.7440790984375 0.7560339421875 0.7613162453125
0 0.8059862703125 0.8507143609375 0.8078591375 0.8355404375000001 0.8001757421875 0.8155622875 0.79751553125 0.812152928125 0.786577446875 0.8082655687500001 0.765140140625 0.810150540625 0.7616404 0.8120746499999999 0.7491397328125 0.807631953125 0.7442712203124999 0.804493740625 0.734146571875 0.8072312875 0.7289808203125 0.8138431484374999 0.728954728125 0.8258015249999999 0.7305042640625 0.83233605 0.735643925 0.837682565625 0.74769268125 0.8384447578125 0.7566293203125001 0.8321170890625 0.7590183859375 0.8333181453125 0.763034325 0.8477690171875001 0.7675152187500001 0.859921203125 0.774759753125 0.870239659375 0.7879965203125 0.8745919765625001 0.7974754484375 0.8726809109375001 0.8041134031249999 0.8658882875 0.8059862703125 0.8507143609375