0 0.5882797984375 0.5743525093749999 0.592600034375 0.578285659375 0.5996483921875 0.5911421234375001 0.6095479859374999 0.6031268812499999 0.6363017765625 0.6039542453125 0.666406240625 0.5902469765625 0.6660662562499999 0.5738384187500001 0.6499213703125 0.5720192921875 0.6423735625 0.5728257484375 0.6565429984375 0.557985765625 0.6578818625 0.5470684765625 0.6331398890625 0.5426237625 0.6101201421875 0.5489110359375 0.591167390625 0.5532043390625 0.5440786140625 0.5623468453125 0.54722645625 0.5726429765625001 0.568907340625 0.5772729890625 0.5882797984375 0.5743525093749999
0 0.5641546078124999 0.37307033125 0.5855388828125 0.366532503125 0.5923703671875 0.3531853828125 0.5565997828125 0.3483596140625 0.549681546875 0.35122529999999996 0.54305991875 0.36525882656249997 0.5488057640624999 0.36875612343749997 0.5641546078124999 0.37307033125
0 0.531184865625 0.3366149578125 0.5629681796875 0.3283989625 0.563091284375 0.3186039375 0.553568025 0.3027512796875 0.5392684625 0.3018691171875 0.52061231875 0.3173302609375 0.5214517453124999 0.32007589687500004 0.531184865625 0.3366149578125
0 0.5221470046875 0.2560650296875 0.5099893859375 0.26728766875 0.50416380625 0.2788261140625 0.508693890625 0.283445675 0.542908734375 0.2729851484375 0.5529677890625 0.25489841874999997 0.5455430875 0.24590985468749998 0.5426918515625 0.24678156406250001 0.5221470046875 0.2560650296875
0 0.55265011875 0.1671790515625 0.5460648484374999 0.1609361171875 0.531931771875 0.155499646875 0.5129790203125 0.159792946875 0.49486569375 0.16683188437500002 0.4902125046875 0.1720073453125 0.48254159375 0.18260883125 0.47533376718750003 0.199823853125 0.4898865625 0.206633140625 0.50703735625 0.2066435953125 0.529470909375 0.203537809375 0.5516512328125 0.1945049 0.5566807640625 0.1854615359375 0.5565940109375 0.174980103125 0.55265011875 0.1671790515625
0 0.531461665625 0.12336893593750001 0.5335965781249999 0.109956565625 0.5165255140625 0.09491036875 0.488179628125 0.09907316875 0.4812613953125 0.1019388515625 0.47010967656249997 0.1113528203125 0.4649136703125 0.12495049062500001 0.46319846406250004 0.13973568125 0.47410397031249996 0.1499117609375 0.49150799375 0.155849340625 0.5104607453125001 0.15155604218750002 0.534066684375 0.142087275 0.534399653125 0.132978659375 0.531461665625 0.12336893593750001
0 0.45 0 0.45 0.028310921875 0.45726368281249996 0.041273318749999996 0.45 0.047791740625 0.45 0.086926034375 0.4510635140625 0.0866821765625 0.4651989625 0.0781765671875 0.475742059375 0.07160604375 0.48322410156249995 0.0659713796875 0.49587287812499997 0.0662882296875 0.517300259375 0.059737221875 0.51931823125 0.049915534375 0.5144488296875 0.042199528125 0.5024580921874999 0.0358239390625 0.485110509375 0.031086103124999997 0.497310871875 0.0189881390625 0.5003280718750001 0.009697751562499999 0.49947555625 0 0.45 0
0 0.5170919765625 0.793908746875 0.48000225937499996 0.780547796875 0.454562490625 0.7809153890625 0.45 0.7829548296875 0.45 0.9784208359375001 0.48703809531250003 0.9846451937499999 0.530977471875 0.9786217031250001 0.56413016875 0.961693290625 0.5824911375 0.9381719796875 0.5738103125 0.91674306875 0.5540257484375 0.9042665062499999 0.53933029375 0.8840589421875 0.5342129390625 0.8708032234375 0.5214166734375 0.8568076359375001 0.513785896875 0.84926043125 0.486149765625 0.83547926875 0.485051584375 0.8284048937499999 0.5183769359375 0.8120412078125 0.5170919765625 0.793908746875
0 0.763143215625 0.6340844109375 0.7272761984375 0.6351698921875 0.6996824328125 0.6528688078125 0.7196396515625 0.665910096875 0.730018765625 0.6719995390625 0.7585380578125 0.660810275 0.769579540625 0.6481718984375 0.763143215625 0.6340844109375
0 0.6676857765624999 0.8143246312500001 0.6618197078125 0.7996313828125 0.6684967671875001 0.7930103671875 0.6797354421875 0.792322140625 0.6935110156250001 0.7954379406250001 0.7099622125 0.79681979375 0.7240392359375 0.7934319421875 0.725165 0.7761431125 0.7174502625 0.7688845125 0.7096181578125 0.7552503046875 0.702578325 0.748701290625 0.693118959375 0.74472385625 0.68297400625 0.7459936265625 0.6670456703125 0.7403302484375 0.6538276375 0.731548428125 0.6379233015625 0.730457346875 0.6216935140625 0.7312976203125 0.61513118125 0.7278083640624999 0.6044847296875 0.721446078125 0.5867424015625 0.721832853125 0.5742712796875 0.7274775124999999 0.562523065625 0.7429763515625 0.565281371875 0.7490025046875 0.5807828515625 0.7772365984375 0.589940765625 0.7877176828125 0.5973887359375001 0.8000954421875001 0.6014621734375 0.8089252640625 0.5927150343750001 0.8207588015624999 0.582607403125 0.8371299562500001 0.5850188984375 0.8570010437500001 0.5980181609375 0.880046615625 0.6114336 0.8864782640625 0.6256840328125 0.8761679453125 0.6283382953125 0.8863475796875001 0.6367305796875 0.9108016453125 0.6485401171875 0.9149764875 0.6587544328125 0.91093773125 0.671236234375 0.8993362812499999 0.6776572046875 0.8918776312500001 0.6942017640625 0.8950627953125 0.6996596953124999 0.9039272984375 0.7056644875 0.9130825734375 0.71595080625 0.9227607062500001 0.731086871875 0.921338890625 0.7357738921875 0.91120461875 0.7408103671874999 0.9037112890625 0.75342285625 0.909014534375 0.7684788796875 0.9163184953125001 0.7799389624999999 0.9178523953125 0.7934691265625 0.914173771875 0.796841015625 0.90123583125 0.786437334375 0.885182090625 0.7676252859375 0.8895596203125 0.7589341890625 0.888095084375 0.74962686875 0.8891087640625001 0.7437981234375 0.8895168999999999 0.7348162546875 0.8885992234375 0.725519615625 0.8836561125 0.7272055609375 0.8771871421874999 0.7476928734375 0.8722974328124999 0.75555701875 0.86806126875 0.7533909328124999 0.854984603125 0.7339467015625 0.8348253828125 0.7216836671875 0.8321630796875 0.709223225 0.8318509484375 0.6908406734375 0.8301436437499999 0.677006415625 0.8238400390624999 0.6676857765624999 0.8143246312500001
0 0.6601396515625 0.699468909375 0.66676773125 0.6884435078125 0.6635061359375001 0.6777753140625 0.65724696875 0.6660237953125 0.64988700625 0.6539422296875 0.645592565625 0.6442564015625 0.6433463515625 0.6292782234375001 0.644658128125 0.61875 0.5638089765625 0.61875 0.5646502796874999 0.6193418265624999 0.5687661140625 0.62408281875 0.5739749703125 0.63348908125 0.5734177625 0.6436583203125 0.5823269921875001 0.6542663390625 0.5898034609375 0.6536470328124999 0.594604628125 0.6551788328125 0.5985767937500001 0.6616302296875001 0.6020577796875 0.6675652046875 0.60746270625 0.685243925 0.6160166499999999 0.697960340625 0.632808115625 0.7038254453125 0.6464913515624999 0.704974796875 0.6601396515625 0.699468909375
0 0.4022148296875 0.2065721265625 0.3940600953125 0.21359856875 0.39312783281249997 0.22839011875 0.3966445640625 0.2359281984375 0.4048165375 0.2388697234375 0.416662003125 0.2379681765625 0.4266062328125 0.2308479578125 0.430500978125 0.2237639375 0.4285825015625 0.20757730156249998 0.423783271875 0.2017913078125 0.4022148296875 0.2065721265625
0 0.37729311718749997 0.2400312125 0.3746636296875 0.2353951796875 0.3650029125 0.231548821875 0.34900920156250004 0.2387052359375 0.34242270937499997 0.24887885 0.3455914390625 0.2592433 0.3514519140625 0.266518153125 0.35694714843750003 0.26665140625 0.3663693734375 0.26377074375 0.37891084375 0.25721645625 0.381063346875 0.2483984484375 0.37729311718749997 0.2400312125
0 0.31300475 0.291419171875 0.3061797671875 0.294865765625 0.29810453125 0.3041345484375 0.30021201406250003 0.3130101359375 0.313752471875 0.3156703390625 0.32364945 0.31037788437499997 0.3277504421875 0.30595078125 0.326830953125 0.29897863281250003 0.3246289640625 0.29375857031249997 0.321698728125 0.29012114375000003 0.31300475 0.291419171875
0 0.23183766249999999 0.3629273328125 0.24550486875000002 0.36600211250000003 0.2605963296875 0.36184151875000004 0.26713556875 0.353495665625 0.26502808437500003 0.344620078125 0.25584211875 0.3383619296875 0.245786146875 0.339169703125 0.2373306640625 0.34719475312500003 0.23183766249999999 0.3629273328125
0 0.199474459375 0.40772809062500004 0.21477216562499998 0.406224415625 0.22663263906250003 0.3994250015625 0.2297991359375 0.3939236171875 0.2211824234375 0.3815981515625 0.20844971406249999 0.3795976546875 0.19437224687500002 0.387074871875 0.1891005 0.399566503125 0.199474459375 0.40772809062500004