0 0.2923624984375 0.8158053625000001 0.28835752187499997 0.8278728984375 0.286355846875 0.8444629796875001 0.296682803125 0.8525312156249999 0.31065877343750004 0.850073753125 0.3207606078125 0.8247976140625 0.31880119218749997 0.8121651 0.3047358265625 0.809729865625 0.2923624984375 0.8158053625000001
0 0.4275710703125 0.6472663234375 0.42276314687500005 0.6364122109375 0.4127929671875 0.6373584515624999 0.40010837656250003 0.6474221390625 0.3936994390625 0.6540626171875 0.39227559218749997 0.660229975 0.392187821875 0.6764499046875 0.396461803125 0.689616778125 0.40669936250000005 0.692792315625 0.417737428125 0.68722055625 0.42864058437499997 0.663753434375 0.4275710703125 0.6472663234375
0 0.4046025953125 0.630595496875 0.4051357234375 0.617726421875 0.4023758 0.6138412062499999 0.39899253749999997 0.6073760484374999 0.3887102796875 0.6017541640624999 0.381722703125 0.6082610515625 0.3768278234375 0.624183184375 0.379098503125 0.632827509375 0.38929136249999996 0.633556696875 0.39832694062499996 0.63401870625 0.4046025953125 0.630595496875
0 0.42106866875 0.5962325296875 0.4252524390625 0.593950390625 0.4270314328125 0.5756848796875 0.41639321406249996 0.5716048328125 0.41123014375 0.5728488734375 0.41149833593749996 0.5875269671875001 0.41643954218749996 0.5951638125 0.42106866875 0.5962325296875
0 0.46162743281249996 0.5740893140625001 0.47426328125 0.5695029765624999 0.48237440468750004 0.5601202468750001 0.48783494687499995 0.5513761734375 0.49462015312499996 0.5341837796875 0.4912607171875 0.5284058218750001 0.4834687640625 0.528274365625 0.47686462812499997 0.5229979015625 0.47110660937500004 0.5262540640625 0.46320075625 0.530681815625 0.4557292265625 0.5372941578125 0.451274596875 0.552523425 0.4561656375 0.5665753984374999 0.46162743281249996 0.5740893140625001
0 0.4408979765625 0.5188629875 0.4390480359375 0.53094181875 0.442567265625 0.5346723453125 0.4500392125 0.53347933125 0.458813296875 0.5280014343749999 0.4626283328125 0.5155425546875 0.4547675375 0.5116434265625001 0.4444618484375 0.5088473062500001 0.4408979765625 0.5188629875
0 0.4579183609375 0.47902172343749994 0.45725623593750003 0.48595555 0.4592217484375 0.4909948296875 0.4645917546875 0.49348518593749996 0.47140116093750006 0.49380666875 0.47165190937499996 0.48594414218750004 0.4689095375 0.48155923749999996 0.46719560781249997 0.4794960890625 0.4579183609375 0.47902172343749994
0 0.4872558390625 0.44952764062500006 0.483691134375 0.4487046640625 0.47174035468750003 0.44761306406249995 0.4659368609375 0.453776775 0.4667145546875 0.463961059375 0.47226772187500005 0.47107920468750003 0.47951145000000006 0.47358528125 0.4922157234375 0.4673472828125 0.4918260390625 0.45141648281249996 0.4872558390625 0.44952764062500006
0 0.5250503203125 0.45116649375 0.517759859375 0.4353099796875 0.5128926015624999 0.4333525546875 0.5095794765624999 0.4355057109375 0.49671582968749994 0.4492104671875 0.49904724062500005 0.45808599687499996 0.5030466890625 0.46651289374999994 0.5087596484375 0.4715836140625 0.5204817890625 0.4709549703125 0.526581925 0.4594405109375 0.5250503203125 0.45116649375
0 0.5698523765625 0.3560432515625 0.5704231296875 0.3495051921875 0.5701481828125 0.33985384375 0.5677028703125 0.3355375203125 0.5624012875 0.3313955046875 0.555660303125 0.3294223640625 0.553375203125 0.32847794375 0.5507250390625 0.3345359296875 0.5479609734374999 0.345153125 0.548212975 0.35354858437500003 0.5478024328125 0.3634585421875 0.5641636171875 0.36848641249999997 0.5698523765625 0.3560432515625
0 0.5398519390625001 0.3816325015625 0.53820685 0.3833370234375 0.5359451156249999 0.3890678234375 0.5369510265625 0.3955530171875 0.5440574921875 0.3959430828125 0.5484215859375 0.39194824375000004 0.5494721390625 0.3846872296875 0.5497233031250001 0.3822440296875 0.5422968328125 0.38052949375 0.5398519390625001 0.3816325015625
0 0.52680513125 0.3907094671875 0.5293635078125 0.37962792031250003 0.531830096875 0.36352281406250003 0.527739278125 0.3554916859375 0.521044190625 0.3560303234375 0.5175257953125 0.3631384546875 0.515767225 0.374821515625 0.5144196125 0.38201395 0.5173451421874999 0.3910266421875 0.52356043125 0.3912109625 0.52680513125 0.3907094671875
0 0.63786089375 0.13871723125 0.630754428125 0.1383271671875 0.6269844515624999 0.1424591671875 0.6263223265625 0.14939299374999998 0.6257511546875001 0.150511721875 0.62655138125 0.1565325640625 0.627533928125 0.1563425390625 0.63011650625 0.162774871875 0.634481015625 0.1641993625 0.64021650625 0.165106640625 0.646888646875 0.1633121125 0.6505902 0.1608317703125 0.6526917250000001 0.151729071875 0.650611475 0.14041034218749998 0.6477322578125 0.139328759375 0.6426138359375 0.139814534375 0.63786089375 0.13871723125
0 0.6387288484375 0.19964961718750002 0.6387067890625 0.19439469843749999 0.6373541734375 0.188214971875 0.63237038125 0.1830498015625 0.6315364515625 0.1772986359375 0.6316045156250001 0.172990965625 0.631649765625 0.171457346875 0.6285376546875 0.16888597968750002 0.6213661859374999 0.1638333703125 0.61784795 0.163021121875 0.6141038375 0.165862484375 0.6106525359375 0.1727860171875 0.60733660625 0.1791231796875 0.6053512343749999 0.18638515 0.6013588109375 0.191639690625 0.598425815625 0.20300626875 0.601177053125 0.20580313281249998 0.606228909375 0.20666063281249997 0.6083717140625 0.2040672078125 0.610131209375 0.200458846875 0.6122740140625 0.197865421875 0.6157922499999999 0.1986776703125 0.6177316171875 0.2009782859375 0.6221065984374999 0.20476765000000002 0.625444209375 0.2076998890625 0.6315334328125 0.2094145109375 0.6364050406249999 0.20837751875000002 0.6375781625 0.204633784375 0.6387288484375 0.19964961718750002
0 0.5934158171874999 0.236745509375 0.5928066296875001 0.23938418593750002 0.59172363125 0.24407516718750003 0.5935500609375 0.2482025890625 0.5951734265625 0.253209571875 0.5946996140625 0.2552618765625 0.5919476218749999 0.2604939796875 0.5919248078125 0.26326803125 0.5926910515625 0.26931238281250003 0.595352165625 0.2711620015625 0.5982840281249999 0.271838875 0.6015767671875001 0.27229025 0.6039226328125 0.26881726562499997 0.6046671953125 0.265592215625 0.6121774796875 0.2651644109375 0.61483896875 0.26299954375 0.616711403125 0.2575643796875 0.6185389625 0.2496483484375 0.6194641484375001 0.2443033078125 0.619216590625 0.23868751562499999 0.618202034375 0.2350563421875 0.6120454984375 0.22962042343750003 0.6067457078125 0.2271616171875 0.6014683546875 0.22594324375000002 0.59776949375 0.22725098593749998 0.5946341890625 0.2314681546875 0.5934158171874999 0.236745509375
0 0.5657586359375 0.30972533593749996 0.5708553625 0.3130637015625 0.577711209375 0.316808190625 0.5840483703125 0.32012411875 0.5865969234375 0.31978605937500004 0.5882210437500001 0.316764071875 0.589326478125 0.3133135234375 0.5906577890625 0.3062093625 0.59036498125 0.3021271921875 0.588516115625 0.2967593359375 0.5859455031249999 0.291842478125 0.57947296875 0.2891129234375 0.577623725 0.287759553125 0.574894925 0.2862031203125 0.5704294421875 0.28548099531250004 0.5661666453125 0.287893796875 0.5640238390625 0.290487221875 0.55985154375 0.28983278437500004 0.5543034390625 0.28978715781250003 0.551235825 0.29371114062500003 0.5509194484375 0.3004319890625 0.55459511875 0.30591278125 0.55705316875 0.3086419609375 0.5594887843749999 0.31013070625 0.5657586359375 0.30972533593749996
0 0.38882925468749996 0.7778021078124999 0.38968675468749997 0.772750253125 0.39025106875 0.7676307125 0.3902738828125 0.764856659375 0.3880192703125 0.7572334390625 0.3837796640625 0.752857703125 0.3811862375 0.750714896875 0.36785785625 0.744240853125 0.361813503125 0.7450070953125 0.3557687734375 0.7497878250000001 0.35042411093750003 0.744848153125 0.3475827484375 0.741104040625 0.342125146875 0.7379911765625 0.3391255953125 0.7376074890625001 0.33105137500000004 0.739140353125 0.3267882015625 0.7455676375 0.3238780203125 0.7541601640625 0.31909502968750003 0.7722023421875 0.321575140625 0.7801864375 0.3254766859375 0.7820136203125 0.329423484375 0.782307184375 0.3363473953125 0.781744003125 0.342324059375 0.7812709453125 0.3462480421875 0.7843385609375 0.3480744703125 0.7884659828125 0.34708121875 0.7981186953125 0.34613321875 0.8062377875 0.35373325 0.8107717109375001 0.3610404703125 0.8112234640624999 0.3699265609375 0.810186846875 0.3810912109375 0.8019559468749999 0.3863472578125 0.789890434375 0.38882925468749996 0.7778021078124999
0 0.348038271875 0.6936519765625 0.347496396875 0.7000119515625001 0.35063094375000003 0.70382375 0.3544423671875 0.7047036859375 0.3591333484375 0.705786684375 0.3646137640625 0.7061254984375 0.3686510625 0.703351825 0.3717411140625 0.7006682750000001 0.37325305000000003 0.6914441234375001 0.3726670546875 0.6872942640625 0.3723065578125 0.6835052796875 0.369668259375 0.6788816078125001 0.3653605890625 0.6788135421875 0.36251884843750004 0.6790839156249999 0.35755711875 0.6791736625 0.35374531875000004 0.6823082109375 0.350903203125 0.6865930671875 0.348038271875 0.6936519765625