0 0.2277584546875 0.054203859374999996 0.23020160937499998 0.059127917187500004 0.2392716109375 0.061364826562499995 0.2500041546875 0.059856465625 0.2564410078125 0.049587521875 0.25616768749999996 0.032067865625000004 0.2485989078125 0.0249378234375 0.243285965625 0.0245139703125 0.23410930625 0.024633128125 0.22702716406249998 0.030310609375000002 0.22638721718750002 0.044447003125 0.2277584546875 0.054203859374999996
0 0.20972048124999998 0.12521539843750001 0.21865515625 0.12337444374999999 0.2236427828125 0.1121386359375 0.223882096875 0.1044965078125 0.221384275 0.09606851875 0.2168492765625 0.09495006406249999 0.2111876921875 0.0951604796875 0.20448018750000002 0.09727369531249999 0.20220102343750002 0.10286143125 0.2015870734375 0.1140678265625 0.20972048124999998 0.12521539843750001
0 0.187006840625 0.1723027640625 0.18220653125 0.18175643749999998 0.184813678125 0.1971922875 0.1933763875 0.20827952500000002 0.20531350312500002 0.1966523 0.20901322812499998 0.185597496875 0.20549548125 0.1761423125 0.195941515625 0.1704618078125 0.187006840625 0.1723027640625
0 0.16614573125 0.223226653125 0.162498003125 0.22842146093750001 0.1613480921875 0.24204425624999998 0.166450390625 0.2565441671875 0.17823152656250002 0.26249693281250003 0.187324853125 0.2524399140625 0.1881521171875 0.23652138906250003 0.18095797656249998 0.22582708125 0.16614573125 0.223226653125
0 0.58920355 0.1282680765625 0.587678065625 0.1321652796875 0.58709599375 0.138560471875 0.5887652921875 0.142008678125 0.59137880625 0.1437458359375 0.5942110484375001 0.1407172109375 0.59457519375 0.1348787609375 0.5919624796875 0.128932565625 0.58920355 0.1282680765625
0 0.6793825734375 0.1208553984375 0.6779320015625 0.1126414125 0.6729233015625 0.10650583437500001 0.6719069796875 0.1055964390625 0.6685667796875 0.10711810468750001 0.6618855765625 0.114370475 0.6613031031250001 0.12287018593750001 0.6619548796875 0.13172255156249998 0.6631154171875 0.13787283749999998 0.6647847171875 0.1413210421875 0.6710276640624999 0.14780927187499998 0.675891746875 0.15080848125 0.679450275 0.14662555156249998 0.6810494703125001 0.13693071875 0.6808331453124999 0.12906938437499998 0.6793825734375 0.1208553984375
0 0.7082738328125 0.1536230953125 0.7153171781250001 0.1510548703125 0.7176406562500001 0.150728328125 0.7178605874999999 0.13964898750000002 0.716627540625 0.13298277812499998 0.713579378125 0.12604555 0.709151146875 0.1219328546875 0.7019659875 0.10663307656250001 0.699425784375 0.10120280625 0.693906721875 0.10618738593749999 0.6917987640625001 0.1185843 0.6912892015625001 0.12549541875 0.6927397734375 0.1337094046875 0.69542499375 0.1401715265625 0.6991994453125 0.14595445 0.70493403125 0.153040240625 0.7082738328125 0.1536230953125
0 0.7153960968749999 0.11789849062499999 0.719170146875 0.12578593437500002 0.7217103515625001 0.1312162046875 0.72562981875 0.138030978125 0.7326715625 0.143880828125 0.7376081546875 0.14739596093750001 0.7396407984375 0.14921475625 0.7418913671875 0.1504768046875 0.743489759375 0.14499100781250002 0.7427654765625 0.13562271875 0.7403702890625 0.13122430000000002 0.7349265390624999 0.12199316874999999 0.7337652015625 0.120051921875 0.7318058656249999 0.1145400171875 0.7302823843749999 0.1079146234375 0.727088403125 0.104154584375 0.7236035859375 0.1025398796875 0.7205542203124999 0.10191620937500001 0.7166331484375 0.1035195109375 0.714961846875 0.1105939015625 0.7153960968749999 0.11789849062499999
0 0.7989007265625 0.081961359375 0.7962856109375 0.088642278125 0.7937434046875 0.09373460156249999 0.790039059375 0.1010947171875 0.7849538453125 0.11548840468749999 0.7855339140625001 0.119615809375 0.78705699375 0.12834571875 0.7893067625 0.1338168078125 0.7945333890625 0.1393956421875 0.7988162 0.1445810046875 0.8043332609375 0.15011901875 0.8115937328125 0.1512030890625 0.8172570125 0.1514594 0.8182024265625 0.14343479374999998 0.8181315203124999 0.1345007921875 0.8135594749999999 0.1230426921875 0.8122535203125001 0.117965075 0.81399773125 0.1093020921875 0.8172666265625 0.1009509421875 0.8177757874999999 0.09614434375 0.8168331765625 0.089437315625 0.814075046875 0.0845637875 0.811316515625 0.0817947796875 0.8079042078124999 0.0806960015625 0.8038389203125 0.077058415625 0.7989007265625 0.081961359375
0 0.8318572734374999 0.1183666421875 0.831130184375 0.123729984375 0.8333795515625001 0.131305590625 0.836210190625 0.13669504375 0.83991173125 0.1440665625 0.8449208328125 0.14809761875 0.8492044468750001 0.1490739421875 0.8516020359375001 0.1408452484375 0.8517490562500001 0.1313545046875 0.8482654406249999 0.12342624375 0.8445630968750001 0.12026376406249999 0.8376659703125 0.11755028281249999 0.8318572734374999 0.1183666421875
0 0.5995517859375 0.166552875 0.6020633984375 0.170198421875 0.6107385296875 0.1721780359375 0.616143259375 0.1594228609375 0.6181101578125 0.156347459375 0.62695696875 0.1567035328125 0.630197690625 0.1598467578125 0.634890275 0.1647851984375 0.64188675625 0.1662010265625 0.6478234875 0.165766525 0.653656359375 0.1617479453125 0.6533447906250001 0.1509957015625 0.651967109375 0.141192996875 0.649743746875 0.1339082625 0.649254140625 0.127579425 0.653353259375 0.1226049484375 0.654328228125 0.1124716 0.6566321281249999 0.10894898281250001 0.6591628140625 0.1041949359375 0.6600826765625001 0.0936694796875 0.6566766328125 0.08934993125 0.6466534984375001 0.089159178125 0.6412678406250001 0.093514759375 0.63580164375 0.10867769218750001 0.6359606078125 0.11265388125 0.6291230890625 0.11521424531249999 0.6176480953125 0.1132282734375 0.614070371875 0.110532265625 0.607349425 0.11107697812499999 0.60241098125 0.11576956249999999 0.6018408359375 0.12024807343749999 0.59968954375 0.13054674375 0.5993398265625001 0.1365936890625 0.5996704703125 0.13894633750000002 0.6000435046875 0.147290825 0.5968388171875 0.15293930312499998 0.59704653125 0.1601074640625 0.5995517859375 0.166552875
0 0.7848476328125 0.1409484484375 0.781661515625 0.13707368281250001 0.7768931593749999 0.1339015703125 0.7718345765625 0.1252469953125 0.767784146875 0.116931015625 0.766956746875 0.111043765625 0.7666334234375001 0.10532581249999999 0.76493789375 0.09667887343750001 0.756405515625 0.09235476875000001 0.7504151593749999 0.094157225 0.7491231484374999 0.10034233906250001 0.7479597015625 0.1091509390625 0.748283025 0.11486889375 0.7488125609375 0.1186367328125 0.7514538703125 0.1254697625 0.75335943125 0.1304850625 0.7554342890625 0.13499628749999998 0.7582818109375 0.13987920468749998 0.7615010265625 0.1439894578125 0.7651912203125 0.14803352187500002 0.767472290625 0.150594634375 0.7727116265625 0.1537005546875 0.7785619625 0.15431919375 0.78814704375 0.1541728046875 0.788530190625 0.14835556249999998 0.7848476328125 0.1409484484375
0 0.5044034328125 0.6692428328125 0.51897125625 0.6838950671874999 0.53652851875 0.6931172812499999 0.5390625 0.6944064921875001 0.5390625 0.6253477734375 0.5342219265625 0.6233031015625 0.52479204375 0.6229584265625 0.514788053125 0.6318792156249999 0.5052835703125 0.6532545125 0.5044034328125 0.6692428328125
0 0.47691932656249997 0.673940453125 0.4876909125 0.6749315453125 0.4968135 0.6686395703125 0.4961597109375 0.6461869859375 0.48462053281250006 0.6352840078125 0.47499970312500006 0.6424809890625001 0.4710529890625 0.6589002890625 0.47691932656249997 0.673940453125
0 0.3864096078125 0.6260119265624999 0.3874110171875 0.6436884093749999 0.3991360515625 0.6532588140625 0.411647615625 0.6508405328125 0.419404009375 0.6603087953125 0.432825034375 0.66436166875 0.4447309625 0.6646680890625001 0.4538195625 0.6660303609375 0.45803005781249995 0.660819334375 0.450969246875 0.6387152640625 0.4453036109375 0.6335724453125 0.4303984703125 0.6330276359375 0.4297318671875 0.6318015296875 0.41727926249999997 0.6170542 0.40361537812500003 0.6077562859375 0.39673846562500004 0.6080628781249999 0.395284328125 0.6082672437500001 0.3909828875 0.61283115 0.3871961359375 0.61402324375 0.3864096078125 0.6260119265624999
0 0.20741794218749998 0.5271069171875 0.19227094218750002 0.5318752734375 0.1851831578125 0.5447495453125 0.183306278125 0.5595310578125 0.18963951875 0.5764582046875 0.19882006875 0.5890258 0.2135443234375 0.5988345890625 0.2296617453125 0.6044881953125001 0.2451435515625 0.6161702124999999 0.2596239421875 0.6101757421875 0.2671964375 0.5972333484375 0.2683167734375 0.5911368234375 0.26986185156250003 0.5915795734375 0.2644070875 0.57386906875 0.259800825 0.558678909375 0.253922309375 0.5449873421875 0.2438632859375 0.5332031046875 0.2337442984375 0.5280262687499999 0.22417098593749998 0.5267321171875 0.20741794218749998 0.5271069171875
0 0.304367346875 0.5873900390625 0.29709666874999996 0.588411865625 0.28370762968749996 0.602171721875 0.29128313437500003 0.6209039640625 0.3079162515625 0.6337439671875 0.31673201406249996 0.6331648890625 0.3276075484375 0.6296567375000001 0.344360596875 0.6292819453125 0.3547824046875 0.6330964296875 0.3668402375 0.6380007812499999 0.374868471875 0.63885218125 0.38525929375 0.6354121515625 0.38628868125000004 0.6286685109375 0.3849244890625 0.61896178125 0.37892505 0.6079267984375 0.3618372015625 0.5918512234375 0.3525667078125 0.5891947234375 0.344296621875 0.59365649375 0.3345114375 0.5943718109375 0.3164551671875 0.58899069375 0.304367346875 0.5873900390625
0 0.1088385546875 0.5306695203125 0.10923343125 0.5449005031249999 0.11444896093750001 0.5591683140625 0.12169725625000001 0.5688644921875 0.1345851578125 0.5691961890624999 0.1391429296875 0.563555365625 0.14402849375 0.5564398296874999 0.14301156875 0.5530111296875 0.134483453125 0.5342086046875 0.1286458734375 0.53074308125 0.12310363124999998 0.52937901875 0.1088385546875 0.5306695203125
0 0.08959163906249999 0.5612331328125 0.0977237921875 0.5543756453124999 0.0946730125 0.544089540625 0.09188512343750001 0.5394810875 0.088015396875 0.5385962906249999 0.0839823203125 0.5441633718750001 0.0847698984375 0.5497672796875 0.08555747500000001 0.55537118125 0.087295984375 0.5601271203125 0.08959163906249999 0.5612331328125
0 0 0.5443265312500001 0.0087212203125 0.54545441875 0.01659156875 0.5443483125 0.027216270312500002 0.5399978109375 0.0400057234375 0.539629021875 0.055943318750000005 0.5388177859375001 0.06404193124999999 0.52410744375 0.0638104125 0.5034245875 0.049248909375 0.49118459531249997 0.024194690625 0.4918484375 0.0174721703125 0.49350755 0.008978681249999999 0.4939869078125 0 0.4883293125 0 0.5443265312500001