0 0.4614165328125 0.21208786875 0.4679450796875 0.22172507187499998 0.481258984375 0.22769956875 0.49366197500000003 0.21975950156250001 0.5039096625 0.19656089375000002 0.5020520359375 0.1893822953125 0.5009201015625 0.16811711875 0.49238061718750004 0.1498426609375 0.48087453125 0.1348295421875 0.46802055937500003 0.1332310109375 0.44688897499999997 0.142088490625 0.450866109375 0.18517615468749998 0.4518715765625 0.1894947828125 0.4614165328125 0.21208786875
0 0.465571003125 0 0.4618718015625 0.006206334375 0.47130644843749997 0.019712056250000002 0.4854349703125 0.015075492187500001 0.49137382343749997 0.0087784203125 0.4891877765625 0 0.465571003125 0
0 0 0.63585936875 0.022252582812499998 0.6391703984375 0.023693242187499998 0.6309882140624999 0.018708103125 0.6200396515625 0.0030777468749999997 0.6245505984374999 0 0.6346880171875 0 0.63585936875
0 0.152876884375 0.6197049703124999 0.1598822875 0.6206895515624999 0.173995640625 0.6163380468749999 0.1775161921875 0.5987592390625001 0.16582380937500002 0.5896628890625 0.153508903125 0.5892363609375 0.137060415625 0.5932596703125 0.128912515625 0.6032940671875 0.13734908125 0.6178952515625 0.152876884375 0.6197049703124999
0 0.236924990625 0.6240645578125 0.23904780468750003 0.6077799109375001 0.23302271874999997 0.6015296609375 0.21983004843749998 0.6000481359375 0.2084525375 0.6012439609375 0.19585618437500002 0.6054360203125 0.195813265625 0.6123240437499999 0.19606850625 0.6220488609375 0.20938043906249998 0.624665103125 0.2180221046875 0.6266249578124999 0.236924990625 0.6240645578125
0 0.40561979687500005 0.587404359375 0.40250945 0.5797005046875 0.3935696234375 0.5749038578125 0.38353021875 0.5742381625 0.3655647296875 0.5784209171875 0.3640644421875 0.5860357421875 0.369407371875 0.6003884546875 0.3799238296875 0.6055930171874999 0.4067360875 0.5907287890624999 0.40561979687500005 0.587404359375
0 0.4324989046875 0.602361659375 0.4400839109375 0.6015644421874999 0.4540183703125 0.5955108625000001 0.45935408281249995 0.5806094046875 0.45151383437500003 0.57168180625 0.437801190625 0.5725494359375001 0.42514520625 0.5761741390624999 0.422068284375 0.5833810484375 0.42425794687499996 0.5969179328124999 0.4324989046875 0.602361659375
0 0.6814183828125 0 0.6804634593750001 0.011914990625 0.71335464375 0.025695271874999998 0.7734684015625 0.015067740625000001 0.7577597859375 0 0.6814183828125 0
0 0.7389384921875 0.670561803125 0.7543627765625 0.6697382000000001 0.7588538265625 0.6557077375 0.757951490625 0.6414465875 0.7477009 0.62338265 0.7310039171875 0.6291253484375 0.723728425 0.6450435765625 0.7248794921874999 0.6616712484375 0.7389384921875 0.670561803125
0 0.878560053125 0.5402415171875 0.8792965671875 0.5529249859375 0.8935946187500001 0.5697659640625 0.9101990093750001 0.5688183265625 0.92252656875 0.555559325 0.9336298265625 0.51929990625 0.9282751593749999 0.4967336109375 0.91473298125 0.48140829687500003 0.90595541875 0.4887112953125 0.8942179140625001 0.50190828125 0.8877079734375 0.513758271875 0.8841482984375 0.5252981796875 0.878560053125 0.5402415171875
0 0.8477834421875 0.45175744843750004 0.8663044546875 0.46336924531249996 0.8657973125 0.464220103125 0.87010318125 0.4597797640625 0.8723072515625001 0.4523701125 0.871580415625 0.4341027421875 0.85490279375 0.42867763593749997 0.8480612125 0.437372265625 0.8477834421875 0.45175744843750004