0 0.1822551515625 0.2786086671875 0.1712077140625 0.26500939375 0.155881734375 0.2492512734375 0.1528573875 0.24334122812499998 0.14984206875 0.2290391953125 0.1464453203125 0.2171454015625 0.14138833906249998 0.1990638890625 0.1324678734375 0.18037045937500001 0.12002269218749999 0.163093690625 0.0981296 0.159626165625 0.0824714 0.170970603125 0.0814706609375 0.185624015625 0.08501095625 0.2049465015625 0.08734873125 0.21519137968750002 0.0927535078125 0.2269094828125 0.09630282812499999 0.23783997812500002 0.10352040625 0.25478250625 0.119523934375 0.2745977828125 0.1380604609375 0.299257821875 0.15195506718750001 0.307383278125 0.164223075 0.3132761828125 0.1751786453125 0.3066179578125 0.179017528125 0.2948827140625 0.1822551515625 0.2786086671875
0 1 0.137548378125 0.9889211046874999 0.13851663281249998 0.9818597046875001 0.1509822796875 0.9875777749999999 0.17452802812499998 0.990413515625 0.17497716562500001 1 0.174226646875 1 0.137548378125
0 0.9331857109374999 0.146291753125 0.9379430031249999 0.16213862968749998 0.9457599234374999 0.1724327484375 0.951897815625 0.1703862171875 0.95749475625 0.1350485265625 0.9456481109375 0.11807880625 0.93431446875 0.12081175625 0.9338480562499999 0.12375656406249999 0.9331857109374999 0.146291753125
0 0.8666672078125 0.0799106875 0.8581693046875 0.0830927671875 0.8470875031249999 0.0934123 0.8426379562499999 0.1123289796875 0.8410241515625 0.13169479687500002 0.8436360015625001 0.1381458296875 0.8498018484375001 0.1496877828125 0.8621149046875001 0.163712703125 0.8746145765625 0.1536177328125 0.8821423859375 0.13820728437500002 0.8891851468749999 0.116682653125 0.8907896359375 0.09278734375 0.884866315625 0.08430248125 0.8754076359375 0.0797856953125 0.8666672078125 0.0799106875
0 0.81800253125 0.079749653125 0.8068834562499999 0.071951209375 0.7858765625 0.0806987625 0.7771920437500001 0.1080007265625 0.7767349484375 0.115475025 0.7803075765624999 0.12962493749999998 0.7902513015625 0.1402559015625 0.8027882468750001 0.1482789203125 0.81671510625 0.14293801718750002 0.8296811890625 0.129898246875 0.8341307375 0.11098156875000001 0.835968428125 0.08561385625 0.827927621875 0.0813216328125 0.81800253125 0.079749653125
0 0.7466597203124999 0.0584642484375 0.737590015625 0.059458360937499996 0.7266032796874999 0.067440690625 0.7147402609375 0.08095566562499999 0.7092149703125 0.06468665312500001 0.702187478125 0.0579021734375 0.6769812984375 0.048238474999999996 0.66875 0.046934765625 0.66875 0.12825981718749999 0.682140896875 0.1333169765625 0.6928846203125001 0.11152267499999999 0.711689225 0.1104500078125 0.718458996875 0.1342079703125 0.7245316500000001 0.1367901921875 0.7380073484375 0.14378576406250002 0.7472415140625001 0.1468687203125 0.7497844609375 0.135928615625 0.7483362421875001 0.11949514375 0.7470524843749999 0.10713874375000002 0.74526799375 0.09794385625 0.751097634375 0.0867141078125 0.7546027734375 0.06458353125 0.7466597203124999 0.0584642484375
0 0.387804096875 0.694547275 0.38550368125 0.7105614359375 0.39122485625 0.7265862078125 0.399246446875 0.7265968171875 0.4005905078125 0.7091712968749999 0.397154409375 0.701067759375 0.3941725265625 0.6900964296875001 0.387804096875 0.694547275
0 0.3587120046875 0.7113575937500001 0.35908894375 0.703018059375 0.3577895671875 0.69483298125 0.3576767515625 0.6880957234375 0.34766679375 0.696169425 0.3497634046875 0.708260428125 0.3587120046875 0.7113575937500001
0 0.3236036453125 0.712516365625 0.33209640937499996 0.7021025546875 0.333482203125 0.6888832625 0.33029946250000003 0.676200271875 0.3226378515625 0.67540675625 0.315532503125 0.68898004375 0.3159821453125 0.69955030625 0.315310115625 0.708263065625 0.3236036453125 0.712516365625
0 0.2679898984375 0.6554124 0.258327534375 0.6568217640625 0.2471727546875 0.667653878125 0.24393751406250003 0.661262 0.2397397234375 0.6505180515625 0.2239854390625 0.6471828921875 0.218350978125 0.6723281171875 0.22267854374999999 0.682252696875 0.23130270312499998 0.6873982859375001 0.234366434375 0.6904033046875 0.22713130937499998 0.7047959625 0.2279070125 0.7296965703125 0.24259831874999999 0.7278238265625 0.2550987828125 0.7159449625 0.2681538859375 0.7020541375 0.2767950078125 0.6996431000000001 0.296992621875 0.689823271875 0.295869328125 0.6715870015625 0.2853911484375 0.660268296875 0.274169859375 0.6551313234375 0.2679898984375 0.6554124
0 0.024017496875 0.6146341093750001 0.031728099999999995 0.61266340625 0.04259605 0.6119907609374999 0.053110228125000006 0.6064741671875 0.051028773437499994 0.5969676546875 0.03924633125 0.5935055265625 0.0263483453125 0.5942556375 0.015054743749999999 0.6004467703125 0.014551332812500001 0.6135338124999999 0.024017496875 0.6146341093750001
0 0.20452882187500002 0.6816745984375 0.20515156406249999 0.6755651968749999 0.20388203124999998 0.6639827265625 0.199281428125 0.65601135625 0.1914563359375 0.6509781859375 0.1861264125 0.6497891171875 0.1787244984375 0.64861676875 0.1715357359375 0.6460986171875 0.16294788437500002 0.6437037625 0.15281779374999999 0.64451355 0.14725173593750002 0.65570315 0.1461326765625 0.6627686140625 0.150203525 0.6675520625 0.163218525 0.67030321875 0.173738353125 0.6692102703125 0.1831391234375 0.6751827859375 0.182939559375 0.685153009375 0.188852525 0.689193546875 0.196927340625 0.6904724734375 0.19910591093750002 0.689782853125 0.20452882187500002 0.6816745984375
0 0.700984184375 0.888271925 0.7349068671875 0.88792460625 0.7467090109375001 0.8640532453124999 0.7507148906250001 0.827506790625 0.740973153125 0.8102334609374999 0.7089672140625 0.8266147500000001 0.7035008640625 0.8386192859375001 0.6873227671875 0.8732378484375 0.700984184375 0.888271925