0 0.273330328125 0.3309660109375 0.2923813015625 0.37668941875 0.313303240625 0.3884495671875 0.32167336406249997 0.36485465625 0.32752113125000004 0.3307284625 0.311464003125 0.28812685625 0.29750271562499997 0.2764420109375 0.279609603125 0.2778961109375 0.2697300640625 0.2963256796875 0.273330328125 0.3309660109375
0 0.23900330625000002 0.5468370421875 0.229625478125 0.5289829328125 0.2224464234375 0.5183565890625 0.2162039015625 0.5091554390625 0.2043484171875 0.4932041609375 0.191900828125 0.485608228125 0.1819683546875 0.48691583437499997 0.18171131875 0.5023501421875001 0.1889371953125 0.5264844453124999 0.2126481625 0.5583870015625 0.2210738515625 0.5703132625 0.23444548593749998 0.5757322671875 0.24403977187499998 0.5664451734375 0.23900330625000002 0.5468370421875
0 0.2705364625 0.50614128125 0.2656029984375 0.5162506546875 0.2666050796875 0.5365869921875001 0.27321700312499997 0.5627729312499999 0.2884336171875 0.5629375609375 0.2983692140625 0.5625304875 0.3054702375 0.5506435734374999 0.2988707984375 0.528059753125 0.290432625 0.5125313734375 0.2782857734375 0.5021085656250001 0.2705364625 0.50614128125
0 0.3186659921875 0.594910678125 0.31334439999999997 0.582632075 0.3055826046875 0.5830626703124999 0.2956438875 0.582569215625 0.2881859453125 0.581073459375 0.2863534546875 0.5899299578125 0.287302475 0.5949572796875 0.294174553125 0.60660944375 0.302277659375 0.61505886875 0.319702409375 0.62515285 0.324009434375 0.613492990625 0.3186659921875 0.594910678125
0 0.1497046703125 0.5856214078125 0.16033225 0.6056759578124999 0.16905242812500001 0.6129742765625 0.177118078125 0.6106173359375 0.18831903125 0.616913353125 0.2063452484375 0.62135358125 0.2106335484375 0.6042905375000001 0.20342015781249997 0.5837583578125 0.191242090625 0.5643302421875 0.18068005781250002 0.5631868296875 0.171656025 0.5578148625 0.15331346875000001 0.5516988609375 0.15273073125 0.5627558046875001 0.1524487234375 0.5709858640625 0.1497046703125 0.5856214078125
0 0.32015021718750003 0.6705468531250001 0.31728217187499996 0.6641920578125 0.31233418125 0.6549208296875 0.3092363734375 0.6569237796875 0.30692927187499996 0.66311540625 0.3097973203125 0.669470203125 0.31577097656249997 0.676072965625 0.320181425 0.679550521875 0.32015021718750003 0.6705468531250001
0 0.33759340781249997 0.6892282953125 0.3382390734375 0.696187353125 0.3407389515625 0.7001410296875 0.3445797859375 0.70200126875 0.3449410046875 0.702053253125 0.3458548375 0.69672034375 0.34538308125 0.6951059640625 0.3441261140625 0.6911013609375 0.3422500328125 0.6877981390625 0.33975952343750004 0.6865481453125 0.33759340781249997 0.6892282953125
0 0.2652519703125 0.708979984375 0.26599969843750004 0.7005554671875001 0.2638132796875 0.69737763125 0.2589718140625 0.690308809375 0.2549358625 0.6914881953124999 0.253084771875 0.6953948015625 0.253887165625 0.7027417796875 0.256855675 0.707408609375 0.262157965625 0.7129375109375 0.2652519703125 0.708979984375
0 0.21829695937500002 0.7152786828125001 0.2098243375 0.7085168187499999 0.2039421125 0.7132081703125001 0.20429735781249997 0.7237126218750001 0.2046461953125 0.732367840625 0.2099461203125 0.743652246875 0.21412526562499998 0.753537653125 0.2194075640625 0.7597366671875 0.225637025 0.763238225 0.228002525 0.755801125 0.22779846250000002 0.7429208109375 0.22695601562499998 0.7298354671875 0.21829695937500002 0.7152786828125001
0 0.2340209546875 0.7904059734375 0.227907425 0.7743577734375 0.22263313906249999 0.7704702984375 0.21721888437499998 0.7721948421875 0.2183685078125 0.7819153921875001 0.21885570781250002 0.78449628125 0.2223964703125 0.7941766593749999 0.226085209375 0.8005565562499999 0.2289635515625 0.8030972765625 0.2319770515625 0.7986390546875 0.2340209546875 0.7904059734375
0 0.3200981984375 0.833868015625 0.33083961875 0.85128711875 0.341687353125 0.8533857265625 0.3448472296875 0.8451647187500001 0.34180168125 0.840376775 0.3381081328125 0.832609953125 0.3334465953125 0.8215305796875001 0.33024826093750004 0.8186561890625 0.325946775 0.8194681921875 0.3194165484375 0.8211806609375 0.3200981984375 0.833868015625
0 0.360482609375 0.8027370734374999 0.36141214375 0.7949542265625 0.358977740625 0.7825120765625 0.35239944375 0.770355296875 0.344899625 0.7682929125 0.33917659375000003 0.7729199453125 0.3419293875 0.7852334562500001 0.357144309375 0.805474703125 0.360482609375 0.8027370734374999
0 0.2735083625 0.868432025 0.2729148453125 0.8811716234375 0.2769556265625 0.8971313562500001 0.28687863281250003 0.9083997390624999 0.2956728515625 0.9159575828125 0.3047470015625 0.9122913875 0.309186853125 0.9054050578125 0.31058275625 0.8941930953125 0.30513165 0.8852845515625001 0.2926118390625 0.8607137187499999 0.2793232875 0.844323725 0.27423063124999997 0.8468442484375001 0.272836328125 0.8585185203125001 0.2735083625 0.868432025
0 0.20789929687500003 0.2110497421875 0.21010830781249998 0.20113673125 0.20506056093749997 0.1886431171875 0.2002094203125 0.183086015625 0.1943416734375 0.1829510453125 0.1973353890625 0.20028365625000003 0.201495490625 0.205618815625 0.20789929687500003 0.2110497421875
0 0.284230765625 0.47638313125 0.2852369671875 0.467958371875 0.2827793078125 0.45592170625 0.278283228125 0.453227990625 0.27276707031249997 0.454955521875 0.2726415765625 0.468536984375 0.2774979203125 0.4755954 0.284230765625 0.47638313125
0 0.307055815625 0.48971247656249994 0.30702633125 0.48120502343749993 0.3033710640625 0.47215792187499994 0.29851645625 0.46559994531250004 0.298855903125 0.4639593796875 0.2955765125 0.463780925 0.2930072375 0.46932922968749996 0.2935432953125 0.4746251828125 0.29564068906249996 0.48229714531249995 0.3022237578125 0.48966019687499995 0.307055815625 0.48971247656249994
0 0.17996085781249999 0.31058093593749997 0.18823834374999998 0.3327769328125 0.1843242140625 0.33504862343749997 0.1762980125 0.351061578125 0.17657360312499998 0.3619946953125 0.1751888359375 0.373943778125 0.1747121078125 0.3907030828125 0.1711695546875 0.3973114578125 0.166685903125 0.4067160375 0.17030610625 0.422510353125 0.1814968953125 0.42799802343750004 0.19159087187499999 0.425645490625 0.1966500140625 0.41083130468749995 0.20360010156250002 0.4100941234375 0.21178479687500001 0.42266370625 0.2208416921875 0.42970380625000004 0.22929322968750002 0.4335370921875 0.2448358453125 0.425876909375 0.24854925312499998 0.4171286671875 0.2485703671875 0.40607567343750006 0.2428612765625 0.3876739296875 0.23617803125 0.37967481406250003 0.230630628125 0.3736327640625 0.2184748515625 0.364048159375 0.2124810015625 0.3492128609375 0.222254378125 0.34008706875 0.23427833437499998 0.345928396875 0.250438253125 0.344921596875 0.25033351718749997 0.331848615625 0.24582319687499998 0.31641393125 0.22927697500000002 0.29169135 0.21554765625 0.2910258453125 0.1908071546875 0.3024022125 0.17996085781249999 0.31058093593749997