0 0.17877949843750002 0.33538697812499996 0.180475271875 0.32121343750000003 0.1737605296875 0.3091750328125 0.161499928125 0.30580711250000003 0.1448278234375 0.30467643906249997 0.137311115625 0.3154115 0.1404966578125 0.329239703125 0.1662668453125 0.33800484218750004 0.17877949843750002 0.33538697812499996
0 0.3327363203125 0.43730857343749996 0.3491448625 0.43537765625 0.3597324734375 0.4300082609375 0.3582657296875 0.42010126718749996 0.3475519734375 0.40796075312499996 0.3405851796875 0.401908134375 0.33435175625 0.40080901406249997 0.318149459375 0.4015702484375 0.3052243140625 0.406527475 0.302588921875 0.41691719687499995 0.3087307328125 0.42764853281250004 0.3327363203125 0.43730857343749996
0 0.36954067031250004 0.383495871875 0.3610270296875 0.3862158484375 0.3608322953125 0.3964329015625 0.3608438046875 0.4054802765625 0.364590765625 0.4115681734375 0.37747010468750003 0.41142705625 0.381205553125 0.40846757968749997 0.387484784375 0.40475059375000005 0.3925608328125 0.3941882 0.3856971609375 0.38755074375 0.36954067031250004 0.383495871875
0 0.4022663796875 0.4302718609375 0.42059996406250005 0.431092475 0.4241176578125 0.4202553015625 0.4226051078125 0.41516441562499995 0.407961165625 0.41620043124999995 0.400593390625 0.42153454687499997 0.39976840625 0.42621326249999997 0.4022663796875 0.4302718609375
0 0.47117572812499997 0.49275933906249997 0.47089920625000004 0.484971184375 0.47582280312499997 0.4780999515625 0.47226975156249995 0.4725202390625 0.467434309375 0.46485695 0.4604399984375 0.45774172343749997 0.444998465625 0.4540902359375 0.431221728125 0.45970999843750004 0.4240039578125 0.46555755625 0.42924531874999994 0.4779360578125 0.43903969218750005 0.4855450109375 0.448057565625 0.49054044062499996 0.46558150937500004 0.49641656718749994 0.47117572812499997 0.49275933906249997
0 0.4860052453125 0.45543889687499994 0.4882581765625 0.44500099375 0.47806970312499997 0.44196618593750003 0.46591060625 0.4407509375 0.462369375 0.4444605859375 0.46395180468749997 0.4518598546875 0.46988139531249995 0.46033522343750005 0.4825228640625 0.4634929828125 0.4860052453125 0.45543889687499994
0 0.5167883421874999 0.46798703125 0.5187589609375001 0.4661674734375 0.51874714375 0.4568781140625 0.5117881671875 0.45657978593750004 0.5068586609375 0.458806340625 0.5046527609375 0.464299321875 0.5046880953125 0.471116221875 0.5125529703125 0.4709551328125 0.5167883421874999 0.46798703125
0 0.5508361453124999 0.4690373640625 0.5443771500000001 0.46356440781249997 0.534247525 0.4648740390625 0.5274297640625 0.4707921296875 0.52530623125 0.4781570890625 0.5322005703125 0.49051747968750004 0.5480891437500001 0.48929457656249997 0.5497362109374999 0.48463178593749995 0.5503714984375 0.48102889375 0.5508361453124999 0.4690373640625
0 0.5336006640625001 0.5012899328125 0.5288358875 0.5072604453125 0.530077159375 0.5189336203125 0.54189509375 0.5244227765625 0.5500776140625 0.522460240625 0.56553084375 0.51434990625 0.567230853125 0.509386875 0.564907253125 0.506190978125 0.5505480484375 0.4940622125 0.5418066984375 0.49685493750000004 0.5336006640625001 0.5012899328125
0 0.663597953125 0.5616706437500001 0.6677803828125 0.559002784375 0.671639259375 0.553491690625 0.6732568999999999 0.546656678125 0.674080434375 0.5443252828125 0.6678920500000001 0.5419958015625 0.657144746875 0.5397911843750001 0.64877398125 0.5404822265625 0.6388561187499999 0.5405908921875 0.6346914171875 0.55719279375 0.6474152515625 0.5622225328125 0.6539742203125 0.5624503265625 0.663597953125 0.5616706437500001
0 0.6126613703125 0.5300901125 0.606237709375 0.5314340546875 0.606220103125 0.5385511937499999 0.610437865625 0.542700234375 0.6177439109375 0.5433693359375 0.62019690625 0.5434922875 0.6215204203125 0.5359862640624999 0.62029096875 0.533602446875 0.6185026859375 0.5320488203125 0.6126613703125 0.5300901125
0 0.625832125 0.50919428125 0.61857901875 0.5082249375 0.6097317890625 0.511618146875 0.6098730031249999 0.5178345640625001 0.610543625 0.521048571875 0.62174388125 0.523023478125 0.6379560078125001 0.5246438109375 0.64576203125 0.5201382812500001 0.6448737390625 0.513480559375 0.6375912109375 0.5103389968750001 0.625832125 0.50919428125
0 0.8679086625 0.628653721875 0.8671556765625 0.6235677374999999 0.868002725 0.6187638796875 0.86802033125 0.611646740625 0.8636966875000001 0.6080981828125 0.8567377125 0.607799853125 0.8555906249999999 0.6072880140625 0.8496199140625 0.6084022499999999 0.8498611015625 0.6093735046875 0.8435727453125 0.6122891859374999 0.8423786281250001 0.6167222671875 0.8417727656249999 0.6224973796875 0.8439140265624999 0.6290664578125 0.8465846921875 0.6326331281249999 0.8557849031250001 0.6342553734374999 0.8669792484375 0.6315855984375001 0.8679086625 0.628653721875
0 0.8047735109374999 0.6019206828125 0.801218309375 0.6064879890625 0.798464765625 0.6099744859375 0.7970711796875001 0.6161451015625 0.7983617109375001 0.6209557609374999 0.8021617109375001 0.62193134375 0.8071992703124999 0.6228196015624999 0.8124458328124999 0.62252255 0.8185463000000001 0.620848365625 0.823443559375 0.61560108125 0.8291431984375001 0.6144673015625 0.833448528125 0.6143098265625 0.8349824124999999 0.6142747515625 0.8373873812499999 0.6110323296875 0.8420577390625 0.60360625625 0.8426847453124999 0.6000503312500001 0.8396513265625 0.5964600546875001 0.832556653125 0.5933758328125001 0.826054634375 0.5903961093750001 0.818698709375 0.588793521875 0.8132424234375 0.5850815703125 0.8017379203124999 0.5827474765625 0.799088878125 0.58564131875 0.7984969468750001 0.5907311296875 0.8011989640625 0.59273526875 0.8048944640625001 0.5943035046875 0.80759648125 0.5963076453125 0.8069694765625 0.59986356875 0.8047735109374999 0.6019206828125
0 0.7615985390625 0.605918296875 0.7671936781250001 0.60537716875 0.7707667781249999 0.6041739625 0.7758730390624999 0.5977413703125001 0.77805110625 0.592320159375 0.7789916140625001 0.5869862718750001 0.7774920812499999 0.5833609234375 0.7731166015625 0.5804506265625 0.767782715625 0.5795101171875 0.7651157734375 0.5790398640625 0.760374540625 0.57820385625 0.7563483625 0.5802437953124999 0.7514332031250001 0.58212698125 0.7493589140625 0.581761228125 0.7439899515625 0.5792868343750001 0.741218509375 0.579409234375 0.7352225421874999 0.580490765625 0.73351473125 0.5832450328125 0.7329922265625 0.586208303125 0.7327137984375 0.5895201515624999 0.7363047968750001 0.5916810421875 0.73956439375 0.592255796875 0.740384671875 0.5997333984375001 0.7426858625 0.602277940625 0.7482115734375 0.6038633531250001 0.7562124046875 0.605274115625 0.7615985390625 0.605918296875
0 0.71791100625 0.5591058640625 0.7152784140625 0.5549751859375001 0.7125763968750001 0.5529710453125001 0.7130115765625 0.5487702171875 0.7127667765625 0.543227328125 0.7086876234374999 0.5403692828125 0.701959428125 0.5404050828125 0.696678515625 0.5443625578125 0.6940817218750001 0.5469600734375 0.6927224859375001 0.549470265625 0.693455440625 0.555710309375 0.6903883921875 0.5609747671875 0.6870078421875 0.568017190625 0.6840281203125 0.574519209375 0.684499096875 0.5770465765624999 0.6876019421875 0.5785103109375 0.691105615625 0.5794336437500001 0.6982697156250001 0.5803913281249999 0.70233096875 0.5798852765625 0.7075947046875 0.5777580125 0.7123702890625 0.5749335953125 0.7147573578124999 0.5683270765625 0.716012090625 0.5664095375 0.7174235765625 0.5636030203125 0.71791100625 0.5591058640625
0 0.19223466718749999 0.3970573234375 0.204558725 0.40167470937500005 0.21676038281249999 0.40352065000000004 0.22185019218750002 0.4041125796875 0.22699225156249997 0.404408184375 0.229763696875 0.404285784375 0.23725847187500002 0.40163529374999996 0.2414063265625 0.3971724890625 0.2434104671875 0.39447047031250004 0.249178084375 0.3808215296875 0.24809655468749997 0.3748255640625 0.243006021875 0.369039321875 0.2476592046875 0.3634434609375 0.25124948125 0.3604100421875 0.2540724515625 0.35479700468750003 0.25429862812500004 0.351781484375 0.25234529375000003 0.34379855312499996 0.24570370000000002 0.3398776 0.236970640625 0.33742110468750003 0.21870286718749998 0.3335889234375 0.21085951249999998 0.336483490625 0.20923902499999997 0.3404753171875 0.2091524234375 0.3444320703125 0.2100772015625 0.3513170171875 0.21086240625000002 0.35726073281250004 0.208004359375 0.36133988437500003 0.20397818124999997 0.363379821875 0.194286715625 0.36289311562500004 0.186129134375 0.3623713359375 0.18199917968749998 0.3701982375 0.18193047812500002 0.37751908749999996 0.183430734375 0.3863387484375 0.19223466718749999 0.3970573234375
0 0.2986603546875 0.35838149218750004 0.29228073593750004 0.35817321406249997 0.2886382109375 0.3615029609375 0.2879589546875 0.3653552109375 0.287122946875 0.37009644375 0.2870714203125 0.37558708125 0.2900525890625 0.379473684375 0.2928941828125 0.382419053125 0.302184821875 0.3834461640625 0.306298325 0.3826437859375 0.31006325 0.3820854828125 0.31454250625 0.3792088140625 0.3143850328125 0.374903484375 0.31396630625 0.3720797890625 0.3136170046875 0.36712955625 0.3102872578125 0.3634870296875 0.305859528125 0.3608730609375 0.2986603546875 0.35838149218750004