0 0.9548642734375001 0.74059275 0.9361045578124999 0.7240140921875 0.9235072515624999 0.7444429078125 0.9290120406250001 0.7936695953124999 0.9426571453125 0.8257121546875 0.96023281875 0.8370413234375 0.9765874484375001 0.8296383531249999 0.9831333390625 0.8126499921875 0.9765235515624999 0.7676051375 0.9548642734375001 0.74059275
0 0.7947864109375 0.641668625 0.7943325984375 0.6215066078125 0.78923138125 0.601915221875 0.7763375578125 0.5984439484374999 0.7672696484375 0.609666215625 0.7656823390625 0.6241820125 0.760410928125 0.6635799234374999 0.765791575 0.688191434375 0.773499084375 0.7015659703125 0.7828201625 0.6978942703125 0.7900244875 0.68521600625 0.79266019375 0.6655170515625 0.793659221875 0.654443109375 0.7947864109375 0.641668625
0 0.8503746140624999 0.641582496875 0.8559454125 0.6265775921875 0.8557972984375001 0.608905259375 0.8506204437499999 0.5859535328125001 0.8386468593749999 0.5789996484375 0.8297596374999999 0.5834604875 0.8165307 0.5909816359375 0.823442978125 0.6170898984375001 0.8324257906250001 0.635362278125 0.841641815625 0.6418123453125 0.8503746140624999 0.641582496875
0 0.8207505609375 0.567718546875 0.8265482656250001 0.5627946453125 0.8350016328125 0.557544675 0.8419990078125 0.5541582890625001 0.84070059375 0.540839221875 0.836365190625 0.5219962125000001 0.8269453671875 0.5138863578125 0.816598996875 0.5311624390625 0.813608225 0.5424809359375 0.81324685 0.5560037984374999 0.8148541125 0.5608608875 0.8207505609375 0.567718546875
0 0.729642884375 0.5721659156250001 0.7160294640625 0.5847887093749999 0.709285259375 0.5957256609375 0.701088215625 0.5975745375 0.696999671875 0.6081854171875001 0.69742721875 0.630877875 0.7069226750000001 0.6423480671874999 0.7111593359375 0.64940951875 0.717029521875 0.658797621875 0.7301071875 0.6445558 0.7353954015624999 0.6354824328124999 0.7440788281249999 0.62936180625 0.7453110671875 0.60646555 0.7416658421875 0.5850105796875 0.729642884375 0.5721659156250001
0 0.796796703125 0.47992760937499995 0.79736911875 0.4868760984375 0.8023887140625 0.4911729109375 0.80606916875 0.4914228828125 0.8059019968750001 0.4809152515625 0.8053295796875 0.473966765625 0.800991809375 0.46607685 0.798820296875 0.47125661875 0.796796703125 0.47992760937499995
0 0.8147226859375 0.45046494062500003 0.816294925 0.44816424843749997 0.81633435 0.44436564375 0.8154922484375 0.44025374843750004 0.8151221874999999 0.4386130671875 0.8117374859375 0.4343918359375 0.811446759375 0.43461242499999997 0.8089893515625001 0.4381015 0.8087196890625 0.44277142812500003 0.8115287953125 0.4491709828125 0.8147226859375 0.45046494062500003
0 0.7422409562500001 0.48634244843749996 0.743048365625 0.477812728125 0.7434200046874999 0.47397333281250004 0.7386817406249999 0.46696759062500004 0.734057015625 0.46500626250000004 0.7320999921875 0.47241255000000004 0.7317662 0.4779334140625 0.7346262968749999 0.48474823437500003 0.7381392578125 0.48726760156250004 0.7422409562500001 0.48634244843749996
0 0.683403303125 0.4440757875 0.6777288109375 0.4387179703125 0.6739779921875 0.44480060468750005 0.6723633312499999 0.45278329375000004 0.6735007078125 0.4634553546875 0.6743360765624999 0.47589437187500006 0.6782271093750001 0.4836335171875 0.6830090656250001 0.49299314531249994 0.6904281875 0.49424453437500004 0.6945602921875 0.48422286562499994 0.6950764031250001 0.467293221875 0.689469325 0.45544009531249996 0.683403303125 0.4440757875
0 0.6661112609375001 0.40468200000000004 0.6613142046875 0.4022437265625 0.660028515625 0.40586133750000003 0.6598953078124999 0.4132296578125 0.6614916281250001 0.423412903125 0.6623167515625 0.4259064 0.6660238859375001 0.43496553281250006 0.6715953734375 0.43384896875 0.674323684375 0.42789188281249996 0.6718903765625 0.4108919125 0.6661112609375001 0.40468200000000004
0 0.742466178125 0.323517015625 0.74226645625 0.3203125 0.7266078046875 0.3203125 0.7261044125 0.33114807812499997 0.7316591796874999 0.342575159375 0.738200865625 0.3409070015625 0.742356696875 0.33953179375000003 0.7437604921875 0.3354672125 0.742466178125 0.323517015625
0 0.7723389640625 0.375205071875 0.7795876703125 0.3764773859375 0.7851472953124999 0.3710375984375 0.7850070812500001 0.35721581874999997 0.781104184375 0.345153446875 0.7765179953125 0.33879706249999997 0.7722710234375 0.33802111875 0.768776903125 0.363100853125 0.7723389640625 0.375205071875
0 0.9259014343749999 0.9448100359374999 0.9316860874999999 0.9614208609375 0.9367527000000001 0.9584580734375001 0.9383014656249999 0.9512458421875 0.9366593015625 0.937871484375 0.9299213328124999 0.930272321875 0.9269534046875 0.93812694375 0.9259014343749999 0.9448100359374999
0 0.861713915625 0.6736812234375 0.8684080984375001 0.685499 0.8740701625 0.6843356453125 0.87669658125 0.6797999265625 0.8730106093750001 0.6680809234375 0.8680461609375 0.6612002796875001 0.8625393796875 0.6651533921875 0.861713915625 0.6736812234375
0 0.8773463375 0.6408647203125 0.8751583343749999 0.6504961265625 0.8770433531249999 0.6582230124999999 0.8791420343749999 0.6631148437500001 0.8840790453125 0.666721890625 0.8868607484375 0.6649759296875 0.8857685 0.6637056265625 0.8868350656249999 0.65561633125 0.8856459109375001 0.6459314484374999 0.8815472046874999 0.6384763671875 0.8773463375 0.6408647203125
0 0.8352354140625 0.7327585703125 0.8307271828125 0.74330685 0.8296625421874999 0.7582684734375 0.8232264656250001 0.760993190625 0.8116195796874999 0.7504891312499999 0.8016506578125 0.7533252171875 0.79452345 0.7635502437499999 0.7990143859375001 0.779119371875 0.8074953046875001 0.7851710859375001 0.8137974953124999 0.7892334375 0.8223395234374999 0.8036603328125 0.8293436984375001 0.8134398875000001 0.8344031421875 0.8231358156249999 0.8491862515624999 0.8332498828125001 0.8537109624999999 0.8333391406249999 0.8572321437499999 0.8567652015625 0.870683653125 0.8586600843750001 0.8978375562500001 0.856615646875 0.9095228453124999 0.8493774765625 0.9120087515625 0.8197328531249999 0.9084706828125 0.8040467265625001 0.9022243796874999 0.7925620624999999 0.8876024890625 0.7995159796875 0.879918034375 0.8104542515625001 0.8669457734374999 0.80721088125 0.8649958171875 0.791329759375 0.8709807906249999 0.7770536375 0.8729034140625 0.7690797078125 0.8748706640625 0.758843421875 0.8709426046875001 0.7399810718750001 0.865565540625 0.7303241421875 0.8580764890625 0.724473053125 0.84076888125 0.725308515625 0.8352354140625 0.7327585703125
0 0.0810691953125 0.6551137046875 0.0792321296875 0.6606186562499999 0.083159159375 0.6721350859374999 0.0869120234375 0.6822330671875 0.0910872875 0.686999796875 0.101517778125 0.6871589250000001 0.1049436734375 0.682898725 0.1061368 0.67507311875 0.10556159218750001 0.6674646359375 0.102632171875 0.6582254375 0.09752269531249999 0.6487739703125001 0.0879737 0.6499464406250001 0.0810691953125 0.6551137046875
0 0.04113624375 0.674895128125 0.0442451703125 0.6826724546875 0.0473594359375 0.6875694578125 0.06097292343750001 0.6873377640625 0.0652856546875 0.681528840625 0.0681837203125 0.6758936156249999 0.0666162484375 0.66312758125 0.0641566 0.6547905890625 0.05609634375 0.6476212125 0.047661065625 0.6520165437500001 0.043348334375000006 0.6578254671875 0.0419283296875 0.6608794890625 0.04113624375 0.674895128125
0 0.8451640359375 0.2171151328125 0.8469964750000001 0.20087792656249998 0.8466259515625 0.1874731640625 0.8426264859374999 0.16874958281250002 0.836593603125 0.161163978125 0.8271619484375 0.167445946875 0.8270822250000001 0.184108434375 0.8280725421874999 0.20256100312499997 0.8318081453125 0.222597959375 0.8376860796875001 0.22892161249999998 0.8451640359375 0.2171151328125
0 0.762926790625 0.19134524375 0.7662435828125 0.2114336234375 0.7743559234374999 0.2117185296875 0.7947058296875 0.2181867140625 0.79597910625 0.207782559375 0.7910791421875001 0.19557443125 0.7827972578125 0.1869839921875 0.7758953125 0.1827075375 0.7649602140625 0.18020726874999998 0.762926790625 0.19134524375
0 0.7465801875 0.2648611984375 0.7421671921875 0.2618130609375 0.7391968421875 0.25589530312500003 0.7334111531249999 0.2489769828125 0.72424380625 0.247410103125 0.7077546640625 0.2593071703125 0.7050864953125 0.266814746875 0.7076069265625 0.27637773125 0.7203573828125001 0.281543390625 0.733929890625 0.28974935 0.7209388031249999 0.2935881953125 0.7099952890625 0.29582938593749997 0.7053338296875 0.3053767 0.71906134375 0.31849985468750003 0.7217675 0.3203125 0.753545859375 0.3203125 0.7577475296875 0.311954796875 0.7635875015625 0.3193152015625 0.763259584375 0.3203125 0.8008275406250001 0.3203125 0.8012652875 0.31917642968750004 0.80486406875 0.3155933203125 0.8038327296875 0.3071937421875 0.8028013906250001 0.2987941625 0.8027549453124999 0.29476113437499996 0.8034841046875 0.289735378125 0.8058265875 0.279575303125 0.80595865625 0.2696866328125 0.805415846875 0.2652658015625 0.8020812015625 0.249071571875 0.8014919453125 0.24061771250000002 0.799467878125 0.2314425296875 0.796768934375 0.2277351875 0.79075045 0.22623042343750002 0.784119203125 0.2270446390625 0.781955234375 0.23134907343750002 0.780109115625 0.24189695000000003 0.771143221875 0.24928029375 0.7692120453125 0.24817116874999998 0.7577643328125 0.253615503125 0.7513966562500001 0.260231078125 0.7465801875 0.2648611984375
0 0.136879859375 0.21259099531249998 0.1412737609375 0.19956562656250001 0.1400397203125 0.18544758125 0.1300572484375 0.17329556562499998 0.12312163281249999 0.1696879140625 0.1132207921875 0.174470971875 0.10882689062499999 0.1874963421875 0.11578363124999999 0.2116138921875 0.12019866093750001 0.2190984265625 0.128118309375 0.2225852546875 0.136879859375 0.21259099531249998
0 0.237146321875 0.2644928484375 0.2415875984375 0.2559209015625 0.24396605781249997 0.23868375468749997 0.2423952515625 0.22995815312499998 0.23132086875 0.2170483515625 0.2213726515625 0.21737799375 0.21316361874999998 0.22373701875 0.20901972500000002 0.25100125625 0.22089663593750003 0.2745146859375 0.22860052656250002 0.2762443125 0.237146321875 0.2644928484375
0 0.25572877968749996 0.195506259375 0.265853428125 0.1927687125 0.2710191796875 0.1861568515625 0.271045271875 0.17419847500000002 0.2694957359375 0.16766395 0.26435607499999997 0.16231743437499999 0.25230731875 0.1615552421875 0.2433706796875 0.16788291093750002 0.2409816140625 0.16668185468750002 0.236965675 0.1522309828125 0.23248478125 0.140078796875 0.22524024687500002 0.129760340625 0.21200347968750002 0.1254080234375 0.2025245515625 0.1273190890625 0.195886596875 0.1341117125 0.1940137296875 0.1492856390625 0.1921408625 0.1644595625 0.1998242578125 0.18443771250000002 0.20248446874999998 0.187847071875 0.21342255312499997 0.19173443125 0.23485985937499998 0.189849459375 0.23835959999999998 0.18792535 0.2508602671875 0.192368046875 0.25572877968749996 0.195506259375