0 0.509375 0 0.509375 0.01521145625 0.51657121875 0.03237310625 0.5241541062499999 0.0389508890625 0.537844065625 0.0288988578125 0.5482284890625 0.0145433890625 0.5551939609375001 0 0.509375 0
0 0.55958738125 0.083053840625 0.5582402375 0.07293755625000001 0.5535875640625 0.058517834375 0.5447714671874999 0.0566697390625 0.5409873953125001 0.052503520312499996 0.5342436187499999 0.05968854999999999 0.53529988125 0.07601474375 0.5487686546874999 0.0922825578125 0.55958738125 0.083053840625
0 0.5998838 0.08812809687499999 0.5981023578125 0.0728850609375 0.5922312187500001 0.061440371875 0.5829070921875 0.06323880937500001 0.5820934359375001 0.0748499046875 0.58915355 0.0868288765625 0.5998838 0.08812809687499999
0 0.6170120031249999 0.0665875953125 0.62133359375 0.0635979703125 0.6251913921875001 0.058990906249999996 0.6259608109375 0.0526437828125 0.619828284375 0.043899684375 0.6141005671875 0.043791653125 0.610953203125 0.049070215625000004 0.6170120031249999 0.0665875953125
0 0.6480097515625001 0.09883419843749999 0.6511423703125 0.0953102921875 0.6502442765625001 0.08856610312499999 0.6450540796875 0.0813022265625 0.6386601656249999 0.0752587234375 0.63409193125 0.0791942875 0.6301898953125 0.08906531875 0.6363519125 0.094300103125 0.6427605734374999 0.098588946875 0.6480097515625001 0.09883419843749999
0 0.4833033734375 0.9616061078125 0.48410635781250005 0.9502151671875 0.47595593437500006 0.938347753125 0.459346128125 0.9324571578124999 0.43816971718750003 0.9248321890625 0.418203040625 0.9214260703124999 0.40459400156249997 0.9212699671875001 0.38556823125 0.921145175 0.36833524687499997 0.92963778125 0.3726801671875 0.9400598875 0.3889338703125 0.9541694578125 0.40782872968749995 0.96802899375 0.4320949359375 0.9793337140625 0.4484813015625 0.98681029375 0.4611948234375 0.9862085734375 0.46925095937499994 0.9788254734375 0.47520360000000006 0.9735674546875 0.4833033734375 0.9616061078125
0 0.0140652578125 0.61421923125 0.0193510796875 0.6279226640625 0.030725712500000002 0.6439385890625 0.0371741296875 0.652235615625 0.0470248046875 0.6605716671875 0.054861007812499994 0.668978053125 0.068562578125 0.6812829171875 0.091440996875 0.6924782734375 0.118662578125 0.706993984375 0.13468933593750002 0.708486034375 0.14829837343750002 0.7086421359374999 0.15541360625 0.697977709375 0.1539332875 0.6857195843749999 0.1499898609375 0.6696020093749999 0.13423018125 0.66194573125 0.11368045625 0.6541410640625 0.108441775 0.6500628875000001 0.0996646671875 0.6383751734375 0.0915596328125 0.6290312640625 0.079334875 0.61478101875 0.06335000156250001 0.6016089703125 0.044769359375 0.5912104609375 0.023462039062500002 0.5973202375 0.0140652578125 0.61421923125
0 0.6414438046875001 0.7208962921875 0.63296936875 0.725046646875 0.6186670671875001 0.7403300578125 0.6117368765625 0.7543597203125 0.611620696875 0.774177084375 0.6232720015625001 0.7923405328124999 0.6298953453125 0.8042041375 0.6492628546875 0.8020912984375 0.659258178125 0.7897632484375 0.6715465218750001 0.774197153125 0.678895290625 0.75488640625 0.6715882093750001 0.74063833125 0.654211315625 0.7249768484375 0.6414438046875001 0.7208962921875
0 0.567509184375 0.8315550171874999 0.5562764625 0.8081104874999999 0.5469415234375 0.8047660078125001 0.5412531765625 0.8141386953125 0.5356671125 0.8148803015625001 0.5339694453125 0.817947628125 0.52607646875 0.83311354375 0.523388221875 0.8596896734374999 0.529783653125 0.8707584531249999 0.5375604515625 0.8754099 0.5667465140625 0.8558586406250001 0.566392971875 0.845637903125 0.567509184375 0.8315550171874999
0 0.6855836703125 0.75124819375 0.6964767453125 0.753285709375 0.705913965625 0.7479991015625 0.7051557453124999 0.7318731734374999 0.6948719109375 0.7184786703125 0.6831555703125 0.7158170453125 0.677048646875 0.7304708171875001 0.6855836703125 0.75124819375
0 0.7183772109375 0.698261821875 0.7152931671875 0.7052644421875 0.71783333125 0.7283294046875 0.723799325 0.7313773515624999 0.7315480890625 0.7264361874999999 0.7423000625 0.7213136828125 0.7529123265625 0.712152375 0.75614705625 0.700347878125 0.7685605421874999 0.6974681765625 0.7753792609375 0.6839561749999999 0.76910441875 0.6674005953125 0.7635096546875 0.6567682968749999 0.7595654171875 0.6572194765625 0.7537795468749999 0.65479969375 0.752368003125 0.6552044484375 0.7459609281249999 0.6577214546875 0.7372601515625 0.6717731234375 0.7318824109375 0.690310409375 0.731772140625 0.691701646875 0.7183772109375 0.698261821875
0 0.8663057671875001 0.5926216906249999 0.8784877328125 0.60136514375 0.8941543984375 0.600951659375 0.903546228125 0.5839825875 0.9159706953125 0.572262215625 0.9254323765624999 0.557312546875 0.9287075249999999 0.5420974125 0.9276083390625001 0.5240577328125 0.919881540625 0.5113175453125 0.9081700890625 0.5024391734375 0.89239315 0.504243903125 0.8769360390625 0.510715584375 0.8687167625000001 0.515791665625 0.861578215625 0.5246367046875 0.8571819218750001 0.539493515625 0.8573804921875 0.5543923921875 0.8593508562500001 0.5701428281250001 0.8615711921875 0.5885408328125 0.862802609375 0.5875079203125 0.8663057671875001 0.5926216906249999
0 0.767593590625 0.6603559140625 0.770295421875 0.6697783203125 0.7739787 0.675520253125 0.784870375 0.674436546875 0.791858234375 0.670393378125 0.8008788359375 0.6610086671875 0.8088481390625001 0.65328503125 0.8243052531249999 0.6468133421875 0.8356674406250001 0.6455947203125 0.843956571875 0.6425380421875 0.8539291812500001 0.624042815625 0.8532306609375 0.603848825 0.8354025265624999 0.5967243843750001 0.8283448171875 0.59874815 0.8179530890625 0.60512698125 0.8036465625 0.6173870234375001 0.79441640625 0.6207135421875 0.7850465421874999 0.6200012578125 0.7776580203125001 0.626198740625 0.7685860203125 0.6478347640625 0.767593590625 0.6603559140625
0 0.9619106390625 0.48106648906249994 0.96176749375 0.501712146875 0.9622330640625 0.505258040625 0.9695903984375001 0.50977126875 0.9760484609375 0.5130706046875 0.9876872296875 0.5075256015625 0.9903650875000001 0.49571955624999997 0.9893264687500001 0.480563915625 0.9838989453125 0.4674026546875 0.9703422546875 0.4720258515625 0.9658339781249999 0.4755262171875 0.9619106390625 0.48106648906249994