0 0.15925115781250002 0.357689803125 0.1604409015625 0.3781735171875 0.1675121984375 0.38659827343750003 0.1876368421875 0.3715344265625 0.19873805 0.3504109390625 0.20852387343749998 0.33362174843750003 0.23395193593750002 0.29294802343750004 0.2242749984375 0.28822826562500004 0.2061024953125 0.3009269984375 0.19502641406250001 0.3170868796875 0.189203496875 0.3175640984375 0.1749939046875 0.3139508546875 0.1594773015625 0.3130173734375 0.1406261640625 0.33201959531249997 0.1301198296875 0.3633849421875 0.142352159375 0.374326903125 0.1546933703125 0.363759921875 0.15925115781250002 0.357689803125
0 0.3539880484375 0.47091415000000003 0.381912871875 0.4480443671875 0.38453526875 0.441030296875 0.3787877359375 0.42661670156250003 0.37231131875 0.428433796875 0.35868821875 0.436716946875 0.34888564375 0.45681520468750003 0.3539880484375 0.47091415000000003
0 0.39924760312499996 0.47308527343750006 0.41733634999999997 0.47693188906249995 0.4277338015625 0.467075484375 0.42914969531249997 0.4428867703125 0.426569178125 0.4416281671875 0.4078353015625 0.437466909375 0.3921679328125 0.46631505000000006 0.39924760312499996 0.47308527343750006
0 0.46438053124999995 0.5098285812500001 0.465687540625 0.5071488140625 0.472909596875 0.48579195625000005 0.47299335468750003 0.46924661562500003 0.4685277046875 0.45711685468749996 0.4620596625 0.45727941562499996 0.44637554062499996 0.4894366296875 0.452743078125 0.5091284765624999 0.46438053124999995 0.5098285812500001
0 0.5397852671875001 0.5615335078125 0.5495710921875 0.5447443187500001 0.5567763968749999 0.5266965265625 0.556164771875 0.5197637421875 0.5536428843750001 0.5069233984375 0.545968340625 0.48991131250000003 0.5310633609375001 0.49591062968750005 0.5193589015625 0.5084467953125 0.5063306828125 0.5269717984375 0.497809990625 0.5493538890624999 0.50099375625 0.559199815625 0.5087185562500001 0.5662846890625 0.5171136125 0.5687206125000001 0.5261705484375 0.568162121875 0.5397852671875001 0.5615335078125
0 0.5636047921875 0.5831027859375 0.5719579734375 0.5938113765625 0.5946045015625 0.5915878718750001 0.6108918703125 0.5680179812499999 0.6135142671875 0.561003915625 0.6142347796875 0.5464277531249999 0.6078337406250001 0.5333540453125 0.5981903046875 0.522016146875 0.583310453125 0.523051859375 0.5670984671875 0.5317309375 0.557312640625 0.5485201234375 0.548138446875 0.5722421 0.554572984375 0.578697678125 0.5636047921875 0.5831027859375
0 0.8456811640625 0.657292853125 0.8608402921874999 0.6339836531249999 0.8538015343750001 0.629763371875 0.8433428359375 0.6341093390625 0.8368966171875 0.63411430625 0.8332937046875 0.6181865296875 0.825411865625 0.5985972796875 0.8112747203125 0.6019364015625001 0.7952486640624999 0.61458849375 0.7835134609375001 0.6285461328124999 0.7735717578125 0.6520382859375 0.7691695890625 0.6727214906250001 0.7696746625 0.6942236125 0.7791392125 0.704350534375 0.7886474890625 0.7058390328125 0.8104676062499999 0.7007363859375 0.8141977296875 0.6915341749999999 0.8228470234374999 0.6807949484375 0.8351906625 0.6679213140625 0.8456811640625 0.657292853125
0 0.8683404828124999 0.7289628734375 0.889484575 0.7361265375 0.9005676171875001 0.7297233265624999 0.9117222125 0.7091844953125 0.93128748125 0.6644067875 0.925477525 0.659998578125 0.9240578062499999 0.6372631078125 0.89458255 0.6386320859375 0.8829228796875 0.6376687890625 0.874663278125 0.6320658140625001 0.8548514375 0.6649144921875 0.8532210203125 0.6838005640625 0.842360703125 0.706844678125 0.8346340015625 0.7172466328125 0.8271498984375001 0.740362934375 0.8409172265624999 0.7494394640625 0.8683404828124999 0.7289628734375
0 0.9581143171875001 0.70110864375 0.9640355875 0.6835281109375 0.9677816124999999 0.6711846515625 0.9706090250000001 0.6583931515625 0.9669703374999999 0.64953318125 0.9525071109375001 0.6566495140625 0.9447963078124999 0.663910225 0.9345762328125 0.6817558390625 0.922801275 0.7035666015625 0.9131856578124999 0.723281540625 0.9079006484375001 0.7364488921875 0.9029457046875 0.7450537171875 0.8921052625 0.76417126875 0.885567603125 0.782238421875 0.8851938171875 0.79543938125 0.8955849312499999 0.8044437234374999 0.899283253125 0.8015240078125 0.9070020046874999 0.7926926765625 0.9178066640625 0.7806429359375 0.9249368546875001 0.7668010375 0.9405142968750001 0.737397859375 0.9581143171875001 0.70110864375
0 0.09236851874999999 0.3235537890625 0.094059359375 0.32959604374999996 0.09508792968749999 0.3393734046875 0.10446590625 0.3451068109375 0.1140263390625 0.345711628125 0.12346037968750001 0.33350072656249996 0.129399221875 0.32132429375 0.1332018796875 0.305207321875 0.1335782828125 0.2961152125 0.1314306078125 0.29100960625 0.1194940828125 0.285767503125 0.11159001875 0.2877097421875 0.10678038281249999 0.27260985 0.10246205312500001 0.26006850625 0.0973104859375 0.25755591875 0.08705331093749999 0.25719100625 0.07687656875 0.264981553125 0.0690529390625 0.27507925312500003 0.061515176562499996 0.2905339546875 0.05671841875 0.300368765625 0.0545261703125 0.314372534375 0.0630364390625 0.3266395015625 0.07122636875 0.33005426718750003 0.078456671875 0.330682065625 0.09236851874999999 0.3235537890625
0 0.6588269125 0.5452530765625 0.65089760625 0.5396050203125 0.645267196875 0.549323609375 0.641847453125 0.565462434375 0.6394624546875 0.577654253125 0.638480646875 0.5869691031250001 0.6296224734375 0.59600374375 0.6198001375 0.6161425140625 0.6256070125 0.6243167390625 0.634571065625 0.6260177875 0.6474115406250001 0.621596459375 0.662707596875 0.6121404359375 0.6632348593749999 0.6293140078125 0.66797169375 0.637856678125 0.6892510921875 0.65446769375 0.701478203125 0.6604312546875 0.72300251875 0.6655873406249999 0.7308612390625 0.664078271875 0.7461220046875 0.6510436859375 0.751717121875 0.637746534375 0.7426295421875 0.6235205171875 0.7309805015624999 0.6035935015625 0.727944715625 0.5860867796875 0.7091914890625 0.571598196875 0.6925451781249999 0.5892990296875 0.674248628125 0.5848268921875001 0.67472081875 0.56012775 0.66966848125 0.5558828859375 0.6588269125 0.5452530765625