0 0.0481754734375 0.7951739718749999 0.056252076562499996 0.8045362296875 0.0816598375 0.80943830625 0.097398471875 0.8044119671875001 0.1067670296875 0.7971210125 0.10343689062500001 0.78767590625 0.0906034578125 0.777802728125 0.08260976875 0.773190640625 0.0762811484375 0.7733011078125 0.060521784375 0.7771399 0.04877999375 0.78447228125 0.0481754734375 0.7951739718749999
0 0.1321574484375 0.7556951203125 0.1241533953125 0.7504892625 0.1075200390625 0.74959169375 0.099681815625 0.7538861765625 0.1014401640625 0.763952671875 0.10317778281250001 0.772831625 0.10801752656250001 0.7780927156249999 0.1206333109375 0.775496696875 0.12373543281249999 0.7718788359375 0.1291900625 0.7670320078125 0.1321574484375 0.7556951203125
0 0.14526035625 0.7810063546875 0.1453432703125 0.7857565234375 0.148569765625 0.7892639171875 0.166723090625 0.7865712406250001 0.16810832343749998 0.77526196875 0.165652178125 0.770553225 0.1514749671875 0.774364403125 0.14526035625 0.7810063546875
0 0.2050194265625 0.839687821875 0.223342621875 0.8421122625 0.22813622812499998 0.8374548015625001 0.22637873593750002 0.8298625 0.22990078125000002 0.8221780437499999 0.22534835000000003 0.8173788 0.219139521875 0.810778953125 0.21091606875000002 0.8051290312500001 0.19506150312499998 0.8044910156249999 0.182610184375 0.8126362515625001 0.176640790625 0.819753590625 0.1841477828125 0.8309045640624999 0.1952140640625 0.8365048640625 0.2050194265625 0.839687821875
0 0.22067886250000002 0.805873378125 0.2336906015625 0.8065610140624999 0.23557220937499998 0.7979904343750001 0.23579210156250002 0.7873144265625001 0.2252117515625 0.7862794281250001 0.21304417031249998 0.787406571875 0.21027583437500003 0.7917237625 0.2132410390625 0.7986851453125 0.22067886250000002 0.805873378125
0 0.256903178125 0.8098148671875001 0.26459281562500003 0.8081560484375 0.2681840296875 0.8044343328125001 0.26977125625 0.80227219375 0.2679871625 0.7931557609375 0.26109911874999997 0.7941907484375 0.2566850265625 0.7973169890625 0.255567765625 0.8031299546874999 0.256903178125 0.8098148671875001
0 0.30370252343750004 0.8144865265625001 0.3036386734375 0.8108286124999999 0.3018066921875 0.798968740625 0.294422078125 0.794828771875 0.28472845156250004 0.798047165625 0.279165178125 0.805157415625 0.2784859609375 0.8127922484375001 0.2876121046875 0.8236100421874999 0.3029754203125 0.8193779234375 0.30370252343750004 0.8144865265625001
0 0.3062988546875 0.8235887828124999 0.2982509859375 0.8279981265625 0.29104195625 0.8339174249999999 0.28750395 0.8406874046875 0.29094976250000004 0.8519092640625001 0.3035979484375 0.8550426 0.3112556640625 0.8515548234375 0.32487745 0.8406448843750001 0.325599234375 0.835448659375 0.32270851875 0.8327548437500001 0.3062988546875 0.8235887828124999
0 0.41439193750000003 0.8720136734375 0.42087386562500007 0.8709857718749999 0.43017201250000003 0.8683841203125 0.433768546875 0.86496723125 0.43650495781250004 0.8588210828125 0.436788696875 0.8518029890625 0.4371522484375 0.849357290625 0.43063307812499996 0.84825140625 0.4196625703125 0.848137978125 0.41157745625000003 0.8504135406250001 0.40186254843749997 0.852412628125 0.40094215625 0.8695041671875 0.41439193750000003 0.8720136734375
0 0.38230503437499996 0.8490949765625 0.3802531609375 0.8479111156249999 0.37414542812499996 0.84710296875 0.3680962234375 0.8496479109375 0.3694369546875 0.8566376484375 0.3743689 0.8599056718750001 0.3816683828125 0.859168421875 0.38409977031250003 0.8588210609375 0.3839667515625 0.8512004046874999 0.38230503437499996 0.8490949765625
0 0.4025967125 0.8246521703124999 0.394848546875 0.8229578999999999 0.3830870859375 0.8240779546875 0.37578228125 0.824510378125 0.367745053125 0.8295293765625 0.36906982187500004 0.8356046359375 0.37034138437499997 0.83863163125 0.381712690625 0.8384331453125 0.397936128125 0.8369302875000001 0.4047390375 0.8310180781250001 0.4025967125 0.8246521703124999
0 0.4825273765625 0.8630348578125 0.48337742031250003 0.860010578125 0.482997796875 0.8555030421875 0.479625403125 0.8519505781250001 0.47659062187499995 0.8504988296875 0.47621624999999995 0.8462921453125001 0.4749183140625 0.8408978062499999 0.4703687671875 0.8388706109375 0.46377101718749997 0.8401895515625 0.459342253125 0.8450819624999999 0.4572887984375 0.848127246875 0.456433503125 0.8508506734375001 0.45834364687500007 0.856836215625 0.4563374546875 0.862589171875 0.4543627734375 0.8701472453125 0.452678440625 0.8770983609374999 0.45362300937500005 0.8794894265625001 0.45694814062500005 0.8803342171875 0.460563621875 0.880572053125 0.46777883124999997 0.8801451671875 0.47166890781250004 0.878873490625 0.47643003437500003 0.8757809421875 0.48057895312500004 0.8720971921875 0.48166158125 0.8651565796874999 0.4825273765625 0.8630348578125
0 0.0455374125 0.7412565546875001 0.0406922640625 0.7395354640625 0.033149946875 0.7384633375 0.026847796875000003 0.739476175 0.023907540625 0.743439771875 0.023975809375 0.7473508546875001 0.02405983125 0.7521644937499999 0.0250569140625 0.7575640859375 0.028724909375000003 0.7608104453125 0.0320762984375 0.7631595 0.0413922234375 0.7623950015625 0.0452770484375 0.760822471875 0.048866271875 0.75955604375 0.0527143375 0.7558775468750001 0.0517382625 0.751681365625 0.050788442187500005 0.748989446875 0.049501009375 0.7441968140624999 0.0455374125 0.7412565546875001
0 0.0687664015625 0.14230608125 0.0665705078125 0.1491945515625 0.0685423828125 0.156010271875 0.0787900328125 0.1592564671875 0.0856167828125 0.152287165625 0.083205728125 0.1468491390625 0.078550965625 0.145560359375 0.0687664015625 0.14230608125
0 0 0.1343791421875 0.004717146875 0.13520389531250002 0.008813196875 0.1310223140625 0.016601979687499997 0.1260912625 0.024961428124999997 0.1273153765625 0.03291755625 0.1319716 0.045420868749999996 0.131753353125 0.053636874999999994 0.1247598015625 0.053908709374999995 0.1137948328125 0.0486474203125 0.1042964734375 0.0319404765625 0.1025330515625 0.0175728703125 0.102098825 0.009748228125 0.10497546093750001 0 0.10782880312500001 0 0.1343791421875
0 0.1590291421875 0.11195995 0.1492445765625 0.1087056703125 0.1388056734375 0.09450258593750001 0.126466615625 0.0775926140625 0.11319252500000002 0.086729496875 0.1008326546875 0.0951654078125 0.09254492656249999 0.09805012656249999 0.081182946875 0.110578703125 0.0763041625 0.1229941140625 0.0847592375 0.1296966703125 0.0959808734375 0.13566592500000002 0.1053143046875 0.1396130921875 0.12111898125000001 0.1427622890625 0.1355941703125 0.1493597640625 0.14546240625 0.1574076828125 0.166325165625 0.15841355 0.17311605624999998 0.149389834375 0.1677471890625 0.13372822499999998 0.1637556234375 0.117357559375 0.1590291421875 0.11195995
0 0.3560645453125 0.0948204015625 0.341684984375 0.0937013703125 0.33111768750000004 0.0986809203125 0.32898156093750003 0.10899341874999999 0.33203499999999997 0.12469544218749999 0.340026990625 0.1314060828125 0.3562588921875 0.13249278125 0.3639759546875 0.1234528984375 0.3642119265625 0.1104335125 0.36166938593750003 0.097462625 0.3560645453125 0.0948204015625