0 0.220537140625 0.767688625 0.2364612625 0.770546525 0.2526759390625 0.7653880921875 0.252966490625 0.7573717578125 0.2355984921875 0.755420375 0.2273799734375 0.75857156875 0.21631126093750003 0.7611687421875 0.220537140625 0.767688625
0 0.2363219203125 0.7973496671875 0.2280006203125 0.7966819109375 0.2197751796875 0.7976948421875 0.21303808906250002 0.7975724609375 0.2207575296875 0.8078580890625 0.2329143390625 0.8061847265625 0.2363219203125 0.7973496671875
0 0.23625472187500002 0.8324770796875001 0.226143646875 0.823626053125 0.212980771875 0.82177975625 0.20019443125 0.8245179281249999 0.1991340125 0.832147178125 0.2124510578125 0.8397218984375 0.2230305734375 0.8396414265625 0.2317145734375 0.84061711875 0.23625472187500002 0.8324770796875001
0 0.17724465 0.8860640468750001 0.17831594374999998 0.8957697109374999 0.1887521625 0.9072957328125 0.1822512703125 0.9103059281249999 0.171367365625 0.9141262031249999 0.16748442187499998 0.9297544953125 0.1924176890625 0.9362630796875001 0.20248725312500002 0.9322845125000001 0.2079306875 0.9238451859374999 0.21104079687500002 0.92088819375 0.225172184375 0.9286212078125 0.2500846953125 0.928714996875 0.24872581249999998 0.91396728125 0.23729044375 0.9010598671875 0.22386369843749998 0.8875279328125 0.22175569999999997 0.8788079312500001 0.21264673906249998 0.858279915625 0.1943823765625 0.8587660874999999 0.1827048828125 0.8688428671875 0.17717942343749998 0.8798780421875 0.17724465 0.8860640468750001
0 0.1863089828125 1 0.18846992812500002 0.9912912796875 0.1877447828125 0.9807397171875 0.1940417421875 0.9715531093750001 0.203998928125 0.9721005093749999 0.20824336406250002 0.966332159375 0.2098033171875 0.9583068953125 0.2091901484375 0.9561055859375 0.20127609062500001 0.950403003125 0.19519214375 0.949567425 0.1835724234375 0.9504319625000001 0.17544535 0.9547515656250001 0.170142153125 0.9623962359375 0.1687677984375 0.9676814140625 0.16733784062499998 0.9750379062500001 0.16457033906250002 0.9821344062499999 0.16187723125 0.9906334484375 0.162297721875 1 0.1863089828125 1
0 0.5178117140625 0.0536407046875 0.5154106765625001 0.0659929703125 0.5246130671875 0.0771046265625 0.5439527546875 0.085525328125 0.557895409375 0.0812433375 0.559375 0.0805635390625 0.559375 0.053996806249999994 0.555476003125 0.04872560625 0.5510776359375 0.044374564062499997 0.5236288796874999 0.0506926828125 0.5178117140625 0.0536407046875
0 0.821428859375 0.79027089375 0.8057252500000001 0.7868101046875 0.7964585843750001 0.792358540625 0.7949961359375 0.8026904890625 0.8106903937500001 0.8090076734375 0.8243758187499999 0.8088096374999999 0.8283059765624999 0.8026322078125 0.821428859375 0.79027089375
0 0.903865078125 0.896941065625 0.9144522671875001 0.9014489031249999 0.9312843609374999 0.9047207296875 0.93807396875 0.8978741734375 0.9389432875000001 0.8849770328125001 0.9316072953125 0.874976421875 0.9211730656249999 0.8696816828125 0.9071910734375 0.8685971234375 0.9001720296875 0.8766240312500001 0.8991497531249999 0.8903080718749999 0.903865078125 0.896941065625
0 0.9290961984375 0.930019315625 0.9387656390625001 0.9392485546874999 0.9588208796875 0.9455967968750001 0.971014125 0.9418421796875001 0.97120448125 0.929629696875 0.962223353125 0.9168594046875 0.9507371171875001 0.9113601765625001 0.9392321828125001 0.911573740625 0.9289228609375 0.9140612906250001 0.9236925625 0.9269273734375 0.9290961984375 0.930019315625
0 0.8561191765625 0 0.85331665625 0.0023151484375 0.85175176875 0.010365796875 0.8653152140625 0.015459565625 0.8790627671875001 0.0196062015625 0.9187966078124999 0.027329678125 0.9411209015625 0.024788634375 0.984784953125 0.01853224375 0.994990596875 0.0097038875 0.9968768421875 0 0.8561191765625 0
0 1 0.3270172359375 0.9879063921875 0.319223015625 0.963364209375 0.302356546875 0.948211978125 0.2994112515625 0.9283975234374999 0.2955597125 0.9027552859375 0.29057536562499997 0.883426703125 0.2904470546875 0.866235421875 0.2979917671875 0.85532504375 0.3043381703125 0.8482033953125001 0.32230738593749997 0.8384913234375 0.33493469375 0.8196486140625 0.3385296140625 0.8087709859375 0.35093036093749996 0.79594986875 0.3484381875 0.7880502859375 0.3517410453125 0.773482178125 0.37068200625 0.7594955046874999 0.3679632734375 0.7361843796875001 0.3634320484375 0.7065923515625 0.36009913125000004 0.705525046875 0.378035596875 0.73201071875 0.4097949859375 0.7342815015624999 0.4109375 1 0.4109375 1 0.3270172359375
0 0.8257187500000001 0.27134604375000004 0.848050484375 0.2684318046875 0.8643408625 0.2675677296875 0.8733383187499999 0.2668982953125 0.881839153125 0.26048948125 0.8861323265625 0.2508444171875 0.8840821640625001 0.244803059375 0.874739078125 0.23895634375000002 0.8638642765625001 0.23684249687499997 0.8452435843749999 0.2372536046875 0.8291041953124999 0.237340909375 0.81822939375 0.2352270625 0.7963724515624999 0.2398458328125 0.7916263109375 0.2518212109375 0.79633059375 0.2607968390625 0.8106581109375 0.27003079375 0.8257187500000001 0.27134604375000004