0 0.319724609375 0.339339465625 0.3380182109375 0.3548756421875 0.35073667343750003 0.33331133125 0.3629885859375 0.3009279375 0.35535524218750003 0.2560451984375 0.3438800375 0.2419110984375 0.326038215625 0.23992431406249998 0.3128236640625 0.256130175 0.30974809375 0.2908210296875 0.319724609375 0.339339465625
0 0.20030755781249998 0.4270845515625 0.19030806875 0.42647292812500004 0.18711075 0.4415746203125 0.189598825 0.4666442703125 0.20678685937500002 0.502484953125 0.2127821078125 0.515799790625 0.22487407343750002 0.5236706625 0.2360641453125 0.516384875 0.234861621875 0.496175996875 0.229062815625 0.47686054375 0.2240432625 0.4650596078125 0.2196710953125 0.4548363796875 0.2110770765625 0.43691603749999997 0.20030755781249998 0.4270845515625
0 0.263912075 0.4913809359375 0.26540600468750003 0.5183473796875 0.280311634375 0.5214124515624999 0.290142359375 0.5229086578125 0.299381046875 0.5125950796875001 0.2972120546875 0.48916695624999995 0.29189186875 0.47231379687499997 0.2819569546875 0.45976475624999996 0.2735805421875 0.462244740625 0.2668087609375 0.47122702812500006 0.263912075 0.4913809359375
0 0.28364353593749997 0.542059203125 0.276608021875 0.5391678843750001 0.2731192984375 0.5475120078125 0.2730916234375 0.5526280453125 0.27761410625 0.56537738125 0.2839561078125 0.5752177125 0.29913469375 0.5884510374999999 0.30558739375 0.577827221875 0.3038877984375 0.558566740625 0.3010068453125 0.5454983234374999 0.2933054953125 0.5444399859375 0.28364353593749997 0.542059203125
0 0.196050453125 0.5471607046875 0.192887315625 0.5256293796875 0.1846400546875 0.504234528125 0.1744902484375 0.5010967921875 0.1666570328125 0.49410165624999997 0.14981846875 0.4845980984375 0.147136675 0.495340703125 0.14528947812499998 0.50336574375 0.139803246875 0.5172088015625 0.1464089796875 0.53892273125 0.1535763578125 0.547750846875 0.1619435453125 0.546976209375 0.17173736875 0.55529379375 0.188585159375 0.56309200625 0.196050453125 0.5471607046875
0 0.290912690625 0.633096471875 0.289309890625 0.6263111828125 0.28622184375000004 0.616266171875 0.28279876875 0.6176412328125 0.2793526375 0.623278884375 0.2809554390625 0.630064175 0.28555947656249997 0.637685453125 0.28922534375 0.641940671875 0.290912690625 0.633096471875
0 0.3054763171875 0.6660754343749999 0.308891634375 0.6686343609375001 0.309236296875 0.668754315625 0.3111509078125 0.663693753125 0.3109958578125 0.66201901875 0.3105260984375 0.6578481515625 0.3093147703125 0.6542476453125 0.307108528125 0.65254540625 0.3044708125 0.6547629984375 0.303776765625 0.6617173984375 0.3054763171875 0.6660754343749999
0 0.23203115625 0.6522213359375 0.23049126874999998 0.648684696875 0.227087546875 0.6408219546875 0.2229007109375 0.6412095765625 0.2203382140625 0.6446912015625 0.219723996875 0.6520562984375 0.2217474921875 0.6572038046875 0.22589739999999997 0.66364285 0.22968969218750002 0.6603483984375 0.23203115625 0.6522213359375
0 0.1657348015625 0.6717424265624999 0.1687841859375 0.683830778125 0.171000325 0.6943319812500001 0.17500274531249999 0.7014250109375 0.180449625 0.7060508734375001 0.1841907296875 0.699201771875 0.1864480953125 0.6865191703125 0.18811792656249998 0.67351349375 0.18239552812499998 0.6575719328125 0.175368796875 0.64931765 0.1686994921875 0.6528004265625 0.1670438671875 0.6631796671875 0.1657348015625 0.6717424265624999
0 0.1761209828125 0.7125769046875 0.1704771453125 0.713236675 0.169750878125 0.7229979906249999 0.1697366703125 0.7256244234375 0.1713652765625 0.7358025546875 0.1737689015625 0.7427690796875 0.17610956718749998 0.7458123343749999 0.1799183703125 0.7420110249999999 0.1834956671875 0.734319203125 0.1805566 0.7173993375000001 0.1761209828125 0.7125769046875
0 0.27716682656249997 0.8166855578125001 0.2818372890625 0.8092185265625 0.27976127968750003 0.8039374328125 0.27761757187499997 0.7956085468749999 0.2751557234375 0.78384326875 0.2725646109375 0.78041141875 0.26818721874999996 0.7803877406249999 0.261450215625 0.7808227203125 0.25969847968750004 0.7934070375 0.26691882968749997 0.8125556625 0.27716682656249997 0.8166855578125001
0 0.30528098125 0.7705537671875 0.3076784734375 0.7630912765625 0.30766287187499997 0.7504132171875 0.30352505937499996 0.7372245953125 0.29655655468750003 0.73376906875 0.2900557921875 0.737219084375 0.29040848124999996 0.74983161875 0.30148164843749997 0.7726041203125 0.30528098125 0.7705537671875
0 0.22966544375 0.86746040625 0.235337696875 0.861547759375 0.238847296875 0.8508081437499999 0.23519617187500003 0.8410231546875 0.227594721875 0.8145148656250001 0.2176776765625 0.7958904265625 0.21219764687499998 0.7973929156249999 0.20860140624999998 0.8085866546875 0.20736950781250002 0.8184462484375 0.2043560640625 0.8308385359375 0.20527734375 0.8472760625 0.2128679296875 0.8602308109375001 0.22005846875 0.8693278125000001 0.22966544375 0.86746040625
0 0.2631504375 0.15407008125 0.2684003171875 0.1606231296875 0.2724602359375 0.15131375 0.2698891234375 0.13808652187499998 0.26618745625 0.131705878125 0.2604532703125 0.13045376875 0.260084765625 0.148039159375 0.2631504375 0.15407008125
0 0.28624252656250004 0.43358838281249995 0.29270136562500004 0.435646328125 0.2952966 0.42756834843749997 0.2951807984375 0.4152838859375 0.291281309375 0.41178176874999994 0.28553687031249997 0.41242502812500004 0.2828222171875 0.4257330171875 0.28624252656250004 0.43358838281249995
0 0.3122962109375 0.43515088906250005 0.308782115625 0.4277870984375 0.30942836093750004 0.42624144375000006 0.3062432734375 0.42544053125000003 0.30266253593750003 0.43039665625 0.3021782296875 0.4356975921875 0.302773209375 0.4436288015625 0.30783039218749997 0.45211268281250006 0.31256369687499996 0.45308600156249995 0.3141580515625 0.44472922812500004 0.3122962109375 0.43515088906250005
0 0.2578701734375 0.29002875625 0.26855863750000003 0.2980570421875 0.284613759375 0.3001521984375 0.28700539062499997 0.28729941875 0.28552301406249997 0.2712877046875 0.273998084375 0.24386217812500002 0.260647996875 0.2405892234375 0.234191334375 0.24703586406250003 0.2219837390625 0.2529947515625 0.2258739484375 0.2763623625 0.2215982734375 0.2778454640625 0.2106641203125 0.2920327453125 0.2088485109375 0.302817575 0.20520919375000002 0.31428289375 0.201543396875 0.33064331875 0.19680499375 0.3364543296875 0.1906092421875 0.3448305984375 0.191149234375 0.3610254953125 0.20108731875000002 0.3685476453125 0.211444725 0.36816435625 0.219237596875 0.354587678125 0.22620065312499998 0.35519018125 0.23183658281250002 0.3690905390625 0.2393837625 0.377729428125 0.24694859687499998 0.38310491562500004 0.26366728125 0.37855114375 0.26898170781249997 0.37067218125 0.27111144375 0.3598262921875 0.2690184640625 0.3406732953125 0.2639843109375 0.331545921875 0.2596917078125 0.32455638750000004 0.24958809531249998 0.312828446875 0.2465350765625 0.2971220328125 0.2578701734375 0.29002875625