0 0.6657464953125001 0.08454625625 0.6806113546875 0.0860795734375 0.690301440625 0.08654808593749999 0.6974613359374999 0.083635840625 0.6962541109375 0.078201071875 0.6885518390625001 0.07017137031250001 0.675891475 0.06581205625 0.6621275171875001 0.064657809375 0.6515572484375001 0.0631692125 0.6414257250000001 0.06398272656250001 0.6345955609375 0.0677255203125 0.6411969328125 0.07537615156250001 0.6459302703125 0.0777229828125 0.6550672140625 0.0815860984375 0.6657464953125001 0.08454625625
0 0.655371375 0.1164659484375 0.67166686875 0.11920888593750001 0.679155153125 0.11891925625 0.681801084375 0.114811234375 0.678502415625 0.1082978171875 0.6690370875 0.10181208593749999 0.6591289765624999 0.0984004484375 0.6528532984375001 0.096956571875 0.64107176875 0.0954094125 0.6336925015625 0.0971706015625 0.6310452234375 0.10307069375 0.643262809375 0.11050410156249998 0.6484362359375 0.1133609765625 0.655371375 0.1164659484375
0 0.5720272390625001 0.3889136203125 0.5797375859375 0.3861909109375 0.582056475 0.3776682015625 0.574903309375 0.37162010625 0.563011421875 0.3703934515625 0.56135065 0.382369325 0.5634407453125 0.385240040625 0.5720272390625001 0.3889136203125
0 0.5627476390624999 0.42838065781249995 0.5680435390625 0.41478840781250004 0.563202534375 0.40917794531249996 0.5529633453125 0.4067278296875 0.5451426374999999 0.409771046875 0.539631403125 0.41683603593749996 0.540506203125 0.4250243921875 0.5469999046875 0.42941139375 0.5582309828125 0.43076901875000007 0.5627476390624999 0.42838065781249995
0 0.49273544375 0.6907201234375 0.506391734375 0.6886107406249999 0.510911084375 0.68263824375 0.512236740625 0.6770000953124999 0.5013421234375001 0.667512675 0.4928606078125 0.6706868640625 0.4822903375 0.6691982671875001 0.480532665625 0.6635739609375 0.47349120312500004 0.655413290625 0.4657862375 0.650967725 0.45708938593750004 0.6476146546875 0.44806145624999993 0.6452231 0.445632209375 0.654066315625 0.447718265625 0.6623132375 0.44551107968750003 0.6687233703125 0.4446268625 0.6730794921875 0.44572238124999997 0.6806268359375001 0.454088153125 0.6849414281249999 0.46851157656250003 0.6877567734375 0.47478725156249996 0.6892006484375 0.4787507671875 0.6902068890625 0.49273544375 0.6907201234375
0 0.45956170781249994 0.728054359375 0.47409683593749996 0.728757128125 0.48158781250000005 0.7248833625 0.48533868125 0.71577820625 0.48005893125 0.7078656343749999 0.4741156765625 0.7036681687499999 0.4562791921875 0.70003611875 0.44372380156249996 0.702524571875 0.44053011093750005 0.702858921875 0.43458416718750004 0.7022455953125 0.42775534843749996 0.704196321875 0.425658521875 0.710285946875 0.43027881093750003 0.7165374234375 0.43864458281249996 0.720852015625 0.4432675625 0.723519353125 0.44943153281250003 0.7270758046875 0.45956170781249994 0.728054359375
0 0.4625118046875 0.7588261875 0.47462844843749996 0.7540356234375001 0.479036090625 0.7501757 0.47606849999999995 0.7427007640625 0.463628853125 0.737700434375 0.45140723437499997 0.7356432328125 0.44204688125 0.7360052671874999 0.4332342859375 0.740140978125 0.42926673437499996 0.7445109421875 0.4308050375 0.7489841921875 0.4437951359375 0.7541740531250001 0.45161180156249997 0.7565070421875 0.4566762171875 0.757892353125 0.4625118046875 0.7588261875
0 0.464482121875 0.774561890625 0.4694388703125 0.772683571875 0.4700996796875 0.7725526015625 0.4679019140625 0.766418253125 0.46008524375000004 0.764085265625 0.45138704843750005 0.7625242625 0.4425757984375 0.7648678999999999 0.4415839109375 0.7659603921875 0.44378033125 0.77388680625 0.4501650203125 0.7768022453125 0.45721186718749995 0.7777946421874999 0.4618375375 0.77687784375 0.464482121875 0.774561890625
0 0.645214465625 0.16251124687500001 0.6543761375 0.16189732343750002 0.6615493531250001 0.1629540578125 0.6686053421875 0.16161509062499999 0.669413728125 0.1510588890625 0.6635872640625 0.1419866625 0.646582890625 0.1380158578125 0.6370139734375 0.137076353125 0.628549565625 0.1384014296875 0.6208579796875 0.147058625 0.62223861875 0.1498893546875 0.62354980625 0.1597621796875 0.6213746703125 0.166079234375 0.6187783984374999 0.17225127812500002 0.6104034375 0.1787888953125 0.5979282328125 0.17260906874999998 0.59103114375 0.1721184796875 0.5837884765625 0.17810384375 0.5891938046874999 0.187031059375 0.5997361140625 0.1892478671875 0.610320096875 0.1872394140625 0.615808765625 0.1877161125 0.62196691875 0.191720803125 0.6313630484375 0.1958982859375 0.6474357000000001 0.19436653125 0.6571435218749999 0.181221840625 0.654396134375 0.1741519640625 0.6444616390625 0.16743376875 0.645214465625 0.16251124687500001
0 0.5118505671875 0.6168640140625 0.5066935875 0.611319784375 0.49889255625000006 0.602509796875 0.5073708546875 0.5997762984375 0.5172159015625 0.6012819515625 0.5172714625 0.595648271875 0.5135506828125 0.5873010937500001 0.507958675 0.583020275 0.502090540625 0.5781733078125 0.4961946234375 0.57614318125 0.49268052031250004 0.5754042453125 0.4898359 0.5781933031250001 0.4878335546875 0.58127238125 0.4863834640625 0.5854837484375001 0.489130853125 0.5925536265625 0.490380371875 0.5943970734375 0.4844427859375 0.59659220625 0.47851908906249996 0.59737891875 0.472947078125 0.6053527375 0.47452050312500005 0.61720013125 0.4769639828125 0.626520703125 0.4846477828125 0.6329349875 0.49430615 0.6390870343749999 0.50191439375 0.6388803578125 0.5061952140625 0.63328835 0.5126511687499999 0.621379290625 0.5118505671875 0.6168640140625
0 0.3344967421875 0.9465951578125 0.3268206765625 0.9543332812499999 0.3306762265625 0.9649681390625 0.346347109375 0.9714379750000001 0.42050484218750006 0.9951826671875 0.4278186578125 0.9916154828125 0.4346342734375 0.9842970281250001 0.43553694531250003 0.9795962265625 0.433008375 0.97550381875 0.42855963125 0.9707502390625 0.4243992484375 0.9693177046875 0.4147983671875 0.96601185625 0.40744824687500003 0.9624070890624999 0.3958064375 0.9598303843749999 0.38576477656249997 0.9578046515624999 0.378372434375 0.95848101875 0.3657705375 0.9555737265625 0.3558707375 0.9500171156249999 0.3512906859375 0.9477241328125 0.344680265625 0.9450900109375 0.3344967421875 0.9465951578125
0 0.4153502546875 0.9410057015625 0.4265918 0.927726890625 0.431800734375 0.919516546875 0.434530775 0.917121934375 0.4422388265625 0.9154886328125 0.4508407859375 0.9098757328125 0.4623115578125 0.9166836984375 0.475158309375 0.9139615296875 0.47217094687500005 0.8991179562499999 0.45524009374999996 0.8970992156250001 0.438498025 0.8903817046875 0.41729428437499994 0.8883208218749999 0.4038469125 0.894170821875 0.3964259734375 0.8811352859375001 0.3970063734375 0.86561468125 0.4066629328125 0.854172003125 0.42156886875 0.8593045281249999 0.43544212499999996 0.8536011734375 0.44093030000000005 0.8459633562500001 0.4451548703125 0.8364613125 0.44642634687499994 0.823084175 0.43982908125 0.8131905171874999 0.42708065937499995 0.80594261875 0.4163009640625 0.8012781171875 0.40566791249999995 0.7961877328125 0.3904686890625 0.7919069750000001 0.380721675 0.7980783546875 0.3761757234375 0.8112807562500001 0.3827308484375 0.8254473000000001 0.3866542609375 0.8320383890624999 0.38361688437499997 0.8367090656249999 0.37678869531250003 0.8357870625 0.370093103125 0.8358634734375 0.366370825 0.8522077515625 0.36687311875 0.8590499875000001 0.3602539359375 0.8658219890625001 0.35282512499999996 0.8680278187500001 0.346471134375 0.8767966421875 0.3295885984375 0.8843220859375001 0.32514715 0.9013714875 0.3303060703125 0.9126753953125 0.3346834609375 0.9165645359375001 0.344659703125 0.930479934375 0.34988885937499997 0.9346623640624999 0.358950971875 0.9401645859375 0.3715808453125 0.9449897765624999 0.39833512187500003 0.9475327312499999 0.4029012953125 0.9467231046875 0.4153502546875 0.9410057015625
0 0.538999190625 0.482755421875 0.5434594859375 0.485655984375 0.5502102921875001 0.48388619374999997 0.5534460609375 0.4764706109375 0.550131021875 0.471234871875 0.540055115625 0.46878902968749997 0.536614928125 0.465898528125 0.5401356015625 0.46062818437499997 0.5397657890625001 0.45674775937499995 0.531225071875 0.4538069546875 0.52366421875 0.4549566328125 0.5191334984375 0.459196809375 0.518253028125 0.46571743750000005 0.5211580109375 0.471153171875 0.52592333125 0.4741587625 0.5344640484375 0.4770995671875 0.5364841390625 0.47915989999999997 0.538999190625 0.482755421875
0 0.5082583828125 0.527443278125 0.5048829796875001 0.5283281718749999 0.5018572671875 0.535133703125 0.501217034375 0.5379839625 0.509527571875 0.54357503125 0.5077521453125 0.547740359375 0.507491784375 0.5534509390625 0.5091967875 0.5564263484375 0.5071263953125 0.5594665437499999 0.50484594375 0.563116790625 0.5041107421875 0.56525196875 0.507235846875 0.569057546875 0.5133262984375 0.5721782281250001 0.518816759375 0.5740687453125 0.5227921515625 0.5744140125 0.5280379515625 0.57007886875 0.5285083703125 0.5637582375 0.528928484375 0.5625381359375 0.536109465625 0.5585281390625 0.5385150671875001 0.5525326546875 0.540405584375 0.5470421937500001 0.5429162125 0.540741684375 0.543366509375 0.5364612656250001 0.5375911437500001 0.5324255078125 0.5325654640625 0.535130496875 0.5275743859375 0.544671196875 0.52285373125 0.5474812140624999 0.5190883953125 0.5465258953125 0.5161632890625001 0.5431303703125 0.5166035250000001 0.5398700578125 0.5171789718750001 0.5332444015625 0.5152639125 0.53087904375 0.5082583828125 0.527443278125